,rf_score,linear_score,gs_rf_score,gs_linear_score,rf_with_linear_top_features_score,linear_with_rf_top_features_score,rf_rmse,linear_rmse,gs_rf_rmse,gs_linear_rmse,rf_with_linear_top_features_rmse,linear_with_rf_top_features_rmse,rf_top_feature_num,linear_top_feature_num,test_var,test_std
YLR087C,0.7757878413596557,0.7433708977468284,0.7150003914231688,0.46349835431014885,0.7203501166113042,0.658896655181385,0.028961048557021935,0.03098401214073967,0.03265177788824676,0.04479919715023438,0.03234387300302462,0.03572133578917021,7,10,0.0038064711408995994,0.06169660558652801
YBR068C,0.8413926107230437,0.7571879757785088,0.8462916295205305,0.7082401706833796,0.8196812844808168,0.6230463259379717,0.13337605113746095,0.16502557003987672,0.13130005441407644,0.1808959713329533,0.14221209993880904,0.2056175296704308,7,9,0.11412621958622318,0.3378257236893354
YGL253W,0.9034352571278417,0.9162308755550205,0.8784360928950002,0.41134422035673934,0.9429637597935919,0.733662240041798,0.25050445229878776,0.23331794521815988,0.2810661080074372,0.6184959514157673,0.19252254744930108,0.41602796677066955,5,8,0.66124963868758,0.8131725762023582
YPL193W,0.7946732842309518,0.8084223393552539,0.7835909426610101,0.6720251510579525,0.6920228849563368,0.5851452281984284,0.024746486242370677,0.023903596253365994,0.02540554573745536,0.03127599119233242,0.030307494499834105,0.03517538477141835,7,10,0.0030348327461028656,0.05508931607946196
YPL211W,0.7133523407894544,0.004216045258099599,0.639235742770472,0.20005180498081565,0.4830894728435363,0.38018487887348207,0.041614220765330695,0.07756220178277656,0.04668521020255919,0.0695181967605458,0.05588242647971764,0.061192563973852726,8,8,0.00614735469108194,0.0784050680191143
YDL171C,0.7531365661936119,0.6332976062362485,0.7837138172501363,0.6315205915426314,0.5927059464892621,0.28443725324974745,0.059334807308107154,0.07231660443013921,0.05553867844568071,0.07249161332302766,0.0762140759125736,0.10101945350643775,7,9,0.014511604877859933,0.12046412278292626
YIL007C,0.6924119099559856,0.7423001615059963,0.7010503647759649,0.7075039874012102,0.7351061047780296,0.5990106884737693,0.08515572154799807,0.0779446208259949,0.08395142831168736,0.08304032696651892,0.07902509931521089,0.09722892270038089,6,9,0.023988952743198913,0.15488367487633714
YFR041C,0.790130844901643,0.8048923486751511,0.7820499391398609,0.7412125146684625,0.7458080263572604,0.5978030795111577,0.028346646705447183,0.027331567163941695,0.02888722879849938,0.03147741205110934,0.031196674420341367,0.03924160432187689,8,9,0.003895900940510919,0.062417152614573174
YBR247C,0.7626523683518632,0.5988783827244253,0.7786819970331966,0.6068094154465102,0.6840389111428101,0.585257698336747,0.028569074487013336,0.03713998755999909,0.027587483822548147,0.036770985951435776,0.03296252870652796,0.037765295467466584,8,9,0.0034991340316784633,0.05915347861012456
YLL055W,0.6469181558634217,0.8410523757852016,0.6170893031606663,0.7299431110963974,0.7075865290794001,0.8145790082831289,0.2507520758290906,0.1682417837867111,0.26112929321202494,0.21929790054581486,0.22819468865867387,0.18171312351013624,6,7,0.1812036016653379,0.4256801635798148
YDR231C,0.5551846759649963,0.5287060415189757,0.5877314547001319,0.6252648596552546,0.5426621662827815,0.5271309750335693,0.04706404252813083,0.048444591025258534,0.04530951965189481,0.043197793876052326,0.04772192158253342,0.048525474521683966,6,9,0.00506701107002824,0.07118294086386316
YNL294C,0.7306721472390305,0.678091841216145,0.7475429722673455,0.526423978632699,0.6954217949116422,0.6070488022904037,0.036566099156804636,0.03997642838253364,0.03540232059945861,0.04848784141281332,0.03888547512516629,0.04416795652989433,7,9,0.005051602092291711,0.07107462340590846
YCL057C-A,0.6807624292993127,0.6747239761309312,0.7075047913609094,0.6603823857049163,0.7196204162689728,0.5580111311353992,0.19018706510114486,0.19197735518758352,0.1820469285846121,0.19616389734182987,0.17823671581526193,0.22378431519483805,7,9,0.11529250989765776,0.33954750757096974
YPL031C,0.6307924890242296,0.5841128316543229,0.6328431081663266,0.6718727176927959,0.6071085450779732,0.540008404656009,0.03743130038340548,0.0397271501431173,0.037327206864878004,0.03528749438103245,0.038613213196262534,0.04178059298429645,6,9,0.0038614680016251512,0.06214071130607656
YDL047W,0.4456187213440317,0.3463107331299986,0.4502818078919325,0.31339712644116813,0.38447381680598836,-0.06190277236030206,0.030767104249483774,0.03340934969381475,0.030637434792860786,0.0342401101802807,0.03241944763118854,0.042581869288457815,8,9,0.0017374720548659452,0.041682994792432385
YBR073W,0.7675476297494357,0.6969030928259283,0.6953915553951433,0.5231121761141375,0.5988271202071288,0.5742703337616745,0.02366571840204019,0.027023615655253973,0.02709091493508383,0.03389696540116399,0.03108983993565385,0.032027250766822495,7,9,0.002451650418361285,0.049514143619387024
YDR510W,0.6610494633091561,0.6519547489762771,0.6205498751706549,0.6658497396383081,0.6382493743645725,0.3887073310170803,0.25974750817692194,0.2632092108947107,0.2748277466387914,0.2579016549030084,0.2683415181291008,0.3488251749677988,9,9,0.2025440976460273,0.45004899471727217
YHL014C,0.811921560602388,0.7970948234869477,0.7725204914461293,0.7691603813890899,0.7377848123777075,0.6392409199955652,0.0242225333172769,0.025159187927693463,0.026639201098837356,0.0268352243045202,0.028600852416319576,0.03354738640811295,7,10,0.0031743385932231478,0.05634126900614813
YDL141W,0.7979567507340249,0.7733305355383592,0.776517998119981,0.6568419011075467,0.7474152600660249,0.18712089652577757,0.02301890366967687,0.024381418699404887,0.024209384041557622,0.029999194235941527,0.025737479740955065,0.046171655121475336,7,10,0.0026685667139555135,0.051658171802295844
YDR496C,0.7157491560637368,-0.37635829971504053,0.6923576050450997,-0.19726506302731717,0.11722905008352347,0.1175173534615831,0.03759575861305646,0.08272822840508705,0.039112093542155536,0.07715838448643696,0.06625398234463853,0.0662431625466257,8,7,0.005059750245429329,0.07113192142371334
YJR112W,0.8050113590218922,0.8081517278342668,0.8093397011087998,0.7979955944380117,0.7517063717620005,0.6537467212615997,0.02870954708188908,0.02847741938309899,0.028389112756248724,0.029221473098141645,0.032396975865879515,0.038257680175483984,7,8,0.004301268047577076,0.06558405330243837
YDR093W,0.7475417980395338,0.731687474641712,0.634194120076573,0.5164116724928942,0.7615536161842817,0.653016475089982,0.02839516074143327,0.02927319074006763,0.03418022601288247,0.03929954243762134,0.02759592521633155,0.03328925043776866,8,9,0.0032497676872112204,0.057006733700600845
YKR083C,0.8696358574064629,0.8472673341320083,0.8397333157822946,0.7529334340710288,0.8560267253663558,0.7632356278097081,0.021301865297305905,0.023057091544990346,0.023618928077951365,0.029325508212673584,0.02238615462149734,0.02870758989133151,8,10,0.0035418507249631538,0.05951344995010081
YDL022W,0.7566424935965826,0.4482516039254135,0.7352379322939376,0.40918301242790334,0.7205427029236817,0.4089990008522353,0.15385987434997653,0.23167199566294064,0.16048368284672362,0.2397339201540143,0.16487724696577977,0.23977125014198764,7,8,0.09898266398569977,0.31461510450978
YCR060W,0.5882038263950281,0.6643158659751355,0.6004595130568622,0.6511992491808949,0.563752474597366,0.6415148287961041,0.05836779067351472,0.052698409616623636,0.05749267272654847,0.053718120232357024,0.06007566537630426,0.054458753828326045,6,9,0.00841816319238743,0.09175054873071567
YGL030W,0.9507953176155952,0.8096286696063117,0.9363314941542666,0.6195611631394624,0.9634442836823867,0.8568495346962306,0.3713003406099708,0.7303363281337212,0.42236163292788237,1.0324393621549885,0.3200366976637067,0.6333131609424105,5,9,2.8510012016072928,1.6884908058995443
YGR270W,0.9193909237053547,0.8259347979158369,0.8688387932876335,0.6180655875922381,0.864038020606829,0.8074908666075186,0.023057073393098936,0.03388193375549955,0.029411346758746376,0.050188776060173135,0.029944767744717916,0.03563180961249475,7,9,0.006710850396154092,0.0819197802496692
YLR310C,0.8067103785366873,0.48527723034517734,0.7351937547339332,0.0490231172506399,0.817967154079287,0.7126230176842423,0.02383247199544896,0.038891215239374936,0.02789516504484537,0.05286275626529191,0.02312808650678438,0.029059679063302504,7,8,0.0029900798416463703,0.05468162252207199
YDR099W,0.7507469023509376,0.7736041986504986,0.7831534245890848,0.7713735484657863,0.7426126428570381,0.5340604050205069,0.6198669886616806,0.5907618072361325,0.5781686112783373,0.5936650254746715,0.6299003236805025,0.8475064949579659,7,9,1.5685905358837098,1.2524338449130596
YLL002W,0.8217451589993205,0.8176898646444402,0.8064781748506197,0.31026765302988146,0.7776013200114369,0.6948418823039407,0.02354289813912936,0.023809192359214523,0.02453037755828491,0.04631050896186998,0.026296948730081402,0.03080361741225825,7,10,0.0031639648637278865,0.056249132115330336
YOR217W,0.7290092503224999,0.6979783403999771,0.6405295601402408,0.5056131724349837,0.706572124788307,0.5283957612289134,0.023201043298311966,0.024493414168098637,0.02672156395810556,0.031337455251825595,0.0241424291609684,0.03060688496868897,7,10,0.002021220529114233,0.04495798626622675
YDR390C,0.6997117567309148,0.7035891232775189,0.7005115007833176,0.5520982566797865,0.6454083278555107,0.5379184443065494,0.026716479584289028,0.026543435594082496,0.026680879471550754,0.03262882559794494,0.02903182464535702,0.03314128801970817,7,10,0.002418651356806916,0.0491797860589787
YPR159W,0.38222959184618766,0.23780878322211085,0.3957254170594081,0.3812701055898061,0.3881194718441435,0.44177775948997433,0.21183296746242475,0.2352946049146288,0.20950633667758428,0.2119974071636779,0.21082073148042882,0.201364805606416,6,8,0.07391169070445636,0.27186704600678685
YOR126C,0.8266444611738019,0.8212348308643986,0.8138946630228681,0.7296336504420529,0.8381857329299119,0.6786624665643245,0.026109990333121863,0.02651424725946347,0.0270531140709998,0.032607249650893504,0.02522587591658129,0.035548278814656546,7,10,0.004001555435247333,0.06325784880350685
YJL101C,0.8112276874764196,0.8645822724777368,0.8152173227803425,0.7203548396450548,0.8359188051715423,0.8629200715577697,0.09843395856145312,0.08337072218037057,0.09738822047691925,0.1198062449891202,0.09177094581325754,0.08388083349640314,6,7,0.052228162099584724,0.22853481594624642
YLR293C,0.8956406572604535,0.7069191321917678,0.7543163653285152,0.7263820395856899,0.9267349339265979,0.7784678511343998,0.1504281024410143,0.25209082756534734,0.23080830083033063,0.2435766259073072,0.1260409832236459,0.21917029372408836,5,9,0.22063771798190202,0.46972089370380576
YKL052C,0.8387213736459393,0.9118554799201779,0.779845434830806,0.8107658007639224,0.8408741970535636,0.7068785873025336,0.027258290814395323,0.020151522857340603,0.031847405711237946,0.02952636785539614,0.027075751331017764,0.03674802348724135,7,9,0.004687848451357562,0.0684678643697725
YMR139W,0.8427433791865016,0.8759776023591099,0.8113507113941689,0.8092241598612013,0.8407121220225934,0.8110724071793243,0.0451525720647617,0.04009849625931232,0.049454476702077865,0.04973243369123281,0.04544325048235901,0.049490942031614506,6,9,0.01319195580301531,0.11485623972172913
YPR189W,0.8109721880777601,0.788269613037188,0.7512055488993391,0.5719019861051379,0.7664556310929995,0.5845577775672786,0.02362649395060608,0.02500506693168453,0.02710545929879652,0.03555560167798502,0.02626159659810112,0.035026096687954165,6,10,0.003004872086583416,0.05481671356970806
YOR086C,0.8678321743901238,0.7417004447503339,0.8261276952552689,0.7328779228186137,0.8858243515655111,0.6924094841183431,0.035119785385100424,0.049096531285718815,0.04028136567296617,0.049927965826147176,0.03264192210686986,0.05357663717855195,6,8,0.00949578995010376,0.09744634395452587
YKL028W,0.5215661230405518,0.32505596800088854,0.4669742678013945,0.29911133082885333,0.47030940178169667,0.28977567518990177,0.02397350197043817,0.028474387960725787,0.02530431614424695,0.029016500701433693,0.02522502756021324,0.029209107593573726,8,9,0.0012223460466246454,0.034962065823183924
YHR136C,0.7259796068633189,0.8418720076068612,0.6924463078833034,0.8115092287407076,0.7633765195355541,0.5927400840379459,0.08889009450199463,0.06752526604296272,0.09417213095558845,0.07372367418206793,0.08260205356070385,0.10836717675729597,8,8,0.02934114034023568,0.17129255774912022
YER118C,0.61155673690293,0.7048589359704256,0.5516269341707306,0.5762981703382246,0.5646335216047769,0.4450937268983489,0.027351581311307323,0.023841493768034055,0.029385859720121543,0.028565959270892317,0.02895650462047807,0.032691019160950935,8,10,0.0019597037504576103,0.04426854131838557
YMR060C,0.7535810809551733,0.7952318269616043,0.7652909077401349,0.6185214675484907,0.7050436374606713,-0.16733750904806155,0.02538960208958892,0.023144622320723767,0.02477900295211561,0.03159031250337902,0.027777794132226474,0.055260790198511545,7,10,0.002661894745292321,0.05159355333074396
YDR484W,0.800768209675172,0.8135011246700478,0.7617620187603895,0.6695912552669226,0.7694268222281784,0.6786761369293106,0.026402107359689505,0.025544498596045788,0.02887119593422524,0.034000479389216916,0.02840296420269048,0.03352978461693108,7,10,0.003560177783152198,0.05966722536830582
YDL208W,0.8696346015085517,0.5790027722028974,0.8369376116764411,0.5410917175578247,0.8352107928330534,0.8036567027701675,0.08656703464026107,0.1555646767080828,0.0968162533905266,0.16241806073297116,0.09732754187252794,0.10623788416320194,5,9,0.05849192081146652,0.24185103020551002
YBR214W,0.7248068718467273,0.10117705867396332,0.7143192537485387,0.3657453107074333,0.5927175718300604,0.5938051984411725,0.11327453452235138,0.20471542536273638,0.11541280056066296,0.17196708797743265,0.1378038433995629,0.13761972138525688,8,9,0.04744387198291179,0.21781614261324111
YMR190C,0.7947466367232023,0.9046334794058909,0.8521181344419768,0.8107978435574729,0.8659149745795445,0.7630136891131922,0.03119385497259477,0.021262869637172013,0.026477767718606597,0.029949318787439293,0.02521239177065324,0.03351857430145948,6,9,0.004823929510609035,0.069454513968561
YDR503C,0.750090049750397,0.6727077042992207,0.6237833758773657,0.46303979299729714,0.6766491579457956,0.626293290018897,0.02830346153191209,0.032390352202782996,0.034726960277973964,0.04148764949737959,0.03219472926793674,0.034610926663316145,8,10,0.0032617351693253853,0.05711160275570443
YOR099W,0.7910850511359453,0.7699572366671618,0.6933503636108782,0.627322345547529,0.8148765575388325,0.7022797752086668,0.10389135008236453,0.10901817799690779,0.12586815277149543,0.13875904695313684,0.09779695669368353,0.12402202001653616,6,8,0.05257053551135519,0.2292826541876973
YDR494W,0.7478996712146404,0.36229699657976255,0.7514252357714851,0.4887631331206099,0.5276270657552564,0.21325561564846962,0.04160313050376658,0.06616808051929408,0.041311201209758536,0.059244820420247965,0.05694843686438072,0.07349471852322664,7,8,0.00698605094075984,0.08358259950946632
YHR072W,0.9127175045390898,0.9139029655424726,0.916771845903918,0.8613240717641798,0.9251654573982846,0.8427068111251672,0.031153838930631304,0.030941551688721158,0.030421675131369015,0.03926888171168665,0.028846893238446452,0.04182182221913272,6,7,0.011314858412300796,0.10637132326102179
YDR518W,0.791534931758613,0.7596571173970068,0.748598688313626,0.6065685487689723,0.7341439612654334,0.7791610428705351,0.03268780441095634,0.03509819135448974,0.035896563510975366,0.04490592451407022,0.03691410721759471,0.033643947636732216,8,8,0.005215444725779198,0.072218036014414
YNL131W,0.8860886957455444,0.851076765896604,0.8255494578140159,0.4976156817396271,0.8782471146297837,0.6087972807721502,0.06745302908773866,0.07712572764793771,0.08347457310150198,0.1416563613834045,0.06973610325323498,0.12500258017532093,6,10,0.04064332478455941,0.2016018967781787
YJL126W,0.8227161450014588,0.7776457486581014,0.7486550685675696,0.6154750537073123,0.7634143162058378,0.6456316256630478,0.023921484362228063,0.026790218151828124,0.02848318805536494,0.0352302553876362,0.027634255072418894,0.03382057675263598,7,10,0.003284431438925591,0.05730995933453095
YBR038W,0.7402099063973469,0.6749351315014167,0.7520474178540228,0.5324000467327185,0.6713803825188762,0.3570170780175045,0.026564100628511386,0.029714528354725545,0.025951839175868085,0.03563863429158315,0.029876558298289325,0.04179107497929868,7,9,0.002763890193453987,0.052572713392538405
YGR191W,0.9170257656711045,0.9092327318930586,0.9137761856836223,0.8966500412576541,0.8939156315235405,0.872416929591379,0.024427448215403227,0.02554883530285535,0.024901189311184055,0.027262245749007145,0.02762054045364637,0.030290259873538478,7,7,0.007317556543306998,0.08554271765210057
YHR077C,0.8786160075410395,0.7759158912367541,0.8585479278736237,0.7003046171089462,0.8613073050598871,0.688082367023444,0.023850203756620413,0.03240536475558669,0.025746372101281976,0.03747584299958209,0.025494011550822544,0.038232381223528816,6,6,0.004768435442969266,0.0690538590012844
YPR133C,0.654741188284798,0.6639752282164539,0.6177984554868089,0.44099787995620443,0.6149581892951824,0.44999879330520953,0.027058468846507654,0.026694173524972494,0.028469317164452394,0.0344300425439485,0.028574903824991556,0.03415172565159647,7,10,0.002157817950582877,0.046452319108768694
YFR028C,0.3178770101620134,0.48416390815114496,0.30020040946034665,0.31900857600546095,0.3648037206605127,0.42298439188656034,0.0587090147856737,0.05105394564260947,0.05946484496551111,0.0586602987249489,0.05665358823181078,0.053996701313344705,8,8,0.005141620704519842,0.07170509538742587
YDL088C,0.1593215897039808,0.23481546842434342,0.25481431056064874,0.2137618343121377,0.2677273938820105,0.2326331899361579,0.05110737548138267,0.04875865566171075,0.04811725958705963,0.04942488788325569,0.0476985334032046,0.048828135116138045,8,8,0.003161479732156596,0.056227037376662445
YNL004W,0.5562372928960235,0.4823412820871693,0.5429116829843341,0.46016982939781603,0.3426596683521095,0.26362814136687707,0.03322592546688974,0.03588586769214859,0.033721100996258004,0.0366463109220353,0.04043866643291998,0.04280064136393983,10,9,0.0025313751284067954,0.05031277301448207
YPL226W,0.9111337117634821,0.7571259136112555,0.9203432577424726,0.7356030590988969,0.8388790449788031,0.6386199817401936,0.046469406857567244,0.07682263487892386,0.04399566425318543,0.0801542992502523,0.06257121993035808,0.0937088647071939,6,6,0.024725800178187003,0.15724439633318257
YIR009W,0.7796640340457747,0.7849711733699282,0.7751917827417926,0.7242926040108498,0.7691584781902601,0.6078765481879622,0.030542713920423313,0.03017263714329505,0.03085112591309997,0.03416560658020247,0.0312623694953716,0.040745188932635505,8,10,0.004308072394579212,0.06563590781408613
YGR262C,0.7125400824347562,0.6475268292854408,0.6914549670677378,0.4941733936936752,0.6058760527662499,0.4275336058928254,0.023149596203704704,0.025634084073120664,0.023983582274524365,0.030708288096793847,0.02710635885496171,0.03266854334949974,6,8,0.0018969796907443363,0.04355433033286514
YJR126C,0.818641210055846,0.6560335145393632,0.7732907899374577,0.5271579831152816,0.817975627135104,0.7240502051074051,0.024363878323864566,0.0335532955012578,0.027240288261429494,0.03934007175815363,0.024408544839005196,0.03005329919514038,6,9,0.003330484158573681,0.05771034706682746
YCL028W,0.6510034953240523,0.3730396838100677,0.5938279577893211,0.3945066245232539,0.4399936371002998,0.20018008434244838,0.04330911777508207,0.05804820900836585,0.04672225675253003,0.05704577654130563,0.054861197006075266,0.0655639190408545,6,9,0.005468783549347635,0.07395122412338849
YDL095W,0.814567485022623,0.7864372293484544,0.7364516981745781,0.6411262214063167,0.7987105391419999,0.6654137939086135,0.09427000366164341,0.10116804390010731,0.11238560575282604,0.13114491119570576,0.098218002616347,0.12662941364194624,6,9,0.04876568142703551,0.2208295302423014
YPL214C,0.603177241139877,0.5640555519923489,0.5357571860569736,0.30102747179104605,0.5919763454191243,0.4279197031087586,0.027929761512939234,0.029274165030804822,0.030209360809342344,0.037067986378346594,0.028321197459764257,0.03353493249743174,6,9,0.0020002810492357197,0.04472450166559399
YER007C-A,0.7932419279152353,0.494195952018361,0.8256616456874203,0.5461732155269121,0.7810556649728685,0.5222084431159943,0.025873677901415194,0.04046859071844967,0.023758739809118846,0.038332927909562664,0.026625255667554377,0.03933201226323773,7,9,0.0032946326551600174,0.057398890713671616
YNR038W,0.7675987221768694,0.7641786134739094,0.6827607947614189,0.6616463178206506,0.6965752777959227,0.5385989093606931,0.024735077266811425,0.02491641810046817,0.028899307901201203,0.029845541926074914,0.02826308060006348,0.034852450889121415,9,10,0.0026788054198496653,0.05175717747182187
YEL024W,0.4304443407071966,0.34518864902536506,0.30962317760594593,0.3707577086755234,0.528358311748218,0.3356161219435042,0.1201963085976941,0.12887869916694084,0.13233238678460835,0.12633741782333083,0.10937778819087877,0.12981730440312475,9,8,0.025810666926421512,0.160656985302294
YGL256W,0.7884014347720623,0.792191297771905,0.739604883766342,0.7754662409619028,0.74141299619997,0.6256767669949073,0.02476940933017737,0.02454658928342908,0.02747740457186876,0.02551526683577797,0.0273818406011018,0.032944481935734196,8,8,0.0029503376381583846,0.054317010578256095
YMR133W,0.7641127743001562,0.6908325511606296,0.7094653575992079,0.5693590215869803,0.7334018868689256,0.6727609008924634,0.05475161417741443,0.06268181991110189,0.060763625443906406,0.0739779671217691,0.05820673672018409,0.06448776274825989,7,9,0.012931311404157248,0.11371592414502574
YNL079C,0.7707290665576992,0.8814969107461481,0.7689606316667079,0.5166414876733598,0.8027915425447968,0.5767652592365695,0.23928834957077233,0.17203305066313127,0.2402094279450444,0.34744153920808507,0.22192683664784202,0.32511552553133544,6,10,0.25412491553387423,0.5041080395449712
YEL011W,0.1106668409169771,-1.1067922837368132,0.2350532923557025,-0.48762219540947793,-0.13027679546489246,-0.4561535662726466,0.22895175943484036,0.3523892100717853,0.21233780933470234,0.2961134043532538,0.25810959444092424,0.29296472518935696,6,8,0.05997587919786968,0.24489973294773043
YJL153C,0.6687316366488445,0.668873448558153,0.7054273732307408,0.4776579117143245,0.5746110283077848,0.42766337679994115,0.5936688275827022,0.5935417428210974,0.5598226403872213,0.7454727536675647,0.6727401965859153,0.7803331068664846,7,8,1.0825841564597791,1.0404730445618373
YGR224W,0.7657658683349523,0.8182844848035242,0.7047956161691353,0.6531998323597781,0.6920900962161267,0.5880902716334971,0.03281311316686413,0.028901364793376957,0.036836957081857975,0.03992656941533917,0.03762133268931295,0.04351343530462075,6,9,0.004677328058638589,0.06839099398779483
YIL079C,0.8157867913369975,0.7848214496895503,0.7319112516724009,0.7536557039266714,0.7825310683996534,0.620377977571281,0.023693083905143592,0.025607117686421113,0.028582519095877394,0.02739885817091733,0.025743039271170907,0.03401237103427773,7,9,0.003100812852501473,0.05568494278080452
YGR075C,0.764059014723591,0.7412051177718004,0.6970497966904451,0.5290951750844399,0.6940455672243078,0.6373268249686739,0.025361394611071928,0.02656129706344566,0.02873803446728159,0.035829273922589215,0.028880174438100956,0.031443374937693426,6,10,0.0027739332879519493,0.05266814300838742
YLR100W,0.8638969358588631,0.8639698254297402,0.7892828408617154,0.6546165857582853,0.8604537497092448,0.8325661641581447,0.06477480638134055,0.06475745908584167,0.08059760253168147,0.10318650701127677,0.06558903748699507,0.07184454282886285,6,7,0.03136876943884507,0.17711230741776549
YBR128C,0.833484883134118,0.8757421622316014,0.7974988247131949,0.7299113640131488,0.758181147038962,0.6652589041134138,0.0266320690919868,0.023005939408799213,0.029369181937807878,0.033918077750536055,0.03209394869326486,0.037760052755782696,6,10,0.004334203405869033,0.06583466720405771
YAR008W,0.6592968062761121,0.5811632200077649,0.6307593862942669,0.24477124282245077,0.7370772100257132,0.2129932156047435,0.031401221326216706,0.03481615792868545,0.03268986820876061,0.04675173115397503,0.027584972395022972,0.04772519106504154,7,9,0.002944896345992291,0.05426689917428755
YML034W,0.05597275759825138,0.15065561046572595,0.0014503925276744267,0.1457608830342838,0.1341631933148616,0.07512442192154245,0.1506101337035987,0.14285776181034818,0.1548983362672969,0.1432688113631403,0.1442380865114022,0.14907457722366313,7,8,0.024449895024798003,0.15636462203707718
YBL090W,0.3939020626785589,0.26377381125621524,0.3837434070592126,0.2003800781274524,0.2060730475354582,0.3338435235356533,0.027973369897860673,0.030830389827909293,0.02820682307113357,0.032130330140422214,0.03201574837514386,0.029326586273763097,8,8,0.0013137112171349443,0.03624515439524219
YIL098C,0.6535457728526645,0.5626774716796435,0.6270857454378753,0.4828966436380052,0.565352029773553,0.580809253489091,0.027340100036124356,0.03071695009436623,0.028364926284005363,0.0334014903637488,0.030622877348724667,0.03007343322458346,7,8,0.002195368719354748,0.0468547619709539
YJL200C,0.7560661185439324,0.5708979755668768,0.677570125648515,0.4382566586685185,0.6800255087249948,0.3872987149406498,0.03063396639832447,0.04063005874382471,0.0352196313257321,0.04648749397650628,0.03508527194913927,0.04855026045751444,9,9,0.003914600749354729,0.06256677032862355
YNL168C,0.6587447050858253,0.48658624065160394,0.6566434213287407,0.38484017097079115,0.5716038574219883,0.5784625689442057,0.0371926255615456,0.04561953879025897,0.0373069568616481,0.049935697714442354,0.04167157492386085,0.04133664363526842,7,8,0.00412465297168042,0.06422346122469903
YGR077C,0.6905922614217339,0.6109865624463398,0.6882567967408055,0.480837644707911,0.7235812163311778,0.5662522946489024,0.03848331153727068,0.043150829867106506,0.03862827793598333,0.04984922924643868,0.03637396349098677,0.04556437797851923,7,9,0.004870424768903172,0.06978842861752349
YOR074C,0.6142552333649726,-0.040282121725679465,0.5112554489600573,-1.8772247480702724,0.6011919878546013,-0.7114985532786151,0.03444883352785652,0.05657180905715861,0.03877621937612178,0.09408305109814966,0.03502728184284838,0.07256258864929246,7,10,0.0031304165925050724,0.05595012593824139
YIR030C,0.8247688688071713,0.8321937761831526,0.7741346578294533,0.6836337456060463,0.8024276231598098,0.6440881690978391,0.026142904506438795,0.025583045103778877,0.02968062228972702,0.03512717955366262,0.02775947936308218,0.037257989554268574,7,10,0.003968711653690828,0.0629977114956633
YOR197W,0.34465023087196267,0.29105372870481805,0.32014800700931445,0.16316077862156653,0.41068061218143903,0.37517335216423275,0.05308136467414961,0.05520929044883417,0.0540645623545341,0.05998277000800543,0.05033625126049484,0.051830485374957706,9,8,0.00437485986624838,0.0661427234565404
YBR258C,0.7245439087540053,0.7124935844377478,0.681305091169975,0.5682066554204704,0.6383720912561494,0.5387031892486587,0.02771680924323888,0.02831658087687874,0.029812926229134222,0.03470204068794873,0.03175762473669086,0.03586800888339923,8,9,0.002837835538586933,0.053271338809785254
YDR493W,0.7020831610773786,0.5703316343052048,0.6554069389846378,0.6616016933878286,0.7086687416260296,0.6541882931873095,0.028291317649054966,0.03397600714246229,0.030426984500432738,0.030152251010345653,0.027976874306471625,0.03048073919824456,8,9,0.002733785505108684,0.05228561470527705
YLL008W,0.6873165986458043,-0.2635995917375429,0.7126579806278558,0.0057847661538749096,0.4515531117401632,0.07517650386226016,0.03319735815626094,0.06673533557511262,0.03182370060261118,0.0591958576077639,0.043966146081790045,0.057092694177924674,8,7,0.0035863721904146285,0.05988632724098739
YPR047W,0.7940817557468378,0.7572330206801755,0.7712353097874977,0.642061579250063,0.7680447883650222,0.6173852743371504,0.025989948288791597,0.028219727087258232,0.027393813714671266,0.03426590140375659,0.027584179452416223,0.03542736423790086,6,9,0.003337867877905312,0.05777428388050614
YOR324C,0.8269434951639025,0.8466846936817856,0.7852172406492436,0.7581351196043083,0.7150246210751848,-0.09407218200125711,0.025544875679923387,0.02404377121598868,0.028458338322679622,0.030199255419035145,0.03278034343085429,0.0642292450309521,6,10,0.0038368321151688793,0.06194216750460771
YDL160C,0.4513673273363148,0.4926751731681478,0.4641470953817417,0.30501279027971795,0.4283122071005375,0.3273164891711339,0.061677369759470635,0.05931001980030167,0.06095478527277791,0.06941821100406362,0.06295996393659933,0.06829523475627133,8,8,0.007055424683352784,0.08399657542633976
YPL210C,0.5228391464917841,0.4635502091813738,0.4989290337982786,0.26958473775224046,0.3649150574462514,0.38199149607042415,0.03206338156527289,0.03399706769970371,0.03285689647578884,0.03966996703709575,0.03699072368783331,0.03649002370509723,7,8,0.0021923353052407005,0.04682238038844993
YJL042W,0.7549419739099362,0.5594630953956203,0.6997697869093794,0.5873401159714411,0.6914931692623645,0.5338371932536067,0.03212392217649422,0.04307102900625179,0.03555668766589923,0.04168600012611201,0.036043461432705946,0.044306037382222434,8,9,0.004284906375608907,0.06545919626461133
YPL237W,0.8545049570661681,0.701159704380443,0.8348834638404243,0.6851647271419018,0.8091534210369086,0.7732064755913348,0.1084149913978144,0.15537631593575352,0.11549429331648917,0.15948025913955513,0.12416735526938434,0.13535695198664707,7,7,0.0822022339587326,0.2867093196230855
YBR058C-A,0.6967895971282847,0.6010309636049148,0.42259286709838095,0.04933703963582081,0.6796744464831372,0.5744236758136159,0.17227784304736893,0.19761821530342177,0.2377379148180409,0.30504974310507177,0.17707333610406523,0.20410145771578095,6,9,0.09960196162261331,0.3155977845654391
YKL166C,0.5651685656736575,0.6021816678570346,0.6168947136505514,0.5379593422133297,0.3143202627603575,0.13695680892119133,0.029562161364469625,0.028276009139317083,0.027748198306211246,0.030473042260804276,0.03712242812497452,0.041647792068795014,8,9,0.0020450530215951938,0.045222262455511815
YEL026W,0.8951162521738376,0.20636113593915673,0.8997465294814293,0.5598546973980849,0.8197429032680571,0.5244559254236139,0.08825604992338985,0.24277381915686277,0.08628595195579007,0.1807958355099136,0.11570085624277823,0.1879255259097028,7,9,0.07556730114976211,0.2748950729819691
YKL017C,0.811840208092723,0.7848911246699465,0.7870117473845135,0.6028793740323883,0.7537609514754245,0.591488969045404,0.025497223964564563,0.027262058885589205,0.027127346330695207,0.03704168284246249,0.029168087148664902,0.0375691509981664,7,10,0.0035157024476090734,0.059293359220144316
YKR002W,0.37525992795777474,0.5069628512448502,0.4312072127085965,0.5051857489182522,0.4455240990413071,0.3408192491593026,0.05764775322483266,0.05121209301454686,0.0550059594468516,0.05130430439156761,0.05430927955406326,0.05921544023791623,6,8,0.0054127571941940955,0.07357144278994462
YKL204W,0.8526583775434873,0.8580145915157402,0.8585140370918929,0.7675110538510094,0.7519550708705895,0.6840128820308145,0.02370285693873144,0.023268041461929356,0.02322708176727471,0.02977413312470906,0.03075410890314935,0.03471144236709167,6,9,0.003879976370331556,0.06228945633356865
YDR253C,0.8443300616784235,0.9249121478346929,0.8347657256086476,0.6952364436172338,0.8524552623093227,0.8663675389819545,0.05344142991299807,0.037115945993715385,0.05505867579140314,0.07477513566337388,0.052028050789240735,0.04951441775527448,7,7,0.01866828937935612,0.13663194860410988
YDL091C,0.8090726289454624,0.805885595320979,0.7919167959657253,0.7975425279327135,0.8331039868683522,0.7069827749298145,0.02882807061785394,0.029067679505009117,0.030095391282865362,0.0296857746173773,0.026952835583002502,0.03571314166496,6,10,0.004429106260388843,0.06655153086435235
YGR142W,0.8419965595252293,0.21678417235898562,0.7644639896753938,0.36591921221722623,0.8729410112229709,0.3571092860395383,0.09872415886844949,0.21980162459710648,0.12053656961161703,0.19777093541603,0.08853048994283126,0.1991401118741507,8,8,0.06276730451440508,0.25053403863428436
YHR079C-A,0.7809542633616952,0.7311149696095325,0.6410082350105799,0.42078257315492706,0.6840769780658437,0.6469011122862591,0.08815157110679972,0.09766657699402131,0.11285086643307397,0.14334530222642122,0.10586521701788261,0.11192080608587746,7,9,0.03609760989257214,0.18999371013949945
YJR047C,0.8183760616699547,0.862821386251626,0.8131937961328495,0.7877594216137416,0.7407043273505685,0.7513854924539685,0.031520134460108,0.02739332322949487,0.0319666528458328,0.034073420064553696,0.03766163339813705,0.03687777845621352,7,10,0.005566166230093652,0.0746067438647047
YML111W,0.8520945882573164,0.8389048052338032,0.834185077957263,0.750591737077009,0.8341713144221014,0.6644032915612783,0.01777379893490067,0.01854938535833113,0.018819151395863036,0.02308041690816526,0.01881993242532048,0.026773002393932075,6,9,0.002173349637121711,0.04661919816043291
YNL218W,0.8249353904151602,0.8581540107413687,0.7822146093125812,0.8221021119284504,0.7482913250376505,-0.6479936039549037,0.024365323737788783,0.021932166620769817,0.027176115400433278,0.0245616988691677,0.029216090295240787,0.07475681107534526,6,10,0.003450636013233739,0.05874211447704057
YPL194W,0.8619712874459381,0.8463965669666276,0.8381704356773042,0.7703181786307276,0.8569582077209154,0.7583913227684085,0.02581692274753198,0.02723455087777899,0.027954304342623876,0.03330297783649925,0.026281565325903367,0.034156709055570264,6,10,0.004913519128763248,0.07009649869118463
YNR007C,0.0998638385330628,0.11213784107456082,0.1489514982939436,0.11255472480116446,0.186192414522229,0.13091964932285283,0.22520270916178103,0.22366203882068417,0.21897607239633343,0.2236095239055603,0.21413140814328097,0.22128372401615776,7,7,0.05733134760503749,0.23943965336810336
YOR117W,0.64945319402207,0.6627503916651178,0.6014734100247485,0.2838345175723984,0.652722030005688,0.44050048538457776,0.14309334838853963,0.14035315064115667,0.15257208833163347,0.2045281695952227,0.1424246156729859,0.18077829920893185,9,9,0.059435513079044204,0.2437939972170033
YDR364C,0.802904772188366,0.8309407833443931,0.7284386422040892,0.5499681059681377,0.8029123711453918,0.5712108878988235,0.02254104155482443,0.020876387587300593,0.026458785826385053,0.03406101393020822,0.02254060701853701,0.03324740851728694,7,10,0.002623161249730188,0.051216806321071874
YDL106C,0.6775613875324427,0.7218243235805439,0.6294689025366933,0.6397700594109307,0.7034153229257367,0.6603216393477149,0.048450095363443524,0.04500188347379704,0.051937787574018825,0.051210736008832934,0.046467089310652444,0.04972846511714793,6,9,0.007407904359113061,0.08606918356248687
YML048W,0.8227022013529384,0.7097999829158816,0.7817723836037713,0.6338634137417004,0.8329825815403513,0.7049905113259949,0.07214511263133937,0.09230048029048334,0.08004055633568048,0.10367565983381842,0.07002226059401508,0.0930621831581872,7,9,0.029871953601168875,0.17283504737514574
YLL009C,0.7203284512780815,0.5718409090215455,0.7056482460612847,0.18075626523074972,0.6734160113124714,0.2353700066606279,0.031238854251658076,0.03865213947650353,0.032048246116529545,0.05346597827152383,0.033757353970318205,0.05165312697903373,7,8,0.0035505451873705596,0.059586451374205526
YIL005W,0.7641156481047106,0.5229916124473337,0.7097910805535546,0.41747258453670044,0.7671690097676329,0.6404959116596958,0.024225745529801553,0.034450108418786915,0.026870946441413395,0.03807025360783467,0.024068441968512454,0.02990745803596864,6,10,0.002531677071355186,0.050315773583988414
YOR352W,0.807292907089054,0.8628843167533571,0.79571367408241,0.6829164534432228,0.7482535100661027,0.6486110421689035,0.025567302221594954,0.021566497590796554,0.02632423165846456,0.03279615337016343,0.02922252690373672,0.034524715632105255,7,9,0.0034516380524628075,0.058750642996164795
YMR261C,0.8736562200307052,0.4789034625281977,0.6764291468148611,0.4526005921049604,0.8435733804724784,0.7481112937897052,0.040741022047284275,0.08273972638918478,0.0651988121914943,0.08480220569396676,0.04533256748165194,0.05752535858776346,7,8,0.01336789763471664,0.1156196247819402
YML093W,0.6430898055980032,-0.20034367805035025,0.6074706446893534,-0.07905237920597652,-0.08198964511381912,-0.19682710370374168,0.03350867342060536,0.06145122760142371,0.03514097677321865,0.05826382892026386,0.058343074403712156,0.06136114660256251,8,7,0.0032011693843810155,0.05657887754613921
YJR080C,0.6572763985730503,0.5541169924874699,0.5697140998136603,0.4237678711484679,0.5057087349147507,0.44873423953910263,0.02694247258293174,0.0307309442015813,0.03018867143746251,0.034935275938001525,0.03235615528882439,0.03417007662088121,7,9,0.0021551823623828102,0.04642394169372965
YOR273C,0.7196062978214737,0.4580227814767107,0.7074852126304807,0.5949527559556094,0.7553933915885763,0.5616114481085799,0.0570683778961073,0.07934177586879827,0.05828882674451903,0.06859054311978682,0.05330224411480472,0.07135772624839926,8,8,0.011818869567199136,0.10871462444031683
YLR362W,0.7376764521626369,0.7639901936034006,0.7297552041516029,0.6649235505531884,0.746169569471642,0.6766532983034654,0.03292634323287213,0.031231287387989998,0.033419775802534454,0.03721318267342246,0.03238893780619052,0.03655603462594845,6,11,0.004205356931695647,0.06484872343921387
YOR018W,0.7702981691451245,0.7129670447450764,0.7479043442839756,0.6607792762985747,0.7694037623445755,0.598770204149117,0.028295647754956316,0.03163029870557776,0.029642859316004348,0.034385757828256085,0.028350682649113945,0.03739676200156216,8,9,0.0035467286404478452,0.05955441747215604
YPL268W,0.8049008604655492,0.8544064437004173,0.7875270564482305,0.6488076959007794,0.7131977131973541,0.6727519758886797,0.02417931960597798,0.02088754872724321,0.025232960982520158,0.03244060119650363,0.02931620188532145,0.03131518021651452,6,10,0.003049200172288863,0.055219563311283644
YDR411C,0.7562493427278811,0.7587456539048448,0.5742545128256673,0.6400360361859343,0.64498777926082,0.749847203379144,0.04651015011331964,0.04627137618988823,0.061468111459331676,0.056520286711866895,0.05613018777697174,0.04711698851910676,8,7,0.009030313440965134,0.09502796136382773
YGR180C,0.8210687803574073,0.9418608802434323,0.8214508031560752,0.8354887005022015,0.8620413192722973,0.8370591049505147,0.36818458914920565,0.20987309714327476,0.3677913373087081,0.3530371528152699,0.323293566130298,0.35134808782473503,6,7,0.7709003251433776,0.8780092967294695
YDL197C,0.7784404372905899,0.6339362867762999,0.7444302083464268,0.47555134680614086,0.6734860455523953,0.6793507685808455,0.028678149942385878,0.036862452149958966,0.03080070384329894,0.04412222131361732,0.034814226846882304,0.03450014998249027,7,10,0.0037771558159034736,0.06145856991423957
YGR200C,0.676881014864054,0.3829787267605157,0.7048647855518232,0.28983494601487636,0.45596615470621504,0.09642297025812974,0.029284922223109654,0.04046810849612939,0.02798809583881829,0.04341526794357427,0.03799931748837036,0.04897172791117099,8,6,0.0027007153426539844,0.05196840715909989
YHR110W,0.773219816509465,0.6728953971638972,0.7242032185514884,0.5144178611416835,0.7135966940883588,0.7279800671222189,0.06537266678877492,0.0785121695047638,0.0720921947814832,0.09565881628661133,0.07346536893779404,0.07159686645326777,6,10,0.01917522369662786,0.1384746319606153
YLR408C,0.803032819568283,0.8948228986773741,0.639395445406769,0.045159227931806045,0.7672653979931677,0.8209245735263897,0.029970584819131726,0.021900744679557115,0.04055215024798895,0.06598781695987463,0.03257832578954861,0.028576976684723133,6,9,0.004640338953490926,0.06812003342256172
YGL190C,0.7568499363594787,0.6541343271611194,0.6470218632122862,0.6234830341771691,0.764214202958748,0.6739616332403859,0.02780329823536218,0.03315987270246257,0.03349909138784108,0.03459803228299818,0.027379022898472858,0.032195374329624986,7,8,0.0032349784116674084,0.05687687062125876
YEL027W,0.7896349559385003,0.5655066338858273,0.7448159381312001,0.5184519831184796,0.672366710934547,0.6772577066487119,0.33461660162722046,0.4808972254108351,0.36854240820836454,0.5062680212039621,0.41759443954848946,0.414465739440841,6,10,0.5415948557820304,0.7359312846876604
YGL110C,0.8355896408824041,0.8115558231071058,0.7647447423834883,0.6670696708542465,0.8046748451943997,0.6816776736671354,0.020565830489123908,0.022017754441208577,0.024600919049434525,0.029265661359750988,0.022416135930116037,0.028616414176778193,7,10,0.0026176794504866566,0.051163262703688636
YPL178W,-0.04432262600003534,-0.02144549923788497,-0.06168656652483584,0.0029429574507084943,0.086633866084173,0.0762379735300458,0.2889371073847454,0.28575482782047246,0.29132928172694594,0.28232281759462585,0.2702143626562145,0.27174779554110307,6,7,0.08134391894504786,0.2852085534219615
YDL004W,0.6756163656668803,0.706822828301323,0.5958018383396085,0.6277383201551787,0.6858649623932591,0.41563016505180084,0.2626354578103244,0.24968299584749706,0.2931710336054468,0.2813507372928412,0.25845329935376926,0.352507032859255,8,9,0.21637193066819171,0.4651579631353114
YOL100W,0.7827197934220982,0.819132172800529,0.7979248185188339,0.7808623353574795,0.7992152272266682,0.7649297777620916,0.032579948205110704,0.029724938685884408,0.03141932101692254,0.032718909562170655,0.031318841832460385,0.03388746763016839,6,10,0.0049708854062416805,0.0705045062832276
YNR031C,0.797930673181318,0.7960845521989138,0.7103272364696231,0.5404862075133647,0.7625464559419363,0.606220081331541,0.02299454361409403,0.023099344754052457,0.027531408368464193,0.03467559107287963,0.024926650529772925,0.03209973000060974,7,10,0.0026625779546481996,0.05160017397885592
YGL057C,0.8348486931886958,0.8960482528571789,0.7641069490154929,0.7181461896731591,0.839459449730017,0.7822785824464963,0.027230074909320282,0.02160348050442248,0.032543585708368405,0.03557294197686903,0.026847274447978166,0.031264998015627876,6,10,0.004568449152460075,0.0675903036866981
YNL158W,0.8162104438750553,0.7415234399940854,0.7747328177973645,0.6777161557238738,0.8104504470284194,-0.8162285768596926,0.02155243211153881,0.02555915277514468,0.023860790886765484,0.028540076903011802,0.02188755516080226,0.06775184458842554,8,10,0.002571727095326974,0.05071219868362024
YMR092C,0.7561417050244904,0.5025025197300775,0.728283167465759,0.4367751527708884,0.7946811106896041,0.7934816061853966,0.047103241021698244,0.06727868073602129,0.04972105049269132,0.07158514797410769,0.043221165831731245,0.04334723431845696,7,8,0.009258000204824814,0.09621850240377271
YMR101C,0.6136812679924243,0.6722666189374902,0.6347631302012656,0.25616931613771265,0.520470936238595,0.4450674149693319,0.2518651427004745,0.2319826592359933,0.24489644979851524,0.3494879675014314,0.280609681284232,0.30186676229449827,7,9,0.16708732432380682,0.4087631640984873
YJL106W,0.5538430476168479,0.6263444172652863,0.5870556423497899,0.5315916718237594,0.4742152609806287,0.3677668170357983,0.9630278235964086,0.8813141440335297,0.9264900734932978,0.9867503893977453,1.0454397059510885,1.1463933166093871,7,10,2.115159599592242,1.4543588276598873
YKR095W-A,0.7932113157366127,0.708680862563787,0.7043168237616242,0.43059098827088405,0.7088130716841441,-1.253205960802267,0.025901959047398313,0.03074353021291619,0.03097294738759303,0.04298148295608002,0.030736553265946202,0.08550070055656772,8,9,0.0033013501769246206,0.05745737704529002
YGR238C,0.730353085308083,0.8060332174233747,0.6862766956801132,0.777619649264685,0.6659784943415601,0.5078973868027705,0.03023780254194315,0.025645795800856786,0.03261563882798417,0.027460010843666702,0.03365423427623531,0.04084889703504058,6,9,0.00345031015053171,0.05873934073967557
YCL016C,0.8181555060070194,0.8104477534181156,0.7966373249146602,0.6548111667924732,0.7550980549797743,0.7052102972822241,0.024865222768910976,0.02538672886075461,0.02629528605163864,0.03425868158789855,0.028856150457219763,0.03165909026877783,7,10,0.003459694021275896,0.05881916372472407
YDR052C,0.7164707400575627,0.29898267975092585,0.7476270605572968,0.4804606686461078,0.6511517537610327,-0.09655553296948871,0.04450874379331562,0.06998593499186996,0.041992118747986994,0.060249800110399106,0.04937017502356687,0.08753096373031467,6,8,0.007109612448709155,0.08431851782799052
YMR091C,0.7817014906493895,0.7988468511753741,0.7484247537749086,0.7094503516583768,0.6709494283432292,0.6014553941484583,0.020323056562732898,0.019508642869287177,0.021817128723189784,0.02344627302320318,0.024951402707180808,0.02746009962733772,7,10,0.0019252202431255902,0.043877331768529294
YOL135C,0.04380161211907796,0.12263818706424623,0.13176515838255087,0.21858572590609104,0.14836772420541633,0.12152234531497652,0.17967445031540452,0.17210824862259083,0.17121070917995848,0.16242504337341016,0.1695658446078173,0.17221765875622952,6,8,0.03435403711320399,0.1853484208543574
YJL079C,0.6187191480037029,0.34736006692856713,0.6519954756194165,0.025752607471126177,0.6090494234662749,0.39400454918593075,0.5389108283802704,0.7050683727796578,0.5148572792868131,0.861447943033622,0.5457017433553744,0.6794055562285594,7,10,0.7750718472961775,0.8803816486593626
YPR086W,0.696266593336716,0.6513171570127505,0.5493535440441697,0.5637658535720698,0.5925866647456604,0.5565004634349564,0.0324960446626028,0.034817654509580145,0.03958240720838207,0.03894431334987415,0.03763585982757257,0.039267278942593735,7,8,0.0035377047328266457,0.05947860735446523
YAL041W,0.7744729812869113,0.764618860008505,0.7503165317630116,0.5504544760934108,0.7041296143424851,0.34393104961997845,0.022490611859391465,0.02297670837380013,0.02366447506985345,0.0317532966003511,0.025760407576287562,0.03835983437892554,7,10,0.002282217862633456,0.0477725639110301
YEL062W,0.7676209402406552,0.7406511425117406,0.7220173280381597,0.6327875458745497,0.7381186981750361,0.5470792199226928,0.02707431702756262,0.02860231494853254,0.029612009322277782,0.0340343700001044,0.028741621146224028,0.03779811467065615,8,10,0.0032097497057857875,0.05665465299325191
YNL139C,0.7999091553114601,0.763493431975838,0.6949157670746176,0.4759748572824619,0.7536858146473315,0.6507087328060457,0.023637749887611526,0.025698875904414054,0.029187870179542247,0.038253271838853256,0.02622631276479082,0.031231035796804172,7,10,0.002841438014125302,0.05330514059755684
YLR409C,0.7367014157896098,0.34768500216061904,0.7223928466890825,0.2802376155961316,0.47118323744698787,0.48900269996085066,0.0313504614344348,0.049345591296917415,0.03219103956457452,0.05183394321131915,0.04442958759207038,0.043674604232538584,8,7,0.003798328208762666,0.061630578520428206
YEL022W,0.8441807896585509,0.7845591323604589,0.7967662331517891,0.5319778411746681,0.8423208785531251,0.7170998884709419,0.022354848417985435,0.026286046664413615,0.02553049076370795,0.03874310625126634,0.022487870185225287,0.030121582810298267,7,9,0.003263439738278823,0.05712652394710204
YMR227C,0.8055857249166662,0.8145996019311397,0.7630215562720517,0.6719460798327999,0.7642339504233289,0.6993538377884223,0.026063852143564468,0.02545246560639365,0.028775902258042184,0.03385689635571908,0.028702198356059624,0.032411741036454916,6,9,0.003555512371683853,0.05962811729112242
YPR188C,0.4445673054252566,0.4470156975665006,0.4487006736169422,0.2552864032626522,0.4140799167415605,0.4140373026237948,0.030599451769212863,0.030531934855643837,0.030485383056584072,0.035431747069132415,0.03142802700638087,0.031429169869829014,7,10,0.0017153351570444147,0.041416604846901864
YML118W,0.8800116527324642,0.8777762437800162,0.8255227195514513,0.7919320473569748,0.8504603666956508,0.7030661996865908,0.02646678153231205,0.026712184770096455,0.03191545487112459,0.034852520696615645,0.029546752381095474,0.04163527286058038,6,9,0.005940408784366144,0.07707404741134427
YMR268C,0.8323733762051855,0.8434904892255579,0.7683887669474809,0.6562480134098501,0.7525674490038077,0.6754368912833262,0.026493181603799282,0.02559958851008766,0.031141707902582617,0.03793894289875941,0.03218778070842081,0.03686482654001293,7,10,0.00426067465695712,0.06527384358958127
YGL134W,0.7955377984663401,0.8110001555575064,0.7366868168578755,0.7364069174564885,0.742138230684092,0.6446188547579038,0.026544098159366983,0.025520676455920276,0.03012296796502922,0.030138973926383476,0.02980951687547804,0.03499521367744511,6,10,0.003506517854269485,0.05921585813166508
YGR135W,0.4965688650586002,0.5283193829452056,0.4987193481952964,0.5395519405942747,0.4557530738265029,0.21265693772612337,0.31763049525093007,0.30745118491207846,0.31695136558828874,0.3037683202168896,0.330255568142716,0.3972227910986144,8,10,0.20391888612271253,0.45157378812627347
YMR035W,0.7543397385523916,0.7434409542586045,0.7543383150044447,0.5647601749346405,0.7183126788383897,0.5932891960855087,0.025660625758126967,0.02622366895535238,0.025660700106900306,0.034155771659549215,0.027477893619274316,0.033017382622331885,6,10,0.002727424352288566,0.05222474846553658
YER087C-B,0.1553014388896765,-0.10170486388064481,0.1636090681727902,-0.17004807749850914,0.12807460587532016,0.0015096137074073201,0.2688506327312583,0.30703848827034397,0.26752528998567204,0.3164186253064435,0.27314914716171723,0.29230223063434807,7,9,0.08707099539204399,0.29507794799348186
YOR118W,0.6130402887205559,0.564995295110285,0.6036884794369398,0.547873227233684,0.5894117730380062,0.4845331017110701,0.036734743573613005,0.03894853389244666,0.03717598515464162,0.039707655903978366,0.03783967378031114,0.04239791776434902,6,10,0.003548472245726928,0.05956905443035778
YPL054W,0.6910887799552056,0.8114980844484969,0.7036957273389688,0.6638327876140157,0.8191334417182345,0.8021624727066231,0.13362973454484017,0.10438645480998246,0.1308745560004465,0.13940037458095647,0.10225049086292805,0.1069401039632115,7,7,0.05882008754399857,0.24252852934036145
YGR187C,0.671449322195723,0.47900569520692504,0.6764903962017887,0.45499647215738237,0.5061428078914608,0.28535021318476406,0.030701493922529768,0.038661153964809264,0.030465051298049658,0.0395419408026149,0.03764081483131141,0.04527984787443225,7,8,0.002919239908581823,0.054029990825298344
YLR098C,0.6945980502910045,0.6579796132691415,0.5960286519515783,0.37390866195386974,0.6890291480446549,0.6264082814258995,0.02835388418583933,0.030005623481314435,0.03261008570746059,0.04059714624507499,0.0286112281303815,0.03135994402123703,7,10,0.0026785913054836494,0.051755108979536016
YNR043W,0.14144114546755238,-0.06276465737670134,0.14150297690281732,0.09420479706608931,0.15271945703627887,0.2395304144503222,0.10957637445354419,0.12191311912572464,0.10957242866319042,0.11255036279645288,0.10885427954288705,0.10312710249617853,8,9,0.014230393849026168,0.11929121446706026
YOL147C,0.744868207766419,0.6506037122495316,0.7568559123842937,0.3940389001563326,0.8139602769530877,0.5084587033627789,0.06270256854594208,0.07337737730268211,0.061211764464672205,0.09663298925971843,0.05354339241391433,0.08703281829685093,6,11,0.015680475248309015,0.12522170438190425
YNL238W,0.7010714763727159,0.7811687497216033,0.6943344949802539,0.5069678729473213,0.6795848836860541,0.5887855230243734,0.024179792083967564,0.020688240412546,0.02445074513624939,0.031053209511561625,0.025033719512126677,0.028359794623154723,7,9,0.0019901733435528715,0.04461135890726566
YPL029W,0.7841669543379114,0.7685927531756518,0.7536469982836895,0.6132152602259384,0.7446181658296083,0.5989284735760234,0.02452298470814355,0.025392346478363328,0.02619951711629182,0.03282834760001533,0.026675302841413926,0.03342914532007638,7,11,0.002835187943188409,0.05324648291848401
YOL151W,0.6197915991052756,0.6679589010461242,0.5852573590376042,0.6938723741059147,0.656551061259635,0.6669323083847353,0.11394369025123545,0.10648179109970786,0.11900597609084769,0.10224231823779029,0.10829552617841084,0.1066462723389264,7,7,0.03474657407257094,0.18640432954352465
YDR312W,0.7747866789520265,0.7411501797572454,0.7791474366299062,0.6509179460851762,0.6480465826979069,0.6231509816447278,0.023684201783300003,0.02539134164014285,0.02345378486961168,0.029486652820175725,0.029607675228158152,0.0306369416368265,7,9,0.002534408217491936,0.050342906327425475
YER064C,0.4667732045192342,0.20242479465869467,0.46719218972577914,0.31870373082718484,0.3418942466490956,0.17886081014259836,0.043677440278679355,0.05341792550577046,0.04366027703991322,0.04937069049689329,0.04852315595473747,0.05420128537142837,8,9,0.00364045384897964,0.060336173635553325
YFL055W,0.3502072779793918,0.6300479529096816,0.3204106934118879,0.6005251810632137,0.4715993613365673,0.6593361588271557,0.2002780476852567,0.15111885183499757,0.20481850703748436,0.15703289315673677,0.18060409564776686,0.14501367119713432,7,7,0.06281234300657436,0.2506239074920315
YNL149C,0.6466491143611421,0.6589903632534888,0.5393339739365461,0.5923131316949843,0.5887708151705432,0.3378734197002048,0.4040399254328676,0.3969214015904053,0.4613327458978839,0.43399482570256115,0.43587619858908094,0.553084772217125,7,10,0.47010570138644303,0.6856425463654098
YJL097W,0.7030493886992545,0.5976891964052656,0.6477377186587636,0.2585869033839808,0.6954238833719779,0.3509051216763561,0.02626874328523494,0.03057581430366296,0.028610816780054157,0.0415075702083268,0.026603887768895666,0.038837500842603255,7,10,0.002364544582733523,0.04862658308717078
YPL234C,0.6099884880117543,0.6339109731977146,0.6082147782243976,0.4909349614588675,0.6639700048466319,0.5541687469179237,0.0982139267701344,0.0951541464376228,0.09843700401925543,0.11220727047285008,0.09116400262520631,0.1050073302394265,7,9,0.025166444447684146,0.1586393534016202
YDL074C,0.6778874236622174,0.576378371461535,0.6367786943664462,0.23022488624728243,0.633430693977538,0.4237862282501784,0.022992216132567085,0.02636732396879732,0.02441533289745591,0.035543396463081814,0.024527599221058276,0.030751677361545143,8,8,0.0016699640538789763,0.040865193672353695
YML103C,0.8729244149569655,0.8527488322834037,0.8212405319053178,0.6856906344282869,0.809651108275531,0.6904737785647357,0.02329889178179851,0.025080349200650803,0.027633680509667195,0.0366423118289037,0.028515394321039087,0.036362432519083374,7,8,0.00434671882913128,0.06592965060677389
YNL274C,0.7086676783262658,0.5003677216289727,0.7330480078660009,0.7093204971054805,0.6599479001541232,0.7816132013840896,0.1026625985944063,0.13444453764797656,0.09827306494942849,0.10254751067909301,0.11091509320910434,0.08888553872521673,8,8,0.03681196275178016,0.1918644384761808
YAR002W,0.7547673192011359,0.7129316257186948,0.7505935186992412,0.6927928254889788,0.6699823882034104,0.1811570854933252,0.02142637224780311,0.023182066528360613,0.021607938771473954,0.02398143406620966,0.024855816354827403,0.03915252455729477,8,10,0.0019048995699335882,0.04364515517137713
YER036C,0.8920456500482136,0.8519325702391757,0.8714034207330772,0.7549593266368395,0.9002289480618213,0.820698818699174,0.07519748676974039,0.08806696332357591,0.08207255634814196,0.11329280804928336,0.07229121570775525,0.09691139119804353,7,7,0.0532990714671105,0.23086591664234568
YGL241W,0.7596734130992192,0.7635123045078365,0.7294602974540598,0.49360960148254185,0.7417585054279314,0.609187680372816,0.0263936780243568,0.02618202780362144,0.02800364149892693,0.03831260979056894,0.027359743301665507,0.03365759869030416,7,10,0.0029495186602988698,0.05430947118412101
YBR109C,0.7066494312729492,0.6950011343964565,0.7026366242845401,0.3889968701201695,0.6488987180454151,0.17287207894417078,0.09511040376803603,0.09698033280346678,0.09575871228214651,0.13726388150465393,0.10405207988443206,0.15970587729798266,6,8,0.03137778291890343,0.17713775125281295
YLR039C,0.7855146162739892,0.7551886689506684,0.7341476665323936,0.4880083634009129,0.7722467661793387,0.5314380007335545,0.025311273984581856,0.027041508283351466,0.028179636853437297,0.03910628736084211,0.026082392728595544,0.03741094562467313,7,10,0.0030393691117045316,0.05513047353056685
YPL117C,0.5472642871049933,0.5267280112289562,0.5181237526946216,0.48062158965486357,0.46660270405056037,0.09849146206407289,0.1268916402337658,0.12973765226429726,0.13091167931642658,0.13591036555831584,0.13773237585775283,0.1790587532548406,8,9,0.036188818656252536,0.19023358971604498
YKL073W,0.8225302807072116,0.8272409524288948,0.7869017912265119,0.7634131609771465,0.8230883747644058,0.759446205914968,0.06005722120089142,0.05925479544667213,0.06581016842785799,0.0693423241108368,0.05996271502031041,0.06992125395326387,6,8,0.02068041945896136,0.1438068825159678
YJR130C,-0.9113896507112722,-1.6824865924745187,-0.9001623970272405,-1.333868790015977,-1.5932242418471123,-5.506034044357039,0.09316112333803202,0.11036436822032557,0.09288711222093013,0.10294335537996388,0.10851259212449674,0.1718771988826358,6,8,0.004620333675431847,0.06797303638525976
YDL025C,0.688513706943801,0.543505192292632,0.5871709498524058,0.470990052886859,0.7300000124211947,0.5298273329418399,0.028742149350903416,0.0347950682471403,0.033089095576813055,0.03745688785571892,0.026759724855648592,0.035312499641780966,8,9,0.002698688019687717,0.051948898156628086
YJR152W,0.4978995256293569,0.11271933002511181,0.45783461439223394,-0.05080894981469797,0.45754832657720934,0.22960466659556733,0.11509668232371285,0.15300231412890838,0.1196006067072979,0.16650580181859423,0.1196321798013934,0.1425687398998629,7,9,0.026846527337639325,0.1638490992884591
YLR048W,0.930197423355871,0.9090712494747322,0.9194665078064205,0.8979292368488552,0.940137903849465,0.9444713124490333,0.3080806548886633,0.3516246504200032,0.33091539164314865,0.3725455521148159,0.28530189861952887,0.27478144695364715,6,9,1.383599961698956,1.176265259921824
YHL004W,0.8373271167076801,0.6781947379229027,0.8193956247451732,0.5596880718205972,0.7956625972103114,0.16457040582249727,0.02593140135726567,0.036472453187403255,0.02732326149213087,0.042662728787644155,0.029063126981242825,0.05876562138167659,7,10,0.004206200277303456,0.06485522552041166
YNL157W,0.5795670535091706,0.2479944303597229,0.5292971683113696,0.5352852740166554,0.49753584255544026,0.37437144263961497,0.0670087327348957,0.08961765229017223,0.07090166589840413,0.07044923010032315,0.07325471409151117,0.0817412577839232,7,8,0.010867238682795424,0.10424604876346837
YGL144C,0.7936685029812011,0.8290831468203466,0.7239692559545088,0.667676906584628,0.7675840532768138,0.6657289751377744,0.02937676955117589,0.0267370640201176,0.033978171171635395,0.03728220007224438,0.03117842934837862,0.03739130633189708,6,10,0.004255941811612351,0.06523757974980642
YNL141W,0.5646557964462797,-0.7514705912377055,0.5650676529885617,-1.3881671767179942,-0.6537533634996144,-0.1769805696890232,0.039861104518790505,0.07995292747470721,0.03984224479674351,0.09336095979624728,0.0776905713864296,0.0655416834238229,8,7,0.003713804417579934,0.06094099127500253
YJR035W,-0.6126496574588636,-0.7776537591748887,-0.48342572700085107,-1.0651354323280193,-1.884971904561929,-2.1554401160054493,0.06969478976938667,0.07317350966439277,0.06684411864903804,0.07886867907170654,0.09321828145113265,0.09749004465991619,6,8,0.0030648818269513258,0.05536137486507471
YHR196W,0.7277242320687017,0.33001669647092624,0.7467487390597404,0.332599415491153,0.3575775844779011,0.3734494988125633,0.03409430701889451,0.05348221207579237,0.03288161803024378,0.053379028233940536,0.05237061993300862,0.05171963040645853,8,7,0.004344180697719422,0.06591039901047044
YJR106W,0.7610268499651356,0.70173638139848,0.6744263985489982,0.5714818789244562,0.606697875143842,0.4655053202528783,0.03392416287450742,0.037899608761837913,0.03959671678762767,0.04542753602952748,0.043520886371843356,0.05073483810172948,7,9,0.004900295940606204,0.07000211382955664
YNL031C,0.6109484966288617,0.5025439523140383,0.5765466712499483,0.612116567926164,0.5376813649402181,0.41299927307376505,0.7010153902955172,0.7926863163388158,0.7313525489637018,0.6999622501803896,0.7641783040870962,0.8610796454142611,8,8,1.285290049839542,1.13370633315667
YML021C,0.8918296273741706,0.876913789177051,0.8913085559394897,0.7514565504227371,0.8829269620430389,0.7849289213963755,0.017756464448137832,0.01894118013747114,0.017799180722639505,0.026915564587441442,0.01847271701638213,0.02503763706781568,7,11,0.002965908880847136,0.05446015865609589
YLR219W,0.6276501973875052,0.23528292362811198,0.6492595566362114,0.298452164729321,0.6587215701314575,0.4130743711922903,0.04845072748231836,0.06943447121783916,0.04702379350872415,0.06650485988146163,0.04638517061415137,0.06082978413538262,6,9,0.006415087945624574,0.08009424414790725
YJL081C,0.7354703084758902,0.7358853895949158,0.7214550598030022,0.28990784340037756,0.7589816075386775,0.45870165770068505,0.0223913477770352,0.022373773427516105,0.02297685902056183,0.03668600158019518,0.021373129411230735,0.0320303269063178,6,10,0.0019285867696741024,0.04391567794847419
YER003C,0.5039672790541669,0.32234002054772826,0.384857913870122,0.04117211106431651,0.5931769116027612,0.15670385893541572,0.10025510458084834,0.11718101368672756,0.11164494189588328,0.1393868040047793,0.09079336821452462,0.13071980398291863,8,9,0.02061843988240192,0.14359122494916576
YHR108W,0.6304940026677595,0.5472834893836491,0.4484035344803038,0.36897370257617734,0.6836744546226011,0.6359180081125475,0.026958370850807285,0.02983981074056203,0.0329377276990967,0.03522951194866543,0.024943077164187272,0.02675977742013486,8,9,0.0020013310479798973,0.04473623864363093
YIL111W,0.5585683870925393,0.6792540873138289,0.5434547949168779,0.5785599701010937,0.4563494936588899,0.4173632997216502,0.05910661750212848,0.05038310820210925,0.060109938517704554,0.05775269868103112,0.06559402623916075,0.06790524328096473,8,8,0.008053078258097354,0.0897389450467151
YPR140W,0.08558802984611735,0.49440257050254044,-0.00426397083480845,-0.008837450490439158,0.1996887647676141,0.42910606757838465,0.2304779268067473,0.1713802673880432,0.24153625510746873,0.24208561581484897,0.21561940553250122,0.18211096725613782,6,7,0.059111218624926534,0.24312798815629297
YPL163C,-0.3869152905416966,-0.8142259518016073,-0.42095448938084234,-0.9778239846009387,-0.5014468563378798,-0.7064051250849706,0.1460503763678007,0.167041122558359,0.14783177675140155,0.17441006018455546,0.15196119315536769,0.1620014067473981,7,9,0.015649791743165806,0.12509912766748538
YNL259C,0.7362090366713716,0.7511864986458126,0.6787647001072807,0.7128770660058359,0.7415226039803979,0.49843183979834116,0.11182917582370966,0.10860808060628459,0.12340614864585064,0.11666997608901283,0.11069715317143725,0.15420204986079553,7,8,0.048239574939107376,0.21963509496232012
YNL220W,0.866590750433802,0.789945228916721,0.8471778253907308,0.4456257537887963,0.8609215215207142,0.361670566430603,0.04082975978159966,0.05123304036540901,0.043699557747344124,0.08323105076667829,0.04168826487978562,0.08931127499680595,7,9,0.012715131213763208,0.11276139061648366
YDL145C,0.8711728904428395,0.7728393270130761,0.7835203003673797,0.6331836696237775,0.9076983567633499,0.7781840272000815,0.04324363470349917,0.057422901359534005,0.05605665085457106,0.07296975524835576,0.03660355568740514,0.05674334930955434,5,9,0.014770331927570842,0.12153325441034994
YIR036C,0.7937434933706776,0.6576989716103454,0.7827181929120828,0.6901804711521378,0.76320880623354,0.7273210561288237,0.05252098178908987,0.06766017378268861,0.05390644464563685,0.06436998405473722,0.05627451755654276,0.06038857875193448,6,10,0.013608528019335285,0.1166555957480621
YJL201W,0.77547897085343,0.7981329479425765,0.766124707853084,0.5909382860122283,0.7635439861120836,0.6475422013200801,0.025170867633260475,0.023867250656860427,0.0256898663692368,0.03397536183001646,0.02583121628281258,0.03153720752619997,7,10,0.002871391994938227,0.05358537109079517
YFL028C,0.7691849577892785,0.5722989959485716,0.754274324809105,0.652025298652819,0.7076284408280125,0.6152203845682225,0.022116467360936136,0.030106054223867668,0.022819649688432076,0.027155483514830197,0.024891511339455937,0.028555497617829828,8,10,0.0021563564247640385,0.046436584981715
YCR024C,0.749708451905851,0.7065551178235501,0.7516038560407323,0.6539629700239615,0.7011600114320529,0.6059975907487166,0.024911631311894823,0.02697381318459552,0.024817126839724746,0.029291415776116554,0.027220646215479018,0.03125564850616574,7,9,0.002522965367053905,0.05022912867106003
YER035W,0.5034966988935112,0.4659575413541306,0.4969237242080874,0.32566364795679825,0.411566595243665,0.3138532576293136,0.31838019118692423,0.3301968017040181,0.3204807052388519,0.37104215624842407,0.34660404647064014,0.37427728626104584,7,9,0.20774141046523462,0.455786584340999
YIL117C,0.8434461907819032,0.8019040531231113,0.7821902677153094,0.8180590241663028,0.6953456734977331,0.5202297027618175,0.04598462631341846,0.05172716025162586,0.05423997524176714,0.04957310273676275,0.0641482062745559,0.08050030402648257,7,9,0.013744053021933643,0.11723503325343343
YJR133W,0.5855808438884114,0.5140965657533896,0.5784205659118489,0.35836968415528814,0.5298546408860627,0.41876747529180824,0.03713485145653321,0.040210249170054294,0.037454283055176396,0.0462066217584041,0.03955285678378454,0.043978127529858704,7,9,0.00338592004064165,0.05818865903800886
YGL028C,0.668253720766745,0.4270086166862205,0.5249200470281314,0.14417723150911665,0.5741756274571079,-0.010213132850717566,0.04889687972785812,0.0642616927656921,0.05851422648025408,0.07853622714964463,0.05539790912024496,0.08532663541581074,8,9,0.007333467467414597,0.0856356670284911
YGR243W,0.7860433227424014,0.6429295785831113,0.7706033827986389,0.7393697215699324,0.6737856396014044,0.5225493796955474,0.24989512495522082,0.32282844896170526,0.258754770963063,0.27580827717582374,0.30856481237675065,0.3733009476769748,7,9,0.29699070744297934,0.5449685380303888
YAL030W,0.7817587622041611,0.7936136400939919,0.7071452086880142,0.741609118145728,0.8299600690491793,0.7417267294143566,0.07888103978245156,0.07670871617164325,0.0913756302588863,0.08583073087104728,0.0696273198959364,0.08581119494542587,6,9,0.029010924919933512,0.17032593730824883
YOR367W,0.8490716528931423,0.7446170954373915,0.8004530376007694,0.7713755108659021,0.7860841757163596,-0.4526943474981475,0.02146711723920304,0.027924424486249214,0.02468373531163556,0.026421026959213226,0.02555699431668923,0.06660018622305212,8,9,0.003106917907402898,0.05573973365026871
YOR188W,0.8034449588985999,0.8494476732312011,0.803396883911118,0.7592877365122171,0.7314646567403804,0.7264426358682616,0.025177081381995925,0.022034694126940063,0.02518016019865454,0.027862007107266683,0.029428221555232354,0.029702123226803896,7,9,0.0032815552339170375,0.05728486042504632
YDR233C,0.5687906832923324,0.26045020103418903,0.5381793634296472,0.3643758999107114,0.5172367387327008,0.4050167337000401,0.20550574846563738,0.26913093391057863,0.21267506516849935,0.24950547758703934,0.21744379194591254,0.24139723011493272,8,8,0.09965817995195357,0.31568683842053596
YDR237W,0.7819006582524706,0.6366375037640747,0.7474572396235573,0.5135633900345062,0.7035905836350624,0.5623582366939129,0.02127876323258318,0.02746561038294724,0.022897426118613028,0.031778422253536706,0.02480648342642672,0.030142452445051048,6,9,0.002112474851706959,0.04596166719894916
YDR516C,0.025574864530096497,0.5158044250821996,0.11217703365105625,0.4724659767063146,0.2118216359959898,0.4007111689034354,1.25435090291147,0.8842095795275903,1.197313819824465,0.9229327244265462,1.1281245808215763,0.9837005169681495,5,8,1.6430196340851666,1.2818032743308025
YKR024C,0.7714428302193312,0.6663133931240424,0.7565901870116976,0.6604664932608444,0.712921785207038,0.4823695809181473,0.02798195790815443,0.033810380793985385,0.028876843257911452,0.0341053093916529,0.031360342173747634,0.04211051660230278,8,9,0.00348589648379927,0.05904148104340939
YOL043C,0.8237673467088088,0.8549187436956486,0.7890155276727878,0.7290751424471014,0.7648302496382664,0.6634869113586301,0.024674425035793653,0.022387701379927197,0.026997844935322108,0.030593437576413626,0.028503263039371517,0.03409610988031905,6,10,0.0035152874289579054,0.059289859410846184
YOR221C,0.8574824395089637,0.8247042738538108,0.8651906304162016,0.7299845637359146,0.8840570993289218,0.8197266491894363,0.030236810476609907,0.0335341615155974,0.029407751967577764,0.041619425800546186,0.027272432062863654,0.03400693986833203,6,9,0.006527647795183112,0.08079385988540906
YGL073W,0.7110919186644109,0.6397718646921293,0.6939249918720616,0.6308249231554897,0.6928498114580506,0.6317506080011519,0.03652685023132683,0.040786946559906896,0.037596404516218276,0.04129035015534633,0.037662380959091184,0.04123855109893888,6,10,0.004699134715614595,0.06855023497855128
YDR303C,0.7857627480185588,0.82196420172322,0.7349887369310601,0.634888348948456,0.6667171834117046,0.6407084154645313,0.023938108044454665,0.021822072606157268,0.026624072934166788,0.03125037076161363,0.029857180232991158,0.031000296732037868,7,10,0.002721684591149612,0.052169767022190276
YML068W,0.741832216166296,0.7122665354165789,0.6852850510414401,0.533610060913422,0.7161743500688824,0.5811418250732941,0.02670863112902279,0.028196538379138242,0.02948894890525935,0.03589840835051788,0.028004409996746114,0.03401998398324429,7,10,0.00281160528794354,0.053024572491850795
YDR412W,0.794852761444041,0.6657218147176425,0.810287271582077,0.4084312982787336,0.6981389871038598,0.5227337464622837,0.036606454621197805,0.04672817817366344,0.03520246426522047,0.062162350187462065,0.04440463900859305,0.05583482959053618,7,9,0.006646649850062951,0.08152698847659559
YGR013W,0.8206651288614316,0.8642593638853919,0.8021742996255607,0.67552884982235,0.8199888242582306,0.6741403183697368,0.04268266511418181,0.03713420208665748,0.04482915084079888,0.05741259811847359,0.04276307144762326,0.05753531179159122,5,9,0.010336927038757137,0.10167067934639336
YDL075W,0.9134478150278276,0.8422601697414753,0.8968403202457702,0.736854636983463,0.923863750254877,0.9361724095849232,0.4481958206301146,0.6050614294914103,0.4893096458187613,0.781495794533942,0.4203630408082779,0.38488679324993735,5,10,2.3616237457050566,1.536757542914645
YDR141C,0.85790769242076,0.7809514358114061,0.7031922091732128,-0.02291046505943628,0.8091877116216657,0.7373638008559353,0.025615939954862266,0.0318049867036175,0.03702223738423331,0.06872960117959911,0.029684393699232297,0.03482589652279521,6,10,0.00469897531722846,0.06854907232945213
YIL144W,0.6308313729378316,0.7468682876864987,0.7112672836318131,0.6646471220080447,0.7212729932746254,0.5704415929158521,0.0740133441541447,0.06128735978913384,0.06545542281424471,0.07054214367592637,0.06431128091170035,0.07983783396509765,6,8,0.01509900769136305,0.12287801956152715
YDL191W,0.8495947573037572,0.7508520730805963,0.8432330239822207,0.7487225130218221,0.7874439348459155,0.4889077753134413,0.3926352141918105,0.5053431684939448,0.40085291913503396,0.5074982512881351,0.46676094559985404,0.7237813647588277,6,10,1.042962414876984,1.0212553132674433
YOL081W,0.9244207953199765,0.6399932267144401,0.9180732375331068,0.5402541160365191,0.8349303889017089,0.7762334384609585,0.0393000019895694,0.08577223948285374,0.04091704955721316,0.09692824256299823,0.0580797820077923,0.06762215514906443,7,9,0.020793900671047045,0.14420090384961892
YAL046C,0.6908613879744478,0.6381387744314609,0.6676923871809104,0.6425902220289965,0.674596753583065,-0.9774876082738595,0.030567591132773422,0.03307163104305366,0.031692371245971636,0.03286758571296001,0.03136140637594362,0.07731103273177833,7,9,0.0030755466338859548,0.05545761114478295
YAL023C,0.819819383367479,0.7987732023077424,0.787051744013631,0.6997866882303867,0.8335249252172791,0.7469386722468627,0.0838040010155162,0.08856326662581952,0.0911061643451826,0.10817469807282211,0.08055366940830415,0.09931700401045551,7,8,0.039661996868443974,0.19915319949336485
YBL007C,0.825274579460515,0.6029960882765144,0.7447737810481235,0.5074219784377665,0.8578817792186685,0.7550130767619493,0.03523408093068398,0.05311073275454134,0.04258410692788663,0.05915921674074638,0.03177677224396999,0.04172115780849749,7,8,0.007229744317144087,0.08502790316798414
YHR115C,0.11888427775515964,0.2043462729671347,0.15647226690101645,0.17149049032575792,0.14316360534342698,0.148396472235387,0.1402352994785806,0.1332609551282524,0.1372115131806401,0.13598456607463344,0.1382896965105004,0.1378667687287447,7,8,0.02271092796574547,0.1507014530976575
YLR193C,0.819719314709339,0.8110010375784906,0.8045900388243004,0.7446352474826596,0.7662011710778696,0.6864367282503681,0.028672262137641222,0.029357364726775918,0.02985112531715366,0.03412462083626575,0.03265190499358546,0.037813767715367305,7,9,0.0046401054970438525,0.06811831983426964
YOL115W,0.8002654752583663,0.7940222328817419,0.7511544245024921,0.7241320854860807,0.7539221300061839,-0.16686691451738533,0.023939589730341226,0.024310859085938132,0.02672114690902164,0.02813459895843998,0.026572132694996486,0.05786297994277481,7,10,0.002919667556662236,0.054033948186878185
YGR027C,0.8931856482563312,0.8661896725195471,0.8635950283750253,0.6266764637754916,0.8171263176146127,0.8135778909578566,0.8712558176417614,0.975159606111835,0.9845686117704683,1.6288217951140402,1.1400043053445663,1.1510113202563486,6,10,7.231275551347043,2.6891031128142044
YBR093C,0.8033674897257593,0.6861504774949085,0.7810147646724189,0.6217224432893311,0.6488059761064386,0.6708705989572512,0.028724076663237615,0.036289346835520715,0.03031278453548992,0.03984040118254002,0.03838768955158165,0.037162228990900395,8,10,0.004269627319161185,0.06534238531888154
YGR112W,0.7959691676995808,0.7468731498921735,0.7851252625178057,0.7266930585788358,0.7757687467487935,0.6071438745997575,0.02544461196579086,0.02834112196362786,0.026112028504834486,0.029449183801835675,0.02667448256850068,0.035307315318381,6,10,0.003228858410788301,0.05682304471592754
YOL094C,0.8033713711260457,0.8560969881307675,0.7718508783607925,0.7037994100575631,0.7413655968030362,-0.6534429729966844,0.023652021522780904,0.020233910841618852,0.025477352190786843,0.029029385968472703,0.027126142379282073,0.06858663570848406,7,11,0.0028949623378523096,0.053804854222015225
YPR160W,0.4744208803504397,-0.7021919851059195,0.47855228233357383,0.13679332022869428,0.36736550753317376,0.1871794919648666,0.19812783811979642,0.35655843904890044,0.19734759339084743,0.25391236193469563,0.21737164029106823,0.24639039596979745,9,9,0.0759986777320414,0.27567857684637265
YNL153C,0.7392339519567379,0.23309727715326334,0.6975824577917122,0.22004872222842642,0.7016325822452922,0.6586472239413161,0.03816279145412854,0.06544624763828295,0.04109775522674342,0.06600067063027645,0.04082162692406135,0.04366327739360081,6,9,0.0056830615650615085,0.07538608336464701
YLR438W,0.3548243254204768,0.2880527491488849,0.16204437280422257,0.03566799949388888,0.24173565351817672,0.2779230208274108,0.25977247855426444,0.27288398871750413,0.29604972137725916,0.317590450369701,0.28162062877013977,0.27481845609326744,7,9,0.10642935483454383,0.32623512201255067
YEL054C,0.9521624310967979,0.738712624805657,0.8820626933732333,0.6716508624662143,0.9450594713058696,0.8175727692450947,0.24544774728637242,0.5736324527537963,0.385389699469271,0.6430465907416043,0.26303946787494675,0.4793131377007507,6,9,1.2814513948274933,1.132012100124152
YGR133W,0.781141384934053,0.7857885336632461,0.734106839440131,0.6562819383890527,0.7474449953758269,0.6394194263207167,0.02847011414589456,0.028166231345639055,0.031380580138014834,0.0356786622174109,0.030583372507119174,0.03654336600827586,7,10,0.0037684946925538583,0.06138806636923709
YNL042W,0.7695622240266929,0.7179553757856902,0.7695083499717461,0.6430302191075208,0.7809220731366616,0.70517447165617,0.02839312771076864,0.03141197995017142,0.028396446531916756,0.0353388265758691,0.027684437869255188,0.03211581452306162,7,9,0.0035598027529404204,0.059664082603694
YGR170W,0.7840024377673405,0.8012907155527856,0.7371099564406178,0.5942060255297905,0.7884405785446392,0.6256247138909786,0.024553569361605302,0.023550454309819495,0.027088021092828502,0.03365448946664084,0.02430000679850746,0.0323253916600145,7,10,0.0028400995132004656,0.05329258403568423
YBR085W,0.8274997055903857,0.8084662221825393,0.8628770285241559,0.7440801483648518,0.7599449077768774,0.6313452210185464,0.027016186129500568,0.028467662397057582,0.02408708401112413,0.03290645565438726,0.031870184738210246,0.03949472129890271,8,10,0.004305378886651416,0.06561538605122594
YGR209C,0.7446499747212437,0.734802641479375,0.7135617898681317,0.555643450796887,0.6721940391326682,0.43151749059858313,0.292780106752018,0.2983720988007701,0.3100909473620726,0.38622413121587207,0.3317279275507303,0.4368498247426267,7,9,0.3415862356501431,0.5844537925705874
YIL113W,0.3787630825673981,0.3461513563504721,0.43466976451968464,0.13960708631574836,0.4375537445578611,0.3341806677725163,0.09418544807174652,0.09662595376881897,0.08984755988448091,0.11084180580500774,0.08961809233976754,0.09750645799136635,7,8,0.01452992920362709,0.1205401559797692
YLR117C,0.8450454346733185,0.8059333657176582,0.8055470838724315,0.7117993944739727,0.7841985115499783,0.036074253348146734,0.02353615006323286,0.02633956954994617,0.02636577044639646,0.03209820015226779,0.027775408456110998,0.05870228770503686,7,10,0.0036376391103776894,0.06031284366018311
YHR117W,0.6609731973694913,0.6616782228345249,0.6362101378355958,0.5159875442076169,0.6143034977497215,0.0747277651496071,0.02645217501034408,0.026424656297091346,0.027401205300650617,0.0316062258783779,0.02821416622478734,0.04369976842930078,8,10,0.002100109206614102,0.04582694847591428
YMR207C,0.7752192329038656,0.7614798452096108,0.7302912118286793,0.49245817750014487,0.7226948059598726,0.5442447755367581,0.02259480045110673,0.023275095784964638,0.024750073017347083,0.033951960196963886,0.025096198324938798,0.032173237401701416,8,9,0.002311058874004101,0.048073473704363205
YDR420W,0.7459664051292756,0.7000432218987003,0.7037707413857004,0.5330947616701001,0.729917184662197,0.5975500201927122,0.027974406193735726,0.030397974032481682,0.030208507962678672,0.03792535658376611,0.02884455050882421,0.03521042398018291,7,10,0.0031346116050600423,0.05598760224424727
YGL056C,0.5694789282471691,0.4685195459453231,0.5752473061015483,0.3756633170899055,0.4852632159275716,0.4440692044918113,0.03434797903495089,0.0381634502765454,0.034117095703754166,0.041363131348726274,0.03755749215529889,0.039031419754832056,8,10,0.0027884387119811436,0.052805669316666595
YJL080C,0.8724889921131862,0.8122612046003448,0.8224748240617122,0.6766347676370819,0.8836056117898325,0.7424635614036985,0.04505441997340504,0.05466893042556036,0.05316104869549428,0.07174807037982955,0.04304568117403137,0.06402991223482801,7,7,0.016198703840482758,0.1272741287162586
YLR210W,0.04685752921983499,0.11396642956740277,0.1186398943223621,0.16868001324299875,0.19621139059696435,-0.2662768577832828,0.2012487583363692,0.19403469273225107,0.1935222893308999,0.18794830342235497,0.1848098959338311,0.23196295556384675,7,8,0.04323761552499824,0.20793656610850877
YOR336W,0.7483940164340217,0.70458551261685,0.7078058089247798,0.7342757211954718,0.7526221556884982,0.6402331694088483,0.03120362853939186,0.033811194307145166,0.03362640238502845,0.03206714054375078,0.030940335387158065,0.03731257116772291,7,9,0.003937697694014232,0.06275107723389481
YPL084W,0.7660145790678101,0.5699436999707326,0.7547206616823474,0.7187287437470609,0.7286967609696133,0.6846246946488852,0.029442608572643424,0.039915772905579024,0.030144797374339786,0.03228082031987896,0.03170365806977311,0.03418186290827287,6,10,0.003769787846316578,0.06139859808103584
YIL145C,0.7979896800696364,0.6982748650977457,0.7898852104224255,0.7095616155141096,0.7581712079344366,0.5412127745221019,0.01675260555376746,0.020473935455780044,0.017085350636171875,0.020087347420496685,0.018329456520430186,0.025246503729066904,6,9,0.0014136578443849053,0.03759864152313093
YIL011W,0.6047501498772281,0.45431510434177524,0.5971901898670915,0.48983099329522495,0.4110318432950869,0.5839514632665699,0.24363086715569426,0.28626445153592867,0.24594979986569313,0.27679197190302623,0.29740095680657,0.2499588129203326,7,9,0.15280798395148412,0.39090661794280757
YJR076C,0.18875372368757048,-0.7381245894242678,0.1386362172830955,-0.04288122306174058,-0.15454764735835935,-0.7994256450602251,0.04079271201757698,0.05970994526312829,0.04203388433883808,0.04625126817914269,0.048664487222000445,0.0607537617980464,6,7,0.0020872072776489535,0.04568596368304989
YCR105W,0.8009548810242018,0.8273944023342518,0.7709418105396343,0.5794478524088802,0.7372977205145241,0.7195983123446128,0.029632023487444044,0.027593893330668695,0.031787652371866405,0.043072042891793484,0.034042187838841435,0.03517028233830537,6,10,0.0044887376595868006,0.06699804220711826
YKL041W,0.8637290838572195,0.8557958941840431,0.7884213270371647,0.7627599092289935,0.8705938163467839,0.7738178291473354,0.022414819762239784,0.023058044668173707,0.027929914591809418,0.029575200938855593,0.021842944283044185,0.028877716415441713,6,8,0.0037516340106041692,0.06125058375725222
YDR081C,0.7200239151336032,0.772407290980728,0.6440092311215382,0.36068890121977015,0.7045605049841129,0.5490129938581925,0.025798432938107158,0.02326012429644171,0.029090569726749883,0.03898423179061997,0.026501297332192218,0.0327427289625364,8,10,0.002418905238144581,0.049182367146616494
YGR178C,0.43957788099309636,0.2722441081161132,0.24459084974954948,0.008046867850725725,0.4296172231263369,0.28426135489432447,0.048640639448943986,0.055428676245224746,0.056471947133603116,0.06471235700014834,0.04907099265136554,0.05496913149002245,8,9,0.004295724506618224,0.06554177680394561
YDR302W,0.6515682385630239,0.5315557674830779,0.5639506424050996,0.5401889095986623,0.5188073232390693,0.3611557622640752,0.02470943291357548,0.028650543062315858,0.027642144673970866,0.02838530931929656,0.02903778028123272,0.03345810972614419,6,9,0.0017830394750307814,0.04222605208909284
YCR034W,0.46339755907501,0.35587598257407127,0.5016756919732055,0.6078909028989898,0.6364861263036292,0.39245509425315983,0.07368298195383721,0.08072826485518048,0.07100630403976525,0.06298604376984077,0.060645889016005476,0.07840252747915587,8,8,0.010295202206152432,0.10146527586397443
YML080W,0.7125726817977129,0.6706169758324783,0.6715788114011205,0.5618529701338492,0.6044258350795857,0.46613408845133986,0.02751452294546076,0.029454290932256797,0.02941125456627426,0.0339709664104075,0.032278394553527066,0.037498514321526226,8,9,0.0026800880955320174,0.051769567272018195
YIR010W,0.7233723748391615,0.8140063069981235,0.6658136646167144,0.7747181486030325,0.7172431447457475,0.5976609813625996,0.02982175537288858,0.02445313457931061,0.03277779790238851,0.026912158535359002,0.03015032519141239,0.035965119308467644,7,9,0.0032713272875177753,0.0571955180719414
YPL213W,0.8001570265284816,0.8139054132655803,0.7972654222446687,0.7108478749678153,0.785958832675993,-0.3367848822061206,0.024866297291398828,0.023995706993497484,0.025045551171712036,0.029910927095754505,0.025734476347654682,0.06431280368289323,6,10,0.0031483753112699973,0.05611038505722445
YKL187C,0.5623636334106759,0.6232282553455584,0.487894095161021,0.768919472022718,0.5719369869188276,0.5106720569679409,0.0635426409480671,0.05895867598691158,0.06873666402431558,0.046173227706624166,0.06284379613960131,0.06719060745899426,6,10,0.009387938935852465,0.09689137699430464
YGR252W,0.7225896036579469,0.7110759111297512,0.6447622297679063,0.46459315005263035,0.6674375641272303,0.4550515225312928,0.02281899013169035,0.023287717833608754,0.025822282128852344,0.03170129588984437,0.024984556827057813,0.03198252705160777,7,9,0.0019099554885065805,0.04370303752036671
YLR243W,0.7920412378143491,0.7340823515249219,0.7540990298308883,0.6551193363906512,0.716855913139782,0.5963659833910508,0.022036113991942177,0.024918390028826218,0.02396219066645548,0.02837793706173851,0.025712845871594003,0.030700134505632786,8,9,0.002375997255857212,0.048744202279422034
YBR120C,0.7485040196151967,0.6223542493078298,0.7211402758160677,0.5716288394341036,0.7382912822437081,0.5289072053587012,0.027935751059730587,0.034232382727839364,0.02941627823090651,0.0364590157586333,0.028497313668996542,0.03823385235635326,8,9,0.0031574958879065085,0.056191599798426355
YJL183W,0.7873655209588548,0.7338045133249291,0.7622591941643457,0.6667727914962585,0.7804112697549378,0.6000446495504476,0.022333374941566272,0.024988365935916503,0.023615077684262895,0.02795810559529355,0.022695645385038495,0.030629737074955997,7,8,0.00238686669492166,0.048855569743087225
YHR065C,0.7147145172231104,0.5626440390882639,0.6169069987142861,0.5055034282906263,0.4622321132974412,0.3393321505662269,0.027006471053154943,0.033438402976166216,0.031295371491635304,0.035555733694074436,0.03707877985262187,0.0410978959899989,9,9,0.0026014120186254245,0.05100403923833312
YMR070W,0.8089472846477384,0.6764435337868684,0.8011599587151191,0.6770058238738498,0.7413855470117888,0.5004277691669371,0.024765610351986617,0.032229047476582236,0.025265293679086892,0.032201030799468434,0.028813686364963193,0.040047146204252246,6,9,0.003266615321930837,0.05715431149030523
YDR480W,0.47882514640416307,0.612556905539577,0.6448407336371705,0.6710199865779762,0.643158598660534,0.6096281653762183,0.06245124786261766,0.05384598878646425,0.05155383404353594,0.04961741690653912,0.05167577661247842,0.05404912056525625,7,8,0.00761468471298468,0.08726216083151207
YJL133W,0.4109593189377474,0.5139369494651602,0.3569794895201174,0.4095039304954924,0.36624086014331314,0.31368400771763705,0.02302114764443589,0.020912243611751966,0.024052860821574578,0.023049570165274823,0.02387901691527081,0.02484942733854552,7,9,0.0009155072515787674,0.0302573503727403
YNL049C,0.8404797717585402,0.8236275723037813,0.7624894932232978,0.5782313735744847,0.8231410004523347,0.5561333383141085,0.025854193768834414,0.027185571335516818,0.031547469660563036,0.042039762499184195,0.027223044945840102,0.04312701319159858,7,9,0.004263825025950587,0.06529797107070469
YFR025C,0.715357299051447,0.6429761492787145,0.6963934241296459,0.6600265859224217,0.694285911844944,-0.26106102004801346,0.02895832339448071,0.03243187092105884,0.029907421731445654,0.03164797058194715,0.03001104474089262,0.060952488160290176,6,8,0.0029977810765541187,0.054751996096527096
YGL083W,0.7534373319429388,0.7442675625464961,0.7191620179063929,0.6324479276984785,0.7809047410437795,0.6071579031329748,0.028601542256808266,0.029128538875883403,0.030524862288405594,0.03492088401518084,0.026961390171463893,0.03610229425570296,7,10,0.003376017745005544,0.05810350888720529
YKR063C,0.7546013831294527,0.7544602159197735,0.7049908805308218,0.6215159330187168,0.6462022712075773,0.5827189707759571,0.02548789787697527,0.02549522786556103,0.027945744475003753,0.031653501894522075,0.030603809037162265,0.033236270393565824,7,10,0.002693698993531121,0.05190085734870977
YPR155C,0.7921138232383264,0.6961833148327041,0.8005321094050323,0.6402081848039691,0.7364255455251036,0.6668989819212023,0.026529531821092186,0.032071745002962115,0.025986828316072054,0.034901365550505346,0.029872284577309317,0.033581861007280625,6,10,0.0034449799402442353,0.05869395147921322
YDR261C,0.7923586888329702,0.7661317001782247,0.6981097419104578,0.6742685013753713,0.7472308626565034,0.6088273162923743,0.028575925782220412,0.03032697597150159,0.03445624741967294,0.03579095664383135,0.0315286554921175,0.03922181507839758,8,9,0.004001658227636164,0.06325866128552014
YBR233W,0.3697062662201205,0.3830662386282504,0.32342197065596334,0.3101880655696819,0.3715215792527239,0.4336880747301144,0.10500285652505645,0.10388405365043535,0.10878989673428942,0.10984871249611615,0.10485153779209393,0.09953079491720186,8,8,0.017799687437721028,0.13341546925945666
YNL248C,0.7850219237209842,0.28578219092729995,0.7528475245300092,0.27848842279219665,0.6880255970776988,0.5709441281503356,0.04377753741794551,0.07979387927494466,0.046939312469559485,0.08020028171183849,0.052736793809561575,0.061845936002089236,7,7,0.009071134813598671,0.09524250528833579
YDR297W,-0.03171527127163043,-0.16543962502659015,-0.05250365581719629,-1.6105556432034143,0.3581710945201556,-0.974246416438513,0.052250205590512605,0.05553323382740568,0.052773983950290204,0.08311407031922499,0.04121143244795701,0.07227843713902998,6,9,0.002692584157523303,0.05189011618336678
YPL026C,0.8280383544052119,0.653738359783929,0.8228643596067532,0.71464360000446,0.7311525042794291,0.656378260081335,0.021844351425528923,0.030997420116118973,0.022170543224591693,0.028139551240550616,0.02731343718649386,0.030879031801156604,6,8,0.0028235784255373334,0.053137354333249724
YOR052C,0.7026113692799096,0.6339213965514917,0.704529223061479,0.51680198397272,0.6299706241606426,0.6366026959077835,0.2825026905336503,0.3134350649575254,0.28159028982625856,0.36009988191035663,0.3151218440957724,0.31228509638743307,7,8,0.2730699767529476,0.5225609789803938
YPL259C,0.7866818383746332,0.8066174938083721,0.7236079939933842,0.6655232346206574,0.7202086453075954,-0.6546612199508142,0.023690296993926836,0.022556160765984188,0.02696617372887753,0.029664673074990353,0.02713149560974481,0.06597982106534984,8,10,0.002677110615765842,0.05174080223349694
YDR450W,0.9198746703697004,0.8685997564094406,0.9199667469316177,0.7941279160481938,0.8330019325022052,0.7130010834680427,0.46570974501164203,0.5963874505221479,0.4654420813484337,0.7464988472754569,0.6723356405468989,0.8813949130892742,7,11,2.7543172372258637,1.6596135806945735
YGL035C,0.8081678838841644,0.7558605681752086,0.7768730436864881,0.6166135811731336,0.7988342511149479,0.7219590760130956,0.025696930911745505,0.028989422435319226,0.02771383447350308,0.036327788482689256,0.026314651166052368,0.030936769365125617,6,10,0.00350263057275768,0.0591830260527263
YKL130C,0.7974554911794047,0.7555474595619829,0.7155271067316371,0.6371374699015317,0.7576126271943493,0.6165193676776384,0.022721424309375002,0.024961609953395563,0.026927482983574197,0.030412097727985195,0.024855946812611177,0.03126417929134883,8,10,0.0025936046031131517,0.05092744449815985
YGR001C,0.7304181269481486,0.7157096761414401,0.7099546588587837,0.6438047735385342,0.655555238325062,0.4661588326505667,0.025473061567006444,0.02615874119639072,0.02642218621702793,0.02928059175824977,0.028793575275288988,0.03584609346178739,8,9,0.0024492027701324484,0.049489420790027924
YKL046C,0.8613385709406461,0.7878509443617704,0.7918228837374448,0.5957613131245976,0.852936252367136,0.6591357499652946,0.029269276305174726,0.03620384526170792,0.03586333249967104,0.04997503256758481,0.030143033973875268,0.04589072045565743,7,8,0.006286681161866697,0.07928859414737215
YML081C-A,0.5998926989453874,0.7267271766329273,0.6429837783498493,0.6095854173184205,0.6968467253365351,0.4728745516752739,0.449450181816847,0.37144245765295847,0.4245582622444853,0.4439727733092317,0.3912230677082494,0.5158819276703381,8,8,0.5137357427273319,0.7167536136827857
YNL277W,0.8441935014910242,0.8786198638426909,0.845202744631599,0.8081772615087877,0.8500184571532119,0.9308741511805402,0.09172696420270973,0.08096140693607619,0.09142939891457393,0.10177808610548698,0.08999598713021097,0.06109764561334641,6,7,0.05494922998078502,0.2344125209556542
YBR044C,0.7473612641010206,0.6664925805342008,0.7251220468926409,0.4360210590497696,0.6753024491568256,0.5325616978448653,0.024564421413788565,0.028223399257711997,0.02562279627510089,0.03670185484920658,0.02784813245152222,0.03341324978987083,7,10,0.0024303357582308558,0.049298435657035365
YDL185W,0.8953653120852045,0.8091568856490534,0.8431755703112517,0.6560825292324313,0.8775285507936904,0.671085353400407,0.12060796821782742,0.16288324289327566,0.14765393249187767,0.2186579533601737,0.13048349720757438,0.21383548018378512,6,8,0.14145863310137088,0.3761098683913663
YER044C,0.717270557350272,0.6773456063443881,0.7099439818094527,0.5116043848327809,0.6299707523413066,0.41414952674509165,0.1366380778062009,0.14596711251015604,0.13839715601638683,0.1795858453767201,0.15631629456168003,0.19668879417739707,7,9,0.06719324086652687,0.25921659064675406
YMR304W,0.7159295071090004,0.3036430574777068,0.6718733555624236,0.4986346178773011,0.7863927795934974,0.6354529652464231,0.04119874361629385,0.06450403235113157,0.04427837339934814,0.054732852358593105,0.03572554593216421,0.046671063220505626,7,8,0.006079879296468866,0.07797358075956795
YJR108W,0.8138379028858548,0.8250847051551906,0.7895238658092378,0.7379923805872259,0.7736876234990113,0.6707341832929786,0.02876894872198279,0.027886387254725083,0.030590022052384713,0.034129924016959315,0.03171995141278394,0.03826059185308952,7,10,0.004523867325049319,0.06725970060184121
YKL080W,0.8193828064757277,0.7984182551459047,0.7330449110156595,0.5869790472816966,0.8009250982227618,0.6973238561143436,0.06868239879873476,0.07255903697822734,0.08349971864707126,0.10386086901713329,0.07210645838266919,0.08891089995528684,6,8,0.026575715009806336,0.16302059688826542
YLR405W,0.7181983015163415,0.6899535449785259,0.7157702618247499,0.5797780358420577,0.6807170248426466,0.4737601499819414,0.026156152357064914,0.027435661776731773,0.02626859306266028,0.031940479338687364,0.02784132731232497,0.03574324034417772,8,9,0.0024703429452636264,0.04970254465581844
YKL109W,0.6415156815709055,0.650180628184592,0.6239054593868694,0.7955049555774375,0.46826187170678124,0.5187951657426486,0.07017818170491183,0.06932485311536084,0.07188123744092303,0.05300397303221471,0.08547043839546603,0.08130776459753244,7,9,0.013979357082951026,0.11823433123653648
YMR276W,0.706539081592269,0.7077443554644219,0.674588186122274,0.6257903310172466,0.6496298705310207,0.6220905523020366,0.2153856088305043,0.21494284843421044,0.22680791375777082,0.24321986797490547,0.2353450578976323,0.2444192576273832,7,9,0.16085561664312772,0.40106809477086025
YOR254C,0.9305457670699956,0.9012372975071659,0.879279411016953,0.823582896772374,0.938202531388285,0.8481272250132792,0.043981686079854275,0.052446800270827126,0.0579846697044312,0.07009593904357178,0.04148660129769723,0.06503729634941646,5,8,0.028339890477994213,0.1683445588012699
YGL201C,0.6585551815215154,0.5154006457303213,0.6237900153694977,0.36408304044759454,0.7024869145456842,0.6713951891188515,0.024686432790599493,0.02940962526739624,0.025912733828788073,0.033689788073396044,0.02304364156191768,0.02421781927523343,7,10,0.0018161398524146324,0.042616192373493816
YOR233W,0.7448425468794493,0.7212860265941703,0.6742013086685016,0.5842389071870497,0.7061224323546501,0.6181342331067134,0.026005505267529008,0.027179442123951764,0.02938568607068422,0.03319579619715796,0.0279090070417726,0.031813872073639914,7,8,0.0026969660020011573,0.051932321361567856
YLR009W,0.8383568662111538,0.6801722608689199,0.8231033811649187,0.4214732747158333,0.7713487673453203,0.6624572115803382,0.07020314897264701,0.09874975485160041,0.07344085564796476,0.1328127212506981,0.08349582027320711,0.10144774058789434,6,9,0.031024805117443075,0.17613859633096624
YJL177W,0.9321312699082346,0.8988898825278812,0.92576837422519,0.8485009122264564,0.9210753641476799,0.9180928197264425,0.17889895997836738,0.21835858018405166,0.18709726561747156,0.26728707794014234,0.19292088595677884,0.19653230235438962,6,10,0.4798428705118204,0.6927069153053262
YMR153W,0.8029582357732468,0.8511486419198695,0.6331157307280806,0.2475030190595312,0.7274434801871993,0.7032128249853444,0.02136141383039663,0.018566380669913646,0.02914844529201316,0.041744881335625636,0.025123441915172802,0.026216421742882422,7,10,0.002356431598482061,0.04854309012086129
YOR035C,0.7465930029875935,0.47703352264418253,0.7072177917765421,0.3726672968529987,0.7205378576925312,0.6824825802335381,0.037966554109765537,0.05454171707246973,0.04080977700311631,0.05973664735506214,0.03987065520915336,0.0424987013188821,6,9,0.005788111641353019,0.07607964012370864
YIR039C,0.7289006792313959,0.5235728299837397,0.6538046096805241,0.4324430167984791,0.6628722501515634,0.48689172554646787,0.0668155646017387,0.0885751075344608,0.0755047142490242,0.09667588661348749,0.07450933354320807,0.09192167658730827,8,8,0.01675637201134585,0.12944640594217302
YNL126W,0.8271168409922725,0.8643025365673471,0.7440648631366998,0.72767067937426,0.7635807952078592,0.6701214994435842,0.024049277772731633,0.02130647272870485,0.029261100144293166,0.030183729146150175,0.028123351172167674,0.03322023494958746,6,9,0.003404117368049144,0.05834481440581626
YHR132C,0.2696911129626539,-0.06537583737064301,0.30089337454739395,0.1707217941656023,0.3692545626688827,0.11261780277426248,0.05274537154771971,0.06370631498217856,0.051606305872022654,0.0562058071710078,0.04901828606210813,0.058141525027942356,7,9,0.003876281104609122,0.06225978721943339
YOR351C,0.671842368112781,0.7392557408631637,0.6315401366229911,0.6456139059459355,0.46369337396426835,0.6287936184029403,0.0949665539282008,0.08465191790209392,0.10062931533179176,0.0986887755129169,0.12140484135778555,0.10100366698860794,8,9,0.027964817329631287,0.16722684392653975
YER047C,0.8254269287190144,0.8764405643094451,0.7761782683992373,0.8404368625711224,0.7668881092090785,0.692409125581574,0.025954315061984232,0.02183528697341942,0.029388138077007197,0.024813454447775364,0.029991843379234186,0.03445146301262718,6,10,0.0039264044194135764,0.06266102791539233
YER177W,0.5875658385576226,0.5880991096659918,0.5227880449217079,0.4072842673728053,0.44897033275003295,0.26497041856029047,0.606992121480059,0.6065995787527991,0.6529221417609552,0.7276607781697795,0.7016058958523301,0.8103229662475145,8,10,0.9090015336606337,0.9534157192225403
YLR139C,0.82187198188923,0.7773017723410873,0.8103618994414282,0.6894272638744591,0.760283438564864,0.6162706652076293,0.024614816814085227,0.027522562744493682,0.025397635643284486,0.03250215478436451,0.02855482545499428,0.036127922657814136,8,10,0.003461099767103713,0.05883111223752032
YMR075W,0.8148804298519112,0.83640555060789,0.798381770344877,0.7026988112840513,0.7568998675728856,-0.2758138847686784,0.0240967530880454,0.022652526294866433,0.025147641443443263,0.030537303390149845,0.027613722663200033,0.06325953906783277,7,10,0.003191669106551067,0.056494859116127255
YDL153C,0.43565743923707423,-0.9821532128626158,0.3283013501232881,-1.1804317404955045,-0.5864876281718889,-0.9642532329283955,0.04236106669639773,0.07938968809450067,0.04621497505967326,0.08326581419027243,0.0710254232100056,0.07903040792860527,8,6,0.0032355201476863774,0.05688163277971526
YJR099W,0.27586677375175495,0.1106724827097475,0.2682834400138049,0.14646047745488844,0.2639003210688018,0.15175546905588255,0.17057135517284655,0.18902869124450045,0.1714621654593672,0.18518622558987305,0.17197494390409077,0.18461092417688355,7,8,0.04088338649141718,0.20219640573318107
YMR008C,0.7857379127426045,0.6583524321339629,0.7539649052901076,0.6677053025862596,0.752988304728756,0.6495633680448025,0.0739113851244515,0.0933314132784885,0.07920219274856945,0.0920450379383498,0.07935922786918577,0.09452429009290368,8,8,0.025943614885976653,0.1610702172531491
YKL159C,0.8744731626047024,0.8505140056974598,0.8771173020132033,0.716356785416538,0.8657524159755344,0.6752779809985152,0.031123878769039822,0.033964535045522506,0.030794332201621914,0.0467855372362408,0.03218686369306198,0.05005889869156438,6,7,0.007852428323383627,0.0886139284953761
YIL064W,0.7621080875508242,0.6789600962180484,0.738081163736805,0.5693886108244204,0.7018336999722994,0.4257477218888933,0.026634432577006165,0.030940912554469027,0.027947114634721968,0.035834088854019425,0.02981830057359317,0.041381380374073976,8,10,0.0030343128628155898,0.05508459732825129
YJR014W,0.5725450958021034,0.484836734636394,0.6398650860112609,0.5329025268029997,0.0872931378545696,-0.6616596469804306,0.07402521757173994,0.08126564452252323,0.06794650990148719,0.07738170586615631,0.1081683483358599,0.1459504966231034,7,8,0.013044343264245278,0.11421183504455779
YHR036W,0.7438058286401952,0.7211563481850702,0.761184055434752,0.5455206320856923,0.7249227224091395,0.6632808733424875,0.03120535661961569,0.03255554038437941,0.030128408227442793,0.041562495323916475,0.03233492711979716,0.035774899369657984,7,9,0.0038676057141631306,0.062190077296648626
YNL282W,0.8287043491563725,0.761909922639719,0.8549177416130666,0.731797198530453,0.7895574670213721,0.6575661098554348,0.026005594032152777,0.030659442844186407,0.023933199666658644,0.03254057818719876,0.02882440628461555,0.0367690136764661,8,9,0.004017356369384606,0.06338261882712488
YER015W,0.8627607521986906,0.6602928595738558,0.7991906349204007,0.7560481469009165,0.8105932092723224,0.7100876295538838,0.02377468862955363,0.03740485805980801,0.028758594337375036,0.03169769877780958,0.02793016144436251,0.03455485275928194,7,10,0.004190872848193469,0.06473695118086323
YAR002C-A,0.6162185682514039,0.6773750632027422,0.5852589947613169,0.3732920178953505,0.45907115808678545,0.15516017654821512,0.10467664566749453,0.09597470463331294,0.1088168891028301,0.1337643646434097,0.12427331609299563,0.15530842180458285,8,9,0.029051514240660818,0.1704450475685956
YDR005C,0.767366972173524,0.5996730711403544,0.7214035335552762,0.5046557219033903,0.7264154746342943,0.6694347381032282,0.032613445699327816,0.042782720899532514,0.03569018514442572,0.04758987612254609,0.03536769555138322,0.03887671899421861,7,10,0.004652379526417115,0.06820835378761984
YDL127W,0.7957999847257191,0.6456278811279164,0.7351820454535193,0.644291609604561,0.7704298915121746,-0.789424825971117,0.02433428449695745,0.032056822220465436,0.027711779162793305,0.032117205515461975,0.025801702641207992,0.07203564102906579,8,9,0.002950764364635486,0.05432093854707857
YOR275C,0.7603767680682878,0.6826670878291506,0.6878664696671191,0.30109747893278516,0.6582387345980389,0.5983691512366596,0.024052889682356766,0.027679634895806892,0.02745193809621152,0.04107817135594477,0.028725276529636357,0.031139836660229094,7,10,0.002456737388271798,0.04956548585731606
YGR093W,0.7831669751701704,0.7866466038873394,0.7833532782805305,0.5878007797276185,0.7512589130951406,0.5607099450048232,0.023575644544895528,0.023385714368116005,0.02356551426200782,0.03250531984534729,0.02525076991661669,0.03355649147496174,7,10,0.002608283893111391,0.05107136079165495
YML051W,0.5760045632661024,0.7134059166166571,0.6486408291508499,0.6037637410866933,0.6477907896302684,0.4727644643788642,0.033846108940715096,0.027826703906846734,0.03081085878635386,0.03271939494641188,0.030848106463897882,0.0377424852253333,9,9,0.0027492197258258515,0.052433002258366355
YOL006C,0.4769447031377625,-0.05167363339781006,0.4282413208711173,0.32369175230265235,0.37075410835023315,-0.521207384090457,0.03052890552878189,0.0432890370973239,0.03191859863222226,0.03471440889419447,0.033484793663040045,0.05206329437107417,7,9,0.001813126073970383,0.0425808181458551
YCL059C,0.6006031379462338,-0.03900394646285665,0.688310404174506,0.045826235004511995,-0.031094254986302028,0.0665229766057962,0.03603338090548636,0.05811808381869041,0.031831993781036606,0.05569502767968638,0.05789644156731167,0.05508768280956513,9,8,0.003307946786798822,0.057514752775256035
YPL208W,0.8302925261250294,0.8306932889204448,0.8367048579123723,0.6538530029046945,0.8545164173322355,0.4155346482508163,0.019914202522511058,0.019890675012051228,0.019534354620235797,0.028440859649543192,0.018438238517103772,0.036956583903359104,6,9,0.0023778147016222983,0.048762841402263446
YDR206W,0.8314665288000246,0.7882077996284929,0.7992640302075312,0.5098375820083305,0.8338411610283148,0.7157222372015897,0.022381901470587492,0.02509047468869262,0.024426795520864325,0.03817015306550711,0.02222366189034978,0.029068682014988696,6,8,0.003024551133758602,0.05499591924641866
YNR019W,0.6634558123637938,0.5344596642339376,0.6566823103659987,0.5706583514733559,0.5753292019101657,0.5265694369920537,0.09622336949581976,0.11317178641306125,0.09718687194556729,0.10868285121081878,0.10809004874612964,0.11412680493399037,7,8,0.027994464535765377,0.16731546412619897
YNL309W,0.8143806191700987,0.7662127237686556,0.8120881106580768,0.5743018253169612,0.7850642263235087,0.7098518160288003,0.027403725925132166,0.030754480195741674,0.027572432682096446,0.04150007193432893,0.029488474623795714,0.03426161920107117,7,10,0.004116698383512171,0.06416150234768643
YPL158C,0.7238096599878509,0.6874992098341263,0.6661624544886451,0.652430327161589,0.6652690777296193,0.6423204020453772,0.029356646084317352,0.031226819627452995,0.032275262571431144,0.032932381086899755,0.03231841934799734,0.03340790785565425,8,9,0.0031751008735340777,0.056348033448684595
YLL028W,0.6016756755992108,0.4973786866896083,0.567743271898141,0.5745993965524213,0.6410223879255503,0.5177934661699479,0.037208371000542195,0.04179676727339822,0.03876083494873223,0.0384522089438551,0.03532286527477579,0.04093914686180885,8,9,0.0035366951213888892,0.059470119567635725
YGR048W,0.5729680154077412,0.6448178664677573,0.5383619548586285,0.43815931518446405,0.5611395069613166,0.48309442768043276,0.06930377547180074,0.06320511819582487,0.0720572176429175,0.07949380485674501,0.07025705403334105,0.07624867460703472,7,9,0.01144475557362853,0.10698016439335158
YEL034W,0.8575135304817838,0.8647044430324264,0.8213361207551222,0.8069850791928918,0.8525870046310068,0.7302345885875969,1.5080949238641521,1.4695475148345993,1.6887301023631653,1.75524323040414,1.5339448678225935,2.075080731337345,6,10,16.241901351442397,4.030124235236725
YBL085W,0.7186339820685287,0.6525831032668298,0.7178969071318295,0.6244736507880015,0.6267322878720679,0.6221065592726736,0.023530873687264902,0.02614735111682363,0.02356167462315321,0.027184568136405112,0.02710269282113117,0.027270111102628405,7,9,0.0020024311787641205,0.04474853269956592
YBR150C,0.7233296717206296,0.8069540831937277,0.6269144822771215,0.7748366134335622,0.6213163410867104,0.6041871818236999,0.03161406010516611,0.026407621826772875,0.03671158856691726,0.028519891434095675,0.03698599139591974,0.03781324156933237,6,10,0.0036757934689530545,0.06062832233332087
YDL200C,0.7958253783100953,0.7953711421006774,0.7549009020162216,0.6118591854018326,0.7203228533788881,0.464305627066362,0.03878142903624381,0.038824544439928714,0.04249069012030175,0.053470911180271634,0.045389084010255765,0.06281761891664056,6,10,0.007495472145225863,0.08657639485001592
YLR131C,0.8073450026044934,0.8099559582369407,0.8046394350031777,0.6567867781929417,0.6987462620613264,0.5779821750079657,0.023761708304705257,0.023600143836332913,0.02392797642227885,0.03171535126574617,0.029713495340019113,0.03516842492894112,7,10,0.00298214103959812,0.05460898314012192
YNR070W,0.8683816904136421,0.8824760559830562,0.7963492087988638,0.7996184924138414,0.7719793207861849,0.6938505614445731,0.026886013314324622,0.025405715697935986,0.03344346796532242,0.033173941530114714,0.03538794735310984,0.0410048274460208,7,10,0.005588427844835392,0.07475578803567916
YCR017C,0.9175256773415441,0.8796811859531662,0.8993431121627876,0.7514574681144585,0.8767242833494757,0.8579109157111388,0.037228379899120964,0.04496571769736554,0.04112789741178379,0.06462716682133715,0.04551489301897246,0.04886468640829024,6,8,0.017099470193374475,0.13076494252426557
YLR454W,0.8532190367062731,0.7306756880297827,0.8813009131581911,0.6636533344464727,0.8232613038013177,0.8118804360303586,0.04520358289046013,0.061231623093671805,0.04065010587386895,0.06842763897670093,0.04960252852585915,0.05117466093046812,7,9,0.014165409117497405,0.1190185242619711
YLR455W,0.7094548182948667,0.6587998916458458,0.6686612116216609,0.583382179905958,0.7020278444819206,0.5226700447553341,0.024287665490097057,0.026319856322158226,0.02593672120868063,0.02908357938057918,0.024596129744593218,0.031130656458445774,8,9,0.002065908135171557,0.04545226215681192
YMR255W,0.5503914981419257,0.4244585836534511,0.5167885378071347,0.4989278149557098,0.6360175040960852,0.3564579097220849,0.0560187332794741,0.0633803039063898,0.058074387820417066,0.059137937553301774,0.050402987175752256,0.06702001258950557,8,9,0.007102073969482318,0.08427380357787535
YNL258C,0.7445800198829078,0.7555528460211647,0.7389374058027781,0.341024694552437,0.7785754716614669,0.5172665746664078,0.025166164335763654,0.024619662069547594,0.025442625153573855,0.040422592627977566,0.023431627735710964,0.034597385479820705,6,10,0.0025230875906632312,0.050230345316981756
YKL181W,0.864458641304193,0.6474938011288682,0.8567361419195728,0.7321263977676689,0.7891801442023402,0.8663880111561765,0.07214262437830375,0.11634276974863483,0.07416932741178248,0.10141938634182744,0.08997291172548559,0.0716273252516423,7,7,0.039071958128931945,0.1976662796961888
YKL165C,0.7999739379829208,0.7636767986027109,0.7296767380815198,0.6462834227014498,0.7792473613065558,0.6822621660232395,0.09500484103293667,0.10326558835554638,0.11044451510207826,0.1263368807899034,0.0998057114695454,0.11973935336085957,6,8,0.04591536321617085,0.21427870453260364
YAL060W,0.7480934085655107,0.5749915899769944,0.8170402468329339,0.5882224105412033,0.6873825814919992,0.296104791183153,0.377200956902607,0.4899500225855643,0.3214628590239282,0.4822634776162281,0.42020344278601485,0.6305318437328623,7,8,0.5747237945318256,0.7581053980363321
YPL190C,0.6607168337965897,-0.3899313274962548,0.7294056682763338,-1.079204763205428,-0.26098991011717976,0.04674212724411764,0.04482037788005646,0.09071749080163301,0.04002706118505273,0.11095400631014948,0.08640724599635252,0.07512760738587793,6,9,0.006024789158087424,0.07761951531726685
YPR085C,0.6902824121520961,0.6777275200931714,0.5913308172497379,0.4694416904497788,0.6708982132352207,0.5879249918924379,0.03931433937235762,0.040103258224519156,0.04516000619694522,0.051455832449600926,0.04052594664108065,0.04534779619221763,7,9,0.005077959517409852,0.07125980295657469
YHR192W,0.7549384330682934,0.7482356133313688,0.7340654653963321,0.671552441886246,0.6893071655985861,0.29037262204081526,0.023082457343395694,0.023395998621871368,0.024045389042333186,0.02672252286301176,0.02599022607250437,0.039278927400785715,8,10,0.0022122897905175807,0.04703498475090197
YJR117W,0.6160185721607315,0.5536362349930195,0.6821394144763397,0.5259267455554184,0.560979410679157,0.2882478803492121,0.09744234023419386,0.10505991912669639,0.08865657216067829,0.10827179164751485,0.1041921597208394,0.13266518918600126,8,9,0.02516160440807505,0.1586240978164259
YIL084C,0.8595650134379337,0.8240709058178758,0.8402978605362226,0.6900055452508593,0.8330689107561726,0.6937826254094709,0.02356181802834418,0.026371812076431193,0.025126182283996316,0.03500645244637795,0.02568855955789828,0.03479253344283456,7,10,0.004022494101538538,0.06342313538085718
YLR148W,0.805434323420648,0.7853990457105242,0.7423807116979069,0.6647714183932825,0.7717501506293221,0.6421632637718225,0.024799733354275055,0.026045321427370295,0.028536656334864442,0.03255250518795146,0.026860812595011843,0.03363228379853413,7,10,0.0032164805676770623,0.05671402443555793
YMR104C,0.7397703640797504,0.5414648033326136,0.7128479405030669,0.5378673333220494,0.6922092424248883,0.47273010873117327,0.057553075925240976,0.07639703452132761,0.06045693559372436,0.07669613815125245,0.06259187330452752,0.0819231510910028,7,9,0.012951899405813434,0.11380641197144137
YLR242C,0.8051152198745434,0.7960308396728201,0.7614769342719456,0.7300497155836287,0.7253425329104878,0.6481565272880144,0.026440003907054064,0.02704922380723994,0.029250799745031995,0.03111819858320471,0.0313883335192481,0.03552608107178954,7,10,0.0036500452159197267,0.060415604076428195
YDR373W,0.6962764094679734,0.7326228629475783,0.7000007511007142,0.4268117835516556,0.7125634320950975,0.45320006242600186,0.03652502733745659,0.03426994609983881,0.036300396661498334,0.050176447944873415,0.035532216226581065,0.049007834759247346,7,9,0.004469466761490322,0.06685407064263418
YDR192C,0.8804305321618672,0.8725897244585076,0.8864426972940325,0.8271264517312599,0.8308288396263004,0.7126364816702987,0.02091075955411644,0.02158548879490741,0.020378264469271573,0.025143395866026624,0.024872693842492147,0.0324171981928886,7,10,0.0037211095681753295,0.06100089809318654
YDR298C,0.5781527710402409,0.7365271389475806,0.5887943295029814,0.6343061895907068,0.7282492157556815,0.580944471431364,0.21790410861404355,0.17220896731802207,0.21513811849052675,0.20288345101136404,0.17489331987398826,0.21718188890113313,6,8,0.11453250915578712,0.33842651958111547
YMR140W,0.7798962140713539,0.7321342976842664,0.7380127827561178,0.593068992096758,0.7320356811543243,0.6905084480158692,0.03640996366786989,0.04016659747852121,0.039723411585890524,0.049507030922202176,0.04017399059738703,0.04317485509017452,6,9,0.006128668292338941,0.0782858115646695
YOR232W,0.819226976636616,0.8029990912819597,0.7771911223804204,0.5440647698948375,0.8436769318431667,0.538128333648275,0.05179116941177217,0.054065848261178835,0.05749831952066994,0.08225086655933843,0.048161548461847545,0.08278460235415182,5,9,0.015098400832207844,0.12287555018069235
YBR081C,0.8052562340962077,0.7500308177921589,0.7306351063116117,0.6525358510710759,0.7430586843222895,0.5832347283328595,0.020850785124385707,0.023622935567886468,0.024522295837548502,0.02785131025738978,0.023950114969004996,0.030502567166357058,5,10,0.0022716132820367295,0.047661444397298004
YDL133W,0.7430187431134045,0.7758960175972226,0.7318126790086465,0.6392399230528023,0.6601658286031129,0.5664956067269074,0.02658692952609179,0.02482802917310053,0.02716042622132551,0.03150117079398092,0.030573910022462444,0.03453140200875753,7,10,0.0027989043541968416,0.0529046723286029
YOL126C,0.7885511796399158,0.768556175057337,0.7912285285603023,0.7873356847935983,0.7814848168716402,0.7328470410228186,0.7429368736099761,0.7772703111703262,0.7382183845773594,0.7450691671375114,0.7552488798623199,0.8350822928323108,6,9,2.656144506941287,1.6297682371862838
YBR121C,0.881505618853301,0.753077252571529,0.826049228541913,0.7255806597248005,0.8738581426715221,0.8238849474350132,0.09751107644569901,0.14076206275654451,0.11814579030433968,0.14839266352513747,0.10060850203583889,0.11887849835053382,7,7,0.08165133356548267,0.2857469747267373
YBR161W,0.7385592065888666,0.6724285501128184,0.669712432413873,0.6581161703578408,0.7031510550850923,0.5373576347807144,0.02674901497508209,0.02994154034867922,0.030065416930882112,0.030588656146409612,0.028502888394151642,0.035583102959761505,7,10,0.0027848087369384024,0.05277128705023597
YAL018C,-0.08429546006831434,-0.09066080870972537,-0.060375108404516764,-0.08229703048532588,0.017447871126106795,-0.0852078696403622,1.9387231328919177,1.9444054356677438,1.9172190466825216,1.9369357102531715,1.8455243221489561,1.9395386567235164,6,7,3.5272568308826053,1.8780992601251418
YGL008C,0.945435276889291,0.8791745911182625,0.90905099760944,0.845560540733989,0.9149251318576048,0.8305700230888113,0.541151214269226,0.8052705122059407,0.6986531625266532,0.910420012421684,0.6757145984932702,0.9535814304519397,7,8,5.461078970488291,2.3368951560753195
YML046W,0.7827267141209006,0.7950624082797915,0.7844581241135054,0.6897978336579644,0.7663100660514413,0.5563613419067344,0.024301016817552576,0.02360109179202508,0.024203998031234002,0.029036461677251782,0.025202364167764887,0.03472449762317223,7,10,0.0027656403161060747,0.05258935553993864
YOR310C,0.8758043998625892,0.6692838282822939,0.8872851110128649,0.5957837133556301,0.8253067778596682,0.7394074842702721,0.08980899945042566,0.1465529175811638,0.08555736419792512,0.1620218761540772,0.10651353059138866,0.13009114077675124,6,9,0.06608252721316205,0.2570652197656502
YPL219W,0.7854644463197592,0.7710854232202212,0.7709692253495926,0.689682380826906,0.7523223755048775,-0.2718898246692407,0.028849234157083674,0.029800350711728135,0.029807913135301983,0.03469667580925574,0.030997597719335072,0.07024402639347639,6,10,0.003947502736994288,0.06282915515104662
YHR100C,0.7185015317702395,0.8028578716777958,0.7169707329200017,0.45194006292093525,0.6602282705598035,0.6114270232532204,0.026102212882169514,0.0218438421609539,0.026173089044830435,0.036421123419114805,0.028676948058955463,0.03066730458008427,7,9,0.0024628148101748255,0.049626754983323515
YGL137W,0.8595658178966138,0.8393620479941184,0.7186019957127934,0.6626837498510363,0.8805483015705898,0.7122719838555629,0.04987375001839604,0.05334082013357889,0.07059860441252887,0.07729550543873523,0.04599724009250697,0.07138824166760999,5,8,0.018022886882295832,0.13424934592874496
YJL148W,0.7000172893484362,0.3814455337062893,0.7159971004340995,0.3716629344217407,0.5925141184624297,0.5028474035921711,0.05624181963614241,0.0807607278439681,0.05472334521851568,0.08139684853357741,0.06554922084224897,0.07240292418700833,6,9,0.010729405015154235,0.10358284131628286
YKL042W,-0.0028560179756924597,-0.16322049810979422,0.12492860213815771,0.03007461732020067,0.12234866473168338,-0.11172131339355174,0.26690764074458073,0.28745689972457233,0.24932363983725436,0.262488859815511,0.2496909047111778,0.2810215856306636,6,7,0.07228306605164317,0.2688551023351485
YNL021W,0.8143848539471391,0.8035720374990425,0.7513393147998414,0.54118807987443,0.7626479155323307,0.12960700531250113,0.021489202515385487,0.02210625874288205,0.024872369220910493,0.03378554579918716,0.02430021510945453,0.046534096538634495,7,10,0.002531513943968517,0.050314152521616785
YKR086W,0.807076713414103,0.8046338130376002,0.7664661570389024,0.6573794729148525,0.7094252296116752,0.6543687695973168,0.024837648365947092,0.024994407641348998,0.027327069507284918,0.03309975947181552,0.030482255577336984,0.033244869854027775,7,10,0.0032537893607755206,0.05704199646554739
YLR147C,0.656538791243902,0.5835960341056041,0.6149597559405737,0.4742905267665195,0.5784412481659964,0.5975682078931558,0.04516587023373659,0.04973120288810998,0.04782165449251469,0.05587846108047005,0.05003807461611404,0.048889734268976665,7,8,0.006043606904925246,0.0777406386964067
YGL183C,0.6025339253692481,0.6326199425227855,0.4990798566749739,0.5985255416208923,0.5941584121365784,0.7392641777585822,0.07898180152944251,0.07593374010757141,0.0886668440474949,0.07937906207664097,0.07980962623011792,0.06397014776953107,8,8,0.015970081893732176,0.12637278937228605
YGL150C,0.782604642507647,0.6894073167423401,0.687839125659901,0.5309461020247674,0.7370683702166276,0.6694572137781829,0.027552866302644398,0.03293345258692443,0.0330164888640861,0.04047184720964466,0.03030142612113449,0.033974689309366556,7,9,0.0035533373602757864,0.05960987636521138
YNR002C,0.8598027141436189,0.8128475190617297,0.8351561982120419,0.7692286507621405,0.8399524385959489,0.7982219377459561,0.05245776591283887,0.060609092599670594,0.05688218871276661,0.06730245904003819,0.05604856764819704,0.0629327864559224,7,9,0.019972531438672655,0.1413242068390007
YDR066C,0.6879312682427342,0.6280444922959357,0.6741274373253802,0.5756658127192451,0.6294287106365033,0.7062817151268184,0.037379213791323966,0.04080849057965513,0.03819697166043215,0.04358720749745487,0.04073248617547657,0.03626356748536711,6,8,0.004555784858720678,0.06749655442110121
YJL198W,0.6149326571996006,0.6239649609961568,0.6302578082865811,0.5382364975385783,0.6104574582181934,0.3072373849892711,0.033348120832480545,0.03295468612763152,0.03267777875258796,0.03651849105428796,0.03354134465500067,0.044729623625990984,9,8,0.0029387265909723397,0.05421002297520579
YDR168W,0.6601066044575814,0.7495100219443611,0.6722476908547064,0.5344162522434432,0.6971179540994619,0.5077596198681158,0.07754025924085137,0.06656578578387572,0.07614278644544946,0.09075170469502324,0.07319689365966543,0.09331350541348547,7,8,0.017999685182793372,0.13416290539039982
YGL062W,0.5398450274049396,0.12827184718060303,0.5440720102107934,0.11098624801022738,0.5120955910059195,0.59229012055381,0.16422522962618316,0.22603638551063854,0.16346920306402413,0.2282664357152641,0.1691045096183815,0.15458360659958342,8,9,0.05963878318710889,0.24421053045908747
YHR118C,0.8282250367167701,0.8448959243383427,0.8221967008563797,0.7943729868313818,0.7470364142549073,-0.1801569162118144,0.024121300915891673,0.0229209386818008,0.024540912213574583,0.026391305741867162,0.029271824910359956,0.06322526704065852,7,10,0.0034466304983876562,0.058708010512941555
YER048C,0.7848448677511047,0.7752295562664796,0.7490084059365318,0.8176860669057053,0.7970049980145665,0.8547138468656696,0.03333460957374138,0.03407133254280193,0.03600386347867566,0.030685234601197313,0.032378907449140744,0.027392497470303315,7,7,0.005255235390904349,0.07249300235818867
YDR377W,0.7330121036215971,0.8056474355000902,0.7983160194708122,0.7184160664048663,0.6198142341504655,0.6850512171299623,0.2417235324047155,0.20623780754183996,0.21009167688527447,0.24824304008257816,0.2884503510326262,0.2625385682882817,6,8,0.22268934027625759,0.47189971421506244
YGR186W,0.5761180369487768,0.321704079276416,0.5328682353260077,0.4237443437129004,0.4125244266009126,0.46216585836896984,0.03733777727268788,0.04723191941822389,0.03919635589114404,0.04353450320765337,0.04395627676131637,0.04205815101937616,7,9,0.0033466101383888445,0.05784989315797259
YDR012W,0.8658792082222961,0.7731433334132796,0.8524522049810953,0.7591751409924691,0.7817172952537614,0.44947458930274187,0.30370444146493697,0.3949834165404515,0.31854401578048286,0.40696189440187164,0.38744740115567333,0.615306883628595,6,9,0.6997764385598579,0.8365264123504158
YDR307W,0.7352583367092705,0.613043925397288,0.6798278219772382,0.5182815191935708,0.7232224070856672,0.6058601321817467,0.03133742147171426,0.03788636565931801,0.034462272115766926,0.04227160776432682,0.032041849495076914,0.03823642634425762,7,10,0.0037744820307832275,0.06143681331891513
YOL086W-A,0.666031225890414,0.7739926559241964,0.6123197399032464,0.5004516370726396,0.6531187827824028,-0.5173121634675615,0.03269075869129616,0.02689263419870302,0.03522158638304304,0.03998166156902484,0.03331673702559797,0.06968022403136093,8,9,0.0032560965578549697,0.05706221655224208
YOR380W,0.7594509631182982,0.7351096786664021,0.7946806664536437,0.6799712393505383,0.7508905363836104,0.5685557987414509,0.028918408869921527,0.030346291670815477,0.026716988625294192,0.033355471760403564,0.029428470840234314,0.03872887669645489,7,9,0.0035375151062832337,0.05947701325960504
YLR262C,0.8374322401195905,0.8435295451290199,0.8511398802709051,0.7958100192528803,0.8479159852577121,0.5815492952041003,0.020909602222345107,0.020513734619901653,0.020008647921830106,0.023433964864191865,0.020224153115747958,0.03354677008031561,6,9,0.0027365932950334923,0.052312458315715696
YGR062C,0.6930451817634817,0.7177815533280687,0.655511148542945,0.6805610850995506,0.6760641989553928,0.5172840101916705,0.028975521057214026,0.027783485347767263,0.030695987748432747,0.029558877523675448,0.029766207251949527,0.03633623030529223,8,10,0.0027831793406102455,0.0527558465064323
YJL084C,0.8845981754463867,0.9011439840153788,0.8819087422269033,0.7711998194560727,0.8601389621265133,0.8255587528384818,0.020672286390118103,0.01913302889165512,0.020911782319289304,0.02910786531785835,0.02275781426786352,0.02541597454489863,7,9,0.003768057215214266,0.06138450305422588
YOR154W,0.7589950501606542,0.7694901756629478,0.7145945910438822,0.6328957067516561,0.6452326508425565,0.6199149107239579,0.02477161952344779,0.024226246934461012,0.026957059640938707,0.030572865907902574,0.03005475840050454,0.03110869808294089,7,10,0.002590812461762203,0.05090002418233417
YGL243W,0.11113441558676884,-1.371314332536413,-0.3587244257306299,-1.007200696031028,-2.297271704467062,-3.123515313580043,0.04710859252114296,0.07694433425491404,0.05824354153024846,0.07079090797468916,0.09073178418362167,0.10146491341773485,7,9,0.0025404889155035155,0.050403262945007
YDR085C,0.8065918168990883,0.8092923457614287,0.8120939323060135,0.7427486714762055,0.7590957509930611,0.6436693785981629,0.0377030508168547,0.03743890455275294,0.03716288940714338,0.04348283824994238,0.04207860183420519,0.051175918191726864,6,9,0.0074787889829333945,0.08647999180696882
YKL191W,0.7514264274355676,0.7075686457021765,0.5470961526119127,0.628612324678499,0.47590076980978313,0.37114539653241807,0.024550702127205098,0.026628604523050808,0.03313900350504338,0.030008907417973518,0.03564865927014171,0.03904914796581142,7,8,0.002467323060553591,0.04967215578725762
YOR330C,0.7048849471601917,0.7940390243399114,0.7495450985394068,0.6771669374077163,0.6793444321430868,0.5912510324552793,0.028050490636663646,0.02343350496800275,0.025841013840713203,0.02933822156306447,0.02923911165358234,0.03301209721335917,7,9,0.0027129556855160454,0.05208604117722948
YOR020C,0.8715125325227547,0.8355078775840602,0.8896318826365243,0.6198172604507486,0.8302829536092251,0.5883031041267652,0.21025675671122748,0.2378987327054864,0.1948683884857865,0.3616727383117051,0.24164750139234395,0.3763642574575897,6,9,0.3501001450537191,0.5916926102747263
YFR053C,0.6272091625908232,-0.8196323943641308,0.6333613671429401,-0.42236961641168325,0.680624636698929,0.2903879937799838,0.2182246066596651,0.4821286441757165,0.21641642419254925,0.426262706304318,0.20198625187130284,0.30107977446253653,8,8,0.12998563109404343,0.36053520090837654
YDR002W,0.7099627868023184,0.2827699219311607,0.7469355572530789,0.2913345023099576,0.7590500912431708,0.2926856810774875,0.11048836067553125,0.17374764034720377,0.10320606796724026,0.17270714807810514,0.10070546781356662,0.17254242327375768,8,9,0.04282846154314055,0.20695038425463372
YBL082C,0.746297205830829,0.610879856540773,0.7871298789501989,0.6487992385366126,0.6920864630664929,0.6342784240573165,0.02307501880499176,0.028577306654408104,0.021136680952657153,0.02714920787819678,0.02542107018239514,0.02770478152282361,7,11,0.0021355611655947534,0.046212132233805804
YBR039W,0.5738491006553171,0.6279086472482351,0.5543677785186489,0.3720501620529397,0.6136898103898336,0.26178440039012507,0.11457719962065037,0.10706346319758057,0.11716686001478685,0.13908457736156282,0.10908990928026815,0.15080234951344318,7,8,0.03134628915916056,0.1770488326964077
YKL189W,-0.02390161761217402,-0.05598436466372392,0.14086586314527771,0.14972517748097058,0.1702081723396356,0.04257663081365304,0.3910376294178981,0.3971167273578039,0.35819533435348144,0.356343709419574,0.35202541042533336,0.3781302734091607,6,7,0.15196095408530735,0.38982169524708005
YMR294W,0.7819560158348892,0.7766538039544699,0.767220843909268,0.5532859350053592,0.6906621054578497,0.6432151761523777,0.025311392605818377,0.025617294782272246,0.02615266979603585,0.0362292045761319,0.03014814173630981,0.03237778778634352,7,10,0.0029897929217259337,0.05467899890932472
YDR424C,0.7578696579283711,0.7863994579918236,0.6239790752257226,0.45816534012341126,0.588777568966853,0.7056105496845411,0.06075394657791134,0.057062535145157293,0.07571046155057175,0.09088313056661786,0.07917503887216668,0.06699015898736999,6,8,0.015511468393013692,0.12454504563816937
YKL095W,0.8540895998908575,0.8404074918730687,0.8454957999241977,0.7984811521650513,0.8352594387552104,-0.8196764171225857,0.023808967935054378,0.02490024934204122,0.02450008498800735,0.02798048780954514,0.02529867154267163,0.08408035356965249,7,10,0.003953193110182767,0.06287442333876922
YJL060W,0.8486095441485859,0.9377860763100028,0.8191138124824381,0.7323236640436074,0.8065160759467873,0.8478304324169879,0.20856455876108596,0.13370112412789237,0.22797853856355005,0.2773296171303709,0.23578366063693404,0.2091005455403294,5,6,0.2923719223007365,0.5407142704800165
YPL230W,0.7293790258879395,0.5496489071901438,0.7172851704059802,0.624671060715337,0.7529643356156062,0.7000985166017648,0.09302187505718086,0.11999964835142951,0.09507769791669705,0.10954949720846792,0.08887593675269373,0.09792502021606385,5,9,0.032535828016691866,0.18037690544161097
YGL207W,0.8924877038402739,0.7829606722795044,0.8250646607891708,0.5362642648294006,0.8944806184030161,0.7104287053974473,0.03177567907888955,0.04514763338667105,0.040532607923820234,0.0659934835612306,0.03147979464904682,0.052148704730327594,6,9,0.009556187930163253,0.09775575650652626
YBR236C,0.7727463972991184,0.8045377310143875,0.7299433465171741,0.4027801761724369,0.7348754424218558,0.5105299665794896,0.024137505354518956,0.02238558574110843,0.026312640701111664,0.039129482314824215,0.02607125713925914,0.035424199810831294,6,10,0.002608717954517203,0.05107561017273512
YKL149C,0.8408502580940564,0.8346649503256852,0.7787260306161672,0.7391449180851634,0.7742580759628512,0.6270591377861645,0.022656527523653932,0.02309260057618896,0.026715022360127124,0.02900614607042467,0.02698338872208275,0.03468249752646041,7,10,0.003281964622265455,0.057288433581879815
YDR301W,0.8119044501707706,0.8213257842942215,0.7830317061531666,0.6558834614133695,0.7664427424794293,0.6825966555694232,0.02231282808989932,0.02174684711491481,0.023964230931498666,0.03017992331687397,0.02486348734554413,0.028984853414578644,7,10,0.0026932945734174703,0.05189696111929359
YBR288C,0.7766485070885965,0.7618788389729034,0.737482084351147,0.6583199070036582,0.7544216377160483,0.3212959997698942,0.02344230533201604,0.024204988693499116,0.025414721916569204,0.028994506864840328,0.02458107873099155,0.040864490910880964,8,10,0.002503599837561416,0.05003598542610524
YOR100C,0.5830594347836843,0.6740497618877457,0.5892255922210764,0.6642385970859697,0.7187327193247777,0.5653333335756126,0.5235186202848988,0.46288244361346376,0.5196330275711228,0.46979722060866913,0.4299863458890047,0.5345314047145123,6,8,0.6688723652546462,0.817846174567471
YDR077W,0.8570972226614033,0.7185637320316952,0.8550751909070425,0.6311617964307428,0.8231202262984848,0.5199113205415369,9.14452253612953,12.833074969411298,9.208991419011484,14.691246607544567,10.173720138894025,16.761058138517583,6,10,595.4352445776036,24.40154184836695
YER009W,0.8035120283599869,0.2282678384216158,0.7677975231028484,0.5430967510224587,0.7925888268771017,0.5082761935530887,0.13292234828514826,0.2634288404957919,0.1444985351568747,0.20269458358468975,0.13656710224523097,0.21027645071570653,8,9,0.09149833238151724,0.3024869127442
YDL085W,0.7628081695314591,0.7537668843276614,0.8165113850520254,0.21245693701135115,0.761809917667283,0.7925540779841854,0.11737501074987647,0.11959114168170441,0.10323580364868673,0.2138764352312215,0.11762174521958432,0.10976862715607112,6,9,0.05910234345188276,0.24310973541156833
YHR037W,0.7888135529222815,0.6601310985094335,0.7530653939973327,0.5234067676671157,0.7698686659328788,0.7558007181478782,0.04071841281602573,0.051655138823886275,0.04403001138722829,0.06116905267979914,0.04250555553832575,0.043785469446463596,8,8,0.007988565054304562,0.0893787729514372
YMR174C,0.09859549634508236,0.01037522516445133,-0.24360253906208418,-0.5985960831496844,-0.006709502052168359,0.09709146537225644,1.4152991359488283,1.4829402716144986,1.6623756918393184,1.884767359344786,1.495686120793769,1.4164793866191976,9,8,2.2611527274896694,1.5037129804220184
YMR095C,0.8767423629358412,0.7528245757930259,0.8378245721775625,0.77857769184352,0.7957408255022349,0.8062359977241784,0.03477573857070266,0.04924612777320736,0.03988981017497586,0.04661011026089564,0.04476723069112908,0.04360195794524608,6,10,0.009983711549908346,0.09991852455830373
YKL180W,0.9333157940439396,0.9229610423481449,0.9049415776921379,0.8209790465328177,0.9372210264285015,0.9135149429541229,0.2533373979576483,0.2722970977829914,0.3024705628569486,0.4150875872085764,0.2458073806114845,0.2885083264741078,6,9,0.9793293377924136,0.9896107001202107
YER006W,0.6483003462430242,0.07674830420594403,0.5555420486770368,0.0023346598929148143,0.12064860316252368,0.3417668545709369,0.04222540004854982,0.06841445307753363,0.047468241420464095,0.07111811626361668,0.06676810207818158,0.05776671563967029,8,8,0.005158563046941069,0.07182313726746464
YKL104C,0.0004350463004105798,0.22298892601366782,0.0698872729793012,0.254213205694547,0.14246713594519655,0.20970940025301066,1.5240568796620795,1.3437215108221519,1.4701561292076384,1.3164458806328194,1.4116305603671035,1.355155317157807,6,8,2.364528040611868,1.537702195033833
YLR080W,0.7904037131025132,0.7810091306153519,0.7762064612998565,0.7356810030823046,0.7387830890633197,0.6696012852517617,0.03269894449621787,0.0334237324062446,0.033788251142345786,0.036720292378997876,0.036504179091938094,0.04105453300577948,6,10,0.0051908325759173115,0.0720474328197564
YIL115C,0.8477925623471103,0.7801377440255297,0.7993081479698414,0.5736876952875671,0.7973235627320179,0.6510003877908638,0.019742780744863433,0.023728250849492954,0.022670194980499235,0.03304108642922343,0.022782008825295425,0.02989529595842676,7,8,0.002605756968958443,0.05104661564647007
YNL265C,0.7175931827727586,0.6955793025404907,0.7188570564831336,0.6756088060904335,0.6957417220494284,0.6529533878630671,0.04082873734435596,0.042390198425467686,0.0407372731355902,0.04375854663454526,0.04237888856075846,0.0452608041435648,6,9,0.006006339275306337,0.07750057596757805
YHR049W,0.6954437498944561,0.6263271501267231,0.4687007092096531,0.2733925929620016,0.674579945526464,0.5990405714091663,0.08935671989871757,0.09897812722164484,0.11802202942009178,0.1380204282037344,0.09236674019930831,0.10252828082855685,7,9,0.026677188533698055,0.16333152951496552
YLR071C,0.8094587980305866,0.8171350226312982,0.7651870430905524,0.483872739049207,0.7719434491269095,0.6444618533022897,0.022020556720831547,0.021572432193493897,0.02444527194725599,0.036242007297772744,0.024091016228851847,0.030079938669324777,7,10,0.002589529283038256,0.050887417728140386
YOR150W,0.495590409963066,0.24848637036671106,0.15625311764814398,-0.40888959149310744,0.6450573988009051,0.30584164922566803,0.04694069841414924,0.057296264730479135,0.06071052242992754,0.07845061633241397,0.03937648480097784,0.05506645968464919,7,8,0.004444970642820734,0.066670613037685
YER116C,0.8336632860506489,0.8813714464937255,0.8473161859318845,0.828783573354404,0.8090276128854328,0.7506808313770619,0.028740242326400548,0.02427118520783168,0.02753549365598808,0.029158762012524053,0.030795102587551297,0.03518634866483881,6,9,0.005052960130801563,0.07108417637422243
YIL038C,0.682356769461453,0.6664850164244156,0.5983677504436649,0.5366210106446772,0.6866267874446124,0.5535561590487281,0.02455118947603545,0.025157090426673,0.027606860755714994,0.02965315480825693,0.02438561263606489,0.029106243200883498,8,9,0.001930894785203337,0.043941947899510975
YGR101W,0.39426927090807884,0.4669248485386144,0.417388333866865,0.5231469064528349,0.373582366571689,0.28005081695117595,0.06205487133323092,0.058214382597410935,0.060859119485544906,0.05505900750970025,0.06310562372331024,0.0676529903853521,7,10,0.006468823334400728,0.08042899560731023
YMR021C,0.8065520792765697,0.78833755314679,0.8036225099078148,0.7238125476948594,0.7899196945371879,0.6657101687921414,0.024904130033780808,0.026050211186365167,0.0250919951406302,0.029757148632048206,0.025952668078951097,0.032737908099872724,7,10,0.003262359540722784,0.05711706873363499
YDR405W,0.29572507737219444,0.26537257695738625,0.23395751308743684,0.15653264861777672,0.35279750562949486,0.1628867476876914,0.08973470073407462,0.0916479752277973,0.0935870451175153,0.09820270369554451,0.08602197267867208,0.09783210883420225,6,9,0.011634072097961343,0.10786135590637336
YHR107C,0.6975356661977714,0.731853672598952,0.7246847681755724,0.598263802321339,0.7108274806299373,-1.0829342836681577,0.028335322710548318,0.026679458118517376,0.02703374404596801,0.03265589269260199,0.027705729341148885,0.07435819893999122,7,9,0.0027010666061564118,0.05197178663617801
YOL033W,0.7785624233955328,0.7479459816398542,0.7682312651414166,0.6049652373645238,0.7464536456815812,0.6414547842888699,0.023813302820014388,0.025406262882728542,0.024362474624610952,0.03180618876528877,0.025481363301845566,0.03030162649153362,7,10,0.002605800045465226,0.05104703757775985
YGR043C,0.5798958759514153,0.678401965129728,0.49135898572509284,0.606480238841341,0.26497344674666956,0.5817245984248272,0.1512543628811416,0.13233847668718599,0.16643134634777,0.146390438307804,0.20006953021998142,0.15092479705731554,7,9,0.05541304479996709,0.23539975530991336
YDR126W,0.8211086908069505,0.7915938331614393,0.7988392244439961,0.7508026268207986,0.7290205330203732,0.6488351059723722,0.02541069506597072,0.027426930517185293,0.02694595462065094,0.02999118690924715,0.03127448130030018,0.03560225199854248,7,10,0.003672797504476279,0.060603609665400945
YCL029C,0.8161824797037905,0.8142129694690518,0.7854611578183757,0.7470041100584588,0.7987843971034673,-0.34996145404909673,0.023665164896665997,0.023791607146284546,0.02556636881141315,0.027763410617320964,0.024759787354122233,0.06413229290443166,7,10,0.003100168538586787,0.055679157128918425
YEL048C,0.7150985865756833,0.6802353000469453,0.7005082670186482,0.5337365947571728,0.6660923422162881,0.41153446241837566,0.02816011098221727,0.029833370351373106,0.028872173549654753,0.036024895170511974,0.03048598627487162,0.040471339369908356,9,8,0.0028322217800220077,0.05321862249271403
YER072W,0.6623495996168449,0.5221971348425998,0.6599454158287932,0.5570451145578079,0.7855444644790979,-0.04678046063410246,0.23695063999208993,0.281869851296441,0.23779272757065117,0.2713963481000712,0.18883951740468632,0.4172074502875863,6,9,0.16920049955744879,0.4113398832564729
YML100W,0.7976920115239539,0.15985227896289644,0.8119442903936586,0.5776861693850615,0.7008119444315052,0.495376204518452,0.3045652996377652,0.6206571055352064,0.29364131936525784,0.44003939328718733,0.37037872347327067,0.48101405649646495,7,8,0.46655295847170125,0.6830468201168213
YDR255C,0.8177044336499315,0.7583387709738736,0.8086932348338103,0.7145821907235441,0.8545068014979645,0.7865645128565413,0.05044381189035763,0.05807956224023126,0.051675538200766945,0.06311903908047894,0.0450651883059358,0.05458246679208101,6,9,0.014203416637837018,0.11917808790980419
YDR330W,0.7519807423671143,0.8065248114791308,0.8112892749569192,0.7989290550042009,0.7944250035569446,0.7644784075144881,0.04051179421307284,0.03578091279886374,0.03533760141896343,0.03647652315409187,0.03688280326299301,0.03947790893349862,6,8,0.006733342260308181,0.0820569452289578
YOL078W,0.8191744779991715,0.8320956389035487,0.8130160202663271,0.7583016476795655,0.7461044577905532,0.746471876372266,0.025013918168835088,0.02410365204159463,0.025436307146765848,0.02891936188680231,0.029640081870842164,0.02961862765484102,7,10,0.003520925695176535,0.05933738867844232
YPR145W,0.7615000712748731,0.6746203743426933,0.7089581487094434,0.46587010453358,0.7842421984781668,0.7531157327185427,0.1905225665160755,0.22253456347727063,0.21046506535931747,0.2851187245436179,0.18121141455743284,0.19384250081513188,9,9,0.15486658822171437,0.3935309240983666
YJL069C,0.7465610503504574,0.6679188403787719,0.7157046075892319,0.6180443408035896,0.7337137716806321,0.42789783671789494,0.025438461751059318,0.02911898848486653,0.026942573530047313,0.031229184304946686,0.026075252307137354,0.03822002450798247,7,8,0.002598133545797855,0.05097188976090503
YBR257W,0.8203548097328505,0.9312511709269176,0.8483826689600036,0.8425796674913173,0.8742532035396913,0.7469357710339624,0.02633758689703583,0.01629299173840339,0.02419594608659035,0.024654636121693347,0.02203518237539712,0.031259610698638175,6,10,0.003929067652898707,0.06268227542853487
YPL049C,0.43678165241004163,0.4762978024501231,0.4366203653500996,0.5442553435007569,0.19989395995653325,0.20609953342909326,0.04503765886136101,0.04342897787470848,0.04504410704584254,0.04051335435636303,0.05367983650877307,0.05347126253668398,8,9,0.003664611649414898,0.0605360359572288
YJL046W,0.771997988909632,0.7502471172050675,0.7135137954331976,0.5664436352960966,0.7104895219435441,0.5943295208242434,0.02486282512901524,0.02602174348800611,0.02786974489701672,0.034284981512706196,0.028016461312088823,0.033164071215966165,7,10,0.002758769468551038,0.05252398945768531
YOR077W,0.8553136521696588,0.8264146686934988,0.8585762144916826,0.8341578761934497,0.8154214051734181,0.7652042733748439,0.02460716273145865,0.026952824006407354,0.024328144859396557,0.026344817205824135,0.02779319227335668,0.0313467743996028,7,9,0.004258421699803486,0.06525658357440639
YHL025W,0.7977194948653468,0.7570887052154208,0.8278241995784384,0.7022749684785237,0.8213888694557994,0.6475911743644824,0.02400262029908253,0.0263030127048588,0.022144592637316586,0.029119862182519673,0.022554640019160094,0.03168144840856483,7,10,0.002898120363490719,0.053834193255687585
YPL047W,0.8084522770543613,0.7734219425388248,0.7734223214004211,0.5902384169194539,0.6942268562492806,0.7177593918964268,0.03246626424816698,0.03531040890692265,0.035310379385609714,0.04748532795859991,0.041019795557623216,0.039409740201747,6,9,0.005599390840386388,0.07482907750591603
YER040W,0.7593918899432386,0.7178526727715429,0.7373803818910136,0.6675820177078952,0.730240901510905,0.6126535473513349,0.02656887838233538,0.028771073085623933,0.027757584634964742,0.031229163001316153,0.028132358344846425,0.03371070859712009,6,10,0.0029853091893213913,0.05463798302757333
YNL012W,0.75592894601087,0.7631733875255795,0.7239406517119062,0.5561550233055306,0.814293366559427,0.625093902339479,0.047751848774966604,0.04703783276319057,0.050784745619289993,0.06439434154410033,0.041652949589781746,0.05918249965653337,7,9,0.009506425352638263,0.09750089924015196
YGR041W,0.7052854749831743,0.6834909915044072,0.680831772603514,0.6219861845315398,0.6594292342936698,0.5250377568230553,0.027034979828566008,0.02801678628536645,0.028134234654620262,0.030618161948440293,0.029062231805587948,0.03432059616093742,8,10,0.0025235022543396617,0.050234472768604446
YIL126W,0.7463462428265022,0.5367535481390612,0.6790009300951867,0.3584209240614179,0.6803945980523906,0.3553511888448393,0.021769547106289713,0.029419466651763083,0.024489540208121094,0.03462213457565865,0.024436319783485334,0.034704863239776625,8,7,0.001901124796744861,0.04360188982997022
YPL070W,0.7575853254715813,0.726034503016866,0.7852180618163579,0.5945523727665322,0.7009708220170772,0.690973048707014,0.035775638364689555,0.038032587623239425,0.03367493896936686,0.04626742400863731,0.03973422276211728,0.040393000733640154,6,10,0.005372408349429513,0.0732967144518055
YJL137C,0.8160706916004149,0.6672177916198058,0.7380291622403929,0.6929028643260843,0.8018717677133256,0.8123391589614707,0.06632392151638299,0.08921230849772219,0.07915369666626652,0.08570035297665624,0.06883636205663654,0.06699332867586574,7,9,0.024335629985889895,0.15599881405283147
YJL173C,0.5841299879288246,0.46033806980590164,0.3038841242865088,0.29697629798242864,0.6801092832373132,0.6368727008546009,0.07246279090014433,0.08254621143101162,0.0937512406357401,0.09421525718253049,0.0635531487876054,0.06771200973017998,6,9,0.012847707677384471,0.11334772903496775
YHR153C,0.7866514910447111,0.6748762634193732,0.6621386711304058,0.6421753221513766,0.6442955498369062,0.7982136470883192,0.0710613233328903,0.08772286832315021,0.08942474857552175,0.09202877249029422,0.09175571718810617,0.06910896363728342,6,9,0.024084082573890726,0.15519047191722413
YOR119C,0.7253479404157059,0.7233811946788229,0.7391223388848946,0.527553554251248,0.7021852295844996,0.5598406811897596,0.0274656242820721,0.027563787646576892,0.02676803496099198,0.036022540458529484,0.028600337716084452,0.03476986425994346,9,9,0.0027947903008789556,0.05286577627235749
YPL262W,0.577048705045915,0.5351375995684149,0.5733831357684519,0.4780711533553498,0.6385874221109631,0.3628499749026446,0.4371669458645434,0.4583152923134377,0.43905724471022917,0.4856325504001077,0.4041138820306605,0.5365658030845905,7,9,0.4597877687938756,0.6780765213409734
YAR018C,0.8560453641826714,0.8222765709410387,0.8510887059468928,0.6809001481075871,0.7853151157913816,-0.8985156750384864,0.02208266131635902,0.02453640469574474,0.022459619943755803,0.032877734603706556,0.026967414948476168,0.08019470196609305,7,10,0.003446912874161286,0.05871041538058887
YKR055W,0.8098147210237385,0.8419349635385387,0.8041625665183125,0.7744852589434911,0.8237246009076183,0.7395446810293231,0.03115990732615698,0.028407016027131277,0.0316195411136636,0.033930884125143015,0.02999877783292886,0.03646484096860817,6,10,0.005194796684069805,0.07207493797478985
YGR233C,0.7516496099053195,0.8242798326480357,0.7194240513124792,0.5541226393663068,0.6773412847496896,0.6127286221489017,0.0388336679905908,0.032665310756206434,0.04127634274671827,0.05203357924899351,0.044263697593016633,0.04849351787520354,7,10,0.006178813943862446,0.07860543202516253
YHR159W,0.8194542435029843,0.8275956228797897,0.7954601555654217,0.7510530743223185,0.7926519839336487,0.6675875914185474,0.026377811935827066,0.025776222315201665,0.028075925773063427,0.030974086625266656,0.028267998986433805,0.03579181635888049,6,10,0.00392142025469015,0.06262124443581547
YIR001C,0.6450397679974044,0.4071861793270948,0.649966089565186,0.4612570734349656,0.6162807334575836,0.5000685410185084,0.031947866880566646,0.041286795525979345,0.03172539779369993,0.03935888682700906,0.03321687859699786,0.03791466730864548,6,10,0.002925884448771039,0.0540914452457229
YGR132C,0.38330892561338303,0.17739484360468927,0.4718919704561587,0.44430267438519955,0.41618457048566526,0.2861358061567283,0.08727872908124187,0.10080226622363495,0.08076737488092454,0.08285023327372612,0.08492046558318639,0.09390363017159402,8,8,0.012569045614300077,0.11211175502283459
YAL039C,0.5938324990929762,0.5462460407671512,0.5803575472568687,0.4722168668839549,0.6111678446855064,0.46599463825013254,0.04289687905071447,0.04534018885072443,0.043602643427220596,0.048899099834566535,0.04197147166013111,0.049186499947809936,8,8,0.004609983381654144,0.06789685840783904
YLR187W,0.8152121216464293,0.825404070505156,0.8369897007138166,0.755052081128577,0.7840075786855997,-0.17489138941492333,0.028428291397098952,0.02763319336634646,0.02670063200457434,0.032730368569521585,0.03073500409769152,0.07168245641660517,6,10,0.004450216868634099,0.06670994579996373
YGL058W,0.50119551923492,0.5133693095776052,0.4918299640319992,0.3790377066988261,0.5264238152255851,0.3558255326829236,0.0371314555730427,0.03667554267647301,0.03747842466327985,0.04142947365022393,0.03618026373471195,0.042196706449114274,7,9,0.0028125920189602787,0.05303387614497246
YJL037W,-0.07460207159847476,-0.16947840114928603,-0.07061229446441475,0.08391637823731901,0.0711574605760873,0.024163451723619334,1.4953479771547782,1.5599638471046582,1.4925694355159889,1.3806576072765475,1.3902390381250145,1.4249740998868778,6,7,2.117337062240612,1.4551072339317854
YJL076W,0.717606876481715,0.6564510466732799,0.7058826893635153,0.6297689194455875,0.7015917728785293,0.526681228364343,0.02220361112228481,0.024490117495478168,0.02265984041502828,0.025423362572382927,0.02282453560986461,0.028745735042195193,9,10,0.0017764224196118487,0.04214762650033627
YMR054W,0.5815149056641287,0.5843818429289667,0.6331154463230335,0.39982233071233386,0.5861720462223876,0.44547892364261965,0.06835166628247334,0.06811713378107996,0.06399909360295773,0.0818557186462844,0.06797027408381559,0.07868068606777133,7,9,0.011359817561000535,0.10658244490065208
YKR062W,0.868989829016577,0.9005176566502546,0.8604870719102015,0.7820718958487796,0.8606427888724447,0.838503588766198,0.024689453216126114,0.02151453522806148,0.025478050383850526,0.0318431179570065,0.025463827786981037,0.02741197980446238,6,9,0.004734466722652834,0.06880746124260678
YNR020C,0.8082340664607545,0.7523635640843626,0.7764889971116162,0.6553660365468541,0.6691360413670631,0.6715153415940792,0.023665219684445033,0.026892556102441546,0.025549021071943463,0.03172516198420263,0.03108490480211555,0.03097293466341058,6,9,0.002971684914864315,0.05451316276702641
YDR246W,0.7179215732353431,0.6924136220721934,0.6841776492522217,0.7061389672079448,0.7743763340858207,0.6935607049503624,0.05116420687546075,0.05342750072435622,0.054138066446158775,0.05222185688014344,0.045758695559550866,0.05332778399304964,6,9,0.009443125415960764,0.09717574499822867
YPL139C,0.6716223271855704,0.6100026285763913,0.6857083796971655,0.5566586082425914,0.607894024464348,0.5622722380940329,0.02339173127534178,0.02549214591655555,0.022884527858863617,0.02717970232042632,0.025560967384127782,0.027007078177128538,8,10,0.0016955252018710804,0.0411767556015658
YLR298C,0.7705516535461591,0.8053128755199905,0.7799601647555106,0.7176171082197743,0.7535754841920425,0.7062087694762658,0.02492289246857999,0.022957499995251072,0.024406563446924705,0.027648728776020044,0.025828425566392674,0.028201706707220945,7,9,0.002754641544261766,0.0524846791384092
YGR094W,0.9385458988255027,0.8282921573767019,0.8742954980898332,0.6827993044380565,0.9436377189962328,0.7603894977780039,0.08028188538692937,0.13419526536478754,0.11482000022776832,0.18239343107975065,0.07688407754243962,0.15852401098092908,5,8,0.10671793011280048,0.32667710374741676
YNL191W,0.7998192308069898,0.8791724443788829,0.6743669343119558,0.576746490650986,0.614335979529411,0.8877979755283338,0.07464278788296141,0.05799087608085722,0.09520087146393932,0.10853678643052693,0.10360512454556846,0.055882653722524704,6,7,0.028320863302903638,0.16828803671949957
YGR183C,0.7839075339210748,0.6658974165997673,0.7294225360657669,0.5687405605365142,0.7003758774132907,0.5261864978430479,0.3716277615498767,0.46209179105606923,0.4158475503646102,0.5249979935478287,0.43759940639329126,0.5502905474677552,8,9,0.6503240437659827,0.8064267132021252
YDL189W,0.8437146369366734,0.8319418162423505,0.7959049284259404,0.7080819003173312,0.811501801615912,-0.6541194743045962,0.02191048341477517,0.022720748761992503,0.02503854368313183,0.029944931102423644,0.024062813687223614,0.07128140378930092,7,10,0.003125638524461431,0.055907410282192746
YAL058W,0.7607099628253606,0.7293615630508359,0.7590934939228008,0.6234600826969856,0.7273947231001618,0.6378659170506542,0.02488360947405438,0.026463410069569964,0.02496751576526632,0.03121451416017996,0.026559396192147477,0.030611581609344154,7,10,0.002633026769049715,0.05131302728401156
YJL008C,0.7643444529537753,0.612388921602684,0.7553255550119918,0.28597007704844435,0.6927858605267418,0.30871009077743694,0.07977520442754661,0.10231214335822748,0.08128743096840095,0.13886324135627953,0.09108559347395115,0.1366341316388433,7,8,0.027479657940621568,0.16576989455453475
YPR102C,0.8880895836376317,0.822118736640386,0.8894443421626264,0.7262039500693733,0.8091355038057892,0.48974166024300314,0.2503511279380693,0.3156308168580812,0.24883117091249773,0.391586657569939,0.3269466349392496,0.5345758712897378,5,10,0.5698777896961549,0.754902503437467
YGL130W,0.731284743162241,0.7015794620158036,0.6847108298935791,0.4650576088671837,0.7409568325702283,0.6739679804267384,0.023045901470681345,0.02428633004923024,0.02496330396611396,0.03251629429554442,0.02262734554842593,0.025385029086052818,6,10,0.0020111673708691157,0.044846040749090835
YBR105C,0.470847251830136,-0.8647008821144841,0.2359018455145111,-0.5505831807148007,-0.534311138389572,-1.250491156344928,0.047260191162249526,0.08871754880834837,0.05679100070041697,0.08090073744226883,0.08047512591838982,0.09746385863890518,7,8,0.004294998632071839,0.06553623907481905
YMR191W,0.7124932366070933,0.5532785922939366,0.7454707977765762,0.5621840504972393,0.7165736003271723,0.5469486326441226,0.1703082327051991,0.21229022241375833,0.16024349832843252,0.21016355148450397,0.1690953867981719,0.2137889883568092,7,9,0.10265411349137366,0.3203968063064513
YNL159C,0.7627842679173649,0.6732211232251091,0.6739540853071655,0.3512748137573123,0.7137095317871196,0.4572819720994389,0.027447085250647454,0.03221450593609864,0.03217835723085083,0.045389444428356227,0.030152819758190078,0.041515627954138955,6,9,0.003231484762485047,0.056846149935462185
YPL095C,0.6571376742062301,0.6449705540536403,0.6095799631880032,0.5294382476177139,0.6804665870297397,0.5768698403588923,0.027556056435277504,0.02804073347242746,0.029405138624830334,0.03228237620964569,0.02660206321786022,0.030612173987806943,6,10,0.0022535515764420845,0.04747158704364206
YIL156W,0.8109991253744909,0.8044676250951585,0.7849723904269065,0.7218072638924309,0.7837556125970391,0.3987263419205632,0.025073469329069696,0.02550303462678513,0.026744201545236233,0.030419734267574706,0.02681976357499566,0.04472173170304408,7,10,0.0033846844318638917,0.058178040804618816
YLR022C,0.4621743109764681,0.3896906082093069,0.5452295511069494,0.2661315085682503,0.18677133519646472,0.16757710265950287,0.02850753834962246,0.030367844902090116,0.026214106787493262,0.03330029393419743,0.03505462174508644,0.03546589753253736,8,8,0.0015375563104900254,0.03921168589196371
YDR232W,0.4383174127424232,0.5272199276643788,0.4719005266881202,0.12013711456896492,0.5625215654841393,0.4934046681511044,0.05131488188201777,0.047079022247849905,0.04975717563011517,0.064225183327135,0.04528727381598256,0.04873359447466114,8,9,0.004770334624259566,0.06906760908167855
YGR029W,0.6587431136321757,0.675470177372351,0.5580142201428402,0.5153207995041078,0.5568036413558237,-0.05106580789941706,0.027449280721511038,0.02676810104139339,0.03123880449927615,0.03271277963988224,0.031281556072292695,0.04817316836163329,7,10,0.0022466408506040605,0.04739874313316821
YFR005C,0.7004435096651173,0.7381659712338536,0.7199261658309272,0.4486580878516816,0.7293035182884924,0.5132724625919864,0.029300367581849125,0.027393450892317154,0.02833152620284122,0.039750647379183976,0.027853194220871846,0.03734880070096106,7,9,0.0029162217297557633,0.054002053014267554
YKR050W,0.7155851242434002,0.6493421097044833,0.7023239745826395,0.5539831844016069,0.8017589380776168,0.5135117998262693,0.03460021968339938,0.03841886321118081,0.03539766636803431,0.04332896536073425,0.028886805027836727,0.04525211247200478,8,9,0.0042831032400139,0.06544542184151539
YBR035C,-0.011500231429472763,-0.4553574730806442,-0.05819731118004112,-0.7977757680782198,0.01336684382922515,-0.15201970076714733,0.0682231144249866,0.08183392622162274,0.06978014618361005,0.09095284938506168,0.06737928545917352,0.07280789937016648,8,8,0.004682202947885508,0.06842662455422968
YMR273C,0.8535595824889268,0.8772889619766651,0.8078327996836394,0.7692727042787167,0.8323762763687995,-0.45837681341008674,0.022096128647306288,0.020226816080228093,0.02531193473636605,0.027735448846036393,0.023640325530293754,0.06973014784519696,7,10,0.003392536735417381,0.058245486824451735
YOR125C,0.7614361902051521,0.7433437373563683,0.7751576904808022,0.5584402487383053,0.6945864201154068,0.6031501292189753,0.03032402193969606,0.03145288262622593,0.029439032981746965,0.041255253621514304,0.0343106300489504,0.03911088497041583,6,9,0.003922131771569403,0.06262692529231659
YOR362C,0.5831161868009178,0.5893685557674548,0.5219616164464804,0.5089241005377534,0.5653175372777256,0.3001338870361452,0.23490844066517838,0.2331402226912262,0.2515489392446401,0.25495610520137424,0.23987067936672174,0.3043677182798452,8,9,0.13468999887071642,0.3670013608567636
YPR095C,0.7799736474759427,0.7568881709457105,0.6975309079549825,0.5818540280007296,0.7459299548507253,0.6146677387107907,0.02294963068142906,0.02412355989688363,0.026907840995935683,0.03163751107123207,0.024661249881647588,0.030370786366525456,6,10,0.002435733900083579,0.04935315491519847
YHL038C,0.782537814055715,0.7842751531725949,0.7560944673193386,0.6517126367061372,0.736021681726253,-0.6843430148092811,0.023689483095232097,0.02359466385754124,0.02508849072553367,0.029980064897447686,0.026100440604027466,0.06592937819812883,6,10,0.002625914356879283,0.051243676262337806
YIL094C,0.656552050271898,0.6828328325048045,0.6266598500169294,0.41784404216247073,0.6763887678024942,0.3668366614828067,0.06569611476142648,0.06313255040107596,0.06849542600279959,0.08553205282238982,0.06377067527788642,0.08920046173581106,10,9,0.012787085893881807,0.11307999776212328
YJR044C,0.5408879934814728,0.5667491032315274,0.532671418125596,0.6332546081738606,0.6140432598831018,0.5041062575684669,0.06840920490181546,0.06645458538279891,0.06901863871395308,0.06114170571496499,0.06272266929393783,0.07109671448461312,7,9,0.010372025433748397,0.10184314131913055
YMR288W,0.8200278595024181,0.8220925153832206,0.7792558236485667,-1.4491964923640674,0.7667877474509022,0.6639318728675685,0.02509810193149214,0.02495372286234385,0.027796035984423016,0.09258700849632505,0.028570242041767946,0.034296665730952906,7,10,0.0035614726492663186,0.05967807511361537
YGL023C,0.7833459786508287,0.7057331024263587,0.7378758777759298,0.6308048753609314,0.7205477079366127,0.6519943548445646,0.026333470548421462,0.03068989676810127,0.028965312401988495,0.034375791060700794,0.02990739318650072,0.033374738130235976,8,10,0.0032568861889668258,0.05706913516925612
YLL018C,0.4902586847615906,0.25126233934486775,0.38911961905185743,0.35984243076237576,0.6320889886260569,0.40344258976731684,0.08574316516849922,0.10391767769392571,0.09386478342251155,0.0960877526806601,0.07284436918475282,0.0927578590324808,8,8,0.0146758182676939,0.12114379170099432
YNL293W,0.7358160040854551,0.7145803965215014,0.6836009485264336,0.4891861648368985,0.7104058429749767,0.521490626482296,0.03300273512230624,0.03430351161678082,0.036117216110682956,0.04589105132225134,0.03455346295256929,0.04441625176736794,7,9,0.004195140405796814,0.06476990354938637
YNL128W,-0.019448189309306807,-0.1625966559690375,-0.015787369140974672,-0.10868956666254559,0.12547819435488883,-0.09774134998463979,0.3536718109350783,0.37768731727496624,0.35303622526198697,0.36882711972117677,0.327569296620332,0.3670015331921476,6,7,0.12485009335107752,0.3533413269787126
YBR078W,0.7169864883847795,0.7578793263288576,0.6649953023230569,0.5107958375933064,0.6180703275231203,0.5601996596447167,0.2848891987792403,0.26350468159866003,0.3099544296115655,0.3745566141967798,0.330951305809122,0.355140481631137,7,9,0.2918084981629294,0.5401930193578305
YLR054C,0.057906379204098024,0.0066229495344355405,0.0460180301204971,0.03334285253754976,0.17477312613326845,-0.6255082788632322,0.18414545840628316,0.18909107984654716,0.1853036884937473,0.1865306544562118,0.17234578322392302,0.24188479743534344,7,7,0.03662529229937092,0.19137735576439266
YNL101W,0.7838366956411579,0.5913292268730612,0.7026496279612269,0.4873737653668846,0.7302918750797238,0.5518818078766434,0.040516789488270706,0.05570970123825986,0.047520202517448,0.06239423349653246,0.04525755152898451,0.05833649435741979,8,9,0.007727539208714284,0.08790642302308907
YDL001W,0.8472084960357126,0.8553388741881776,0.816111772252543,0.7197548768176646,0.8011009524428592,0.689242234113316,0.021745121054956056,0.021158659378070856,0.023855536629755474,0.029449726016090163,0.024810103645841054,0.031011532054318672,7,9,0.0031490357534840695,0.05611626995341074
YFL016C,0.7358878099629294,-0.19565348723938536,0.71778571144543,0.526984016667166,0.7318948742719766,0.511667427130523,0.03577884934967261,0.07612631606037464,0.036984661268835324,0.04788175435197815,0.036048293041027156,0.04865080078974351,8,9,0.0049319359797340735,0.0702277436611349
YCR066W,0.8376489027454116,0.8327166368498362,0.7902373497523787,0.6115656569772719,0.8120417607785557,0.653691923942153,0.023961980641252115,0.0243232427675301,0.02723699428068427,0.03706413842716376,0.025782544906513015,0.03499664472293972,7,10,0.0035986808734067345,0.059989006271205514
YLR353W,0.7354687853332218,0.6954017202260969,0.6971832185453606,0.5884665359313921,0.7412217773820476,0.5681838886908506,0.029841482459733466,0.0320217936247987,0.03192801366569223,0.03722069764181492,0.029515204314495724,0.03812688742631755,7,9,0.0034254450102998383,0.05852730140968263
YJL204C,0.8088225290167512,0.812483277891169,0.7836228596062205,0.70301243394519,0.7716674438606893,0.5960302706404412,0.025562141936960638,0.02531622152605065,0.027194718918864776,0.03186016491472564,0.027935908860525285,0.03715808275219461,7,10,0.0034778505027330637,0.05897330330525045
YMR073C,0.7983562232263915,0.7622829780865683,0.8061721321312318,0.7501695116247691,0.7485427224388636,0.7406594958968813,0.033670128545363553,0.03655800629416876,0.033011136175161535,0.03747788561157664,0.03759970759347683,0.038184537808605465,6,10,0.00572081447120909,0.0756360659421753
YER163C,0.5719988191964742,0.43128048693996934,0.5486704845464357,0.34517341429229287,0.4138482259226499,0.5923210173961908,0.0347493063100256,0.04005647426420034,0.03568375292675844,0.04298201856148693,0.040665741685376185,0.03391429683275069,6,8,0.002870783552354351,0.05357969347014176
YLL013C,0.8913533381805347,0.8313207528466917,0.8909988362299649,0.6619977416836171,0.859360999443099,0.6734441533202082,0.017034212735009463,0.021224853444191144,0.017061980471679245,0.030045101405164115,0.019380579504605096,0.029531982680927608,6,9,0.0027175709048693764,0.05213032615349127
YHL019C,0.7911449698137515,0.7613739218613637,0.7061178058658184,0.5528885917428423,0.7414803391342206,0.5956675771420559,0.026051968107234164,0.02784691055609942,0.03090328911176805,0.03811763470108556,0.028984436191273766,0.03624827568353915,7,10,0.003306657961022311,0.05750354737772541
YMR015C,0.6959986231462945,0.5248566972444062,0.7396465357049686,0.5706360262603898,0.589124501040821,0.3183794019138487,0.14193470344645567,0.1774447381321785,0.13135073273525694,0.16868001083770676,0.1650083576238339,0.2125309445826978,7,8,0.06743025106708465,0.2596733545573836
YMR173W,0.7968084990703717,0.8640683481752006,0.7813281701775251,0.8115063532168185,0.8065553533230021,0.8474503619146551,0.3757137652862806,0.30730146800967967,0.3897631327131312,0.3618700964086834,0.36659175713673536,0.3255441747511046,6,7,0.7069062368160384,0.8407771624015714
YDR057W,0.7530144515383262,0.6546154680975116,0.7409770558300379,0.5252635098836996,0.743807100441111,0.6445743815484074,0.024742050824308373,0.02925845337101377,0.025337808008377524,0.03430253614420757,0.025199009359006295,0.0296807101100894,7,10,0.0025220458900359474,0.05021997501030787
YBR163W,0.7258468586341411,0.8247579481464492,0.7234423108710488,0.649286821232571,0.6851166345933584,0.5622698891522289,0.025966192216261008,0.020760165870979,0.02607981601136017,0.02936890112998317,0.02782828955579856,0.032810652366551694,7,10,0.0025025136016312115,0.05002512970129325
YPL250C,0.7490024935195694,0.8029628004615,0.7223218029826527,0.7837066824522202,0.747089920801091,0.8853945967322793,0.20229360243108,0.17923447908911191,0.2127738908127427,0.18778850124873198,0.20306286701337606,0.1366941697951545,6,7,0.1659006270679928,0.4073090068584205
YPR082C,0.7198532332614609,0.6120855709484712,0.7106625519179124,0.3789577163496817,0.6888989065123958,0.34927242983015105,0.025744215532323828,0.030293874542956366,0.026163098654163483,0.0383307609037743,0.02712923979283563,0.03923615659426829,7,9,0.002407281336616254,0.04906405340589232
YDR213W,0.8654680355818064,0.8321949841329936,0.8393119562228395,0.8165797138005624,0.8092386580443097,0.7285428698134362,0.023941355351710308,0.026738587413986267,0.026165423759576412,0.027955011435722397,0.02850894691665771,0.034008432696018734,6,10,0.004335359534270326,0.06584344716272324
YIR033W,0.3706994256477997,-0.5573482090575219,0.2672853017396335,-0.2612928937969248,0.10741824786548482,-0.040168755499244035,0.04835890583595747,0.07607470305148607,0.052181295095801675,0.06846291340533778,0.05759322577618138,0.062172639305861775,6,10,0.0037813592679511124,0.061492757849612764
YIL053W,0.8257866348851229,0.36372154865944917,0.8273898704460867,-0.04022780977596918,0.7965366478696936,0.2961962349630295,0.18626683891570314,0.3559741135146669,0.18540777781524898,0.45515470826224563,0.20129728027274438,0.3743868640084251,7,9,0.2026482029607447,0.4501646398382982
YMR135C,0.671604392089709,0.6709242986481879,0.7043374119141569,0.482816332214397,0.6899846510612118,0.5650962743295675,0.0806173719576849,0.08070080636986451,0.07649413774662006,0.10117014381660612,0.07832881649921102,0.09277405312676104,7,8,0.02013784857211102,0.14190788763176987
YLR256W,0.9309087379286287,0.7977955029669866,0.919582285861651,0.8498321708056191,0.9461882357339004,0.9169711704430188,0.06212193066588202,0.10627443056963054,0.06702074385365112,0.09158446925472594,0.05482416136885603,0.06810011409042371,7,8,0.056835528284230864,0.23840203078881453
YMR244C-A,0.7819046821884714,0.8098722963572089,0.752277238839563,0.8324566620468962,0.807814046978543,0.7135171726542202,0.10891201113765367,0.10168931177744919,0.1160741635394337,0.09545884788746495,0.10223825480015583,0.12482509456555506,6,9,0.05534244615919947,0.23524975272930568
YDL170W,0.7632351014423839,0.812116909299745,0.7595721780883309,0.7351420306538337,0.6811009928915808,0.5788519379216732,0.022922418821687284,0.020419524887131602,0.02309905144219033,0.02424422509249771,0.026602862425571062,0.03057167177971904,8,10,0.0022581703870382694,0.047520210300863244
YAL009W,0.7737886412999212,0.7652514706915788,0.740598880458453,0.6396509449037118,0.739684742901705,0.6179932570964914,0.023307000779074754,0.02374272851411729,0.024958306261481152,0.029416491980744624,0.025002244506637312,0.030287588835694088,7,10,0.002443495316772954,0.04943172378921207
YML129C,0.8853305959523156,0.6803490100356668,0.7748818079755148,0.7426823319517291,0.8695628052805022,0.678054333297038,0.07552532024754853,0.12609760112548452,0.1058215439984669,0.11313672455291045,0.08055073781409383,0.12654939980932411,8,9,0.05061633938324958,0.22498075336181445
YNL308C,0.5267270086377158,-0.8745691463656444,0.5448766459343946,-0.5299360024587529,0.10183936920225534,-0.31540342524254106,0.05035448109699375,0.10021506137384678,0.04937951557841505,0.09053549839873219,0.06936801574178515,0.08394826961155642,8,6,0.00545152071621769,0.07383441417264507
YKL074C,0.7743100286881028,0.7635765498464344,0.757401837200403,0.6232858731320443,0.7181525409962789,-0.3769729031981879,0.022189829449374664,0.022711358304843197,0.02300602500097292,0.02866842188467525,0.024797328509111087,0.05481009194752154,7,10,0.0022199786874025403,0.04711664978967138
YBR228W,0.8090370354244258,0.7924235048638855,0.7026229727590523,0.5749864528583725,0.7264524013811051,0.5843421702261602,0.024487492195048848,0.025530470816664798,0.030557895706277018,0.03653180435271524,0.02930800046704651,0.03612748416563152,7,10,0.0031951600014912345,0.05652574635943549
YDR036C,0.7540991068644286,0.8311131633585054,0.7648416615023447,0.6719177724099257,0.7006518863194796,0.7165347230245348,0.03168600043538017,0.02625942857914173,0.030986145960064732,0.03659980093470453,0.03496033887686595,0.03402023463656124,6,9,0.004154587206575532,0.06445608742838439
YHR122W,0.6522511461720168,0.5925253791170466,0.6468093956355581,-0.5662243814066228,0.5806622948823189,0.11442358308167577,0.02958770124610727,0.03202791398147248,0.029818304281717514,0.06279215114177168,0.032490794276343896,0.04721623922988215,7,10,0.0025615915408616794,0.050612167913078765
YLL023C,0.2150746033649722,-0.249569573505537,0.1903051924618837,0.030661631313994686,0.18129265981334886,0.15056510817237934,0.09466857872586998,0.1194460760913889,0.0961506763619961,0.10520330128475198,0.09668431141482324,0.09848196708630588,6,9,0.011618136398493998,0.10778745937489202
YNL250W,0.7787608495220859,0.7699287592853951,0.7833558973540545,0.6946161119287024,0.7405102545246691,0.6820117886083052,0.02758617085435171,0.028131416313653578,0.02729819088603177,0.03241033280838674,0.029875867909037027,0.03307241740637821,6,10,0.00350004798960072,0.0591612034157582
YHR167W,0.805992150746254,0.8298607904739816,0.7841006042209362,0.7059905756374388,0.7480009587823708,0.6593074544458104,0.02485750778608858,0.02327823986197093,0.026222473005013226,0.030600502585404532,0.02833005239657711,0.032940428865465464,7,9,0.0032407759329097802,0.05692781335085496
YKL184W,0.493702937881501,0.21938720788263932,0.5011774988767805,-0.14247884681144196,0.4683955441595852,-0.2537724399919479,0.04014726792276784,0.04985068433741708,0.03984981507973726,0.06030834026690866,0.04113841915657411,0.06317753138454245,8,8,0.0032393637888167466,0.05691540906307137
YOL009C,0.7767960400181744,0.7267468819441707,0.7198310745365947,0.690986349813391,0.7764926247380259,0.6694867148278103,0.026142552528954317,0.02892541541326275,0.029289167242040375,0.030759967601203083,0.026160315108292455,0.03181203869810567,6,10,0.003115639643411398,0.0558179150758195
YDR482C,0.6723843570609185,0.6990821457454897,0.5785550586439079,0.4834067950034684,0.736898059589909,0.6885193564563429,0.04388153486447408,0.042055565080266574,0.049770260886841736,0.05510282176895148,0.03932434703942462,0.042787314197174006,6,9,0.0059807014995765856,0.07733499530986335
YJR073C,0.32848905099563563,0.38497758745701305,0.30887736202611127,0.22599119842163773,0.31123263770350396,0.01819704081620188,0.386464711914047,0.3698526772684322,0.3920675103140538,0.4149122384235181,0.39139887706434573,0.4672996587659947,7,8,0.22631832954337072,0.4757292607601205
YOR078W,0.44058212779701833,0.4054216680039878,0.4246574781498923,0.2536511115847804,0.26592163297656857,0.3480318963534986,0.04548272820842766,0.04689028559380101,0.04612555184077705,0.052535066205976,0.05210141900121367,0.04910113297977605,8,9,0.0037627885634057383,0.061341572880109115
YGL020C,0.7537889176526295,0.6514352161458237,0.7027068241140153,0.5327479538123137,0.6771942426555213,0.48196604497295803,0.019466275267544096,0.023161720438296046,0.02139052933716264,0.0268166588811894,0.022289467726022125,0.02823632520500228,7,9,0.0015660703282887542,0.0395736064604776
YGR036C,0.7612390483456034,0.8077665313471801,0.7751266488539065,0.708196947227065,0.7153970745077427,0.692589983906605,0.02723380184921493,0.02443661934840652,0.02642990600473424,0.03010728115110472,0.02973351838819474,0.03090193178225858,7,11,0.0031608681700724473,0.056221598786164444
YKL090W,0.7461554219210276,0.76152115161204,0.6704871920554814,0.5555994709474152,0.7377435832861179,0.6106287972409652,0.028641197333096335,0.02776081146152542,0.03263197605925459,0.03789609909223329,0.029111882197976245,0.03547228278887732,8,10,0.003288270870663287,0.057343446623509535
YLR329W,0.8703823081377828,0.8976466614939493,0.7971627301378017,0.7750499705880232,0.8680821502694062,0.7819362875251049,0.025435178374189838,0.02260235294118727,0.03181826716108749,0.033507781360245466,0.025659868575542342,0.032990913920922765,6,9,0.005078768643583262,0.07126548002773336
YNL243W,0.6365996307410579,0.31189283859590633,0.4355462645807484,0.3876916287447445,0.5985783313974107,0.49725138490775767,0.04044663401673809,0.055656737100577176,0.05040851213147055,0.0525018735524771,0.04250990252192771,0.04757350447385622,8,9,0.004580707324433101,0.06768092289879846
YPL124W,0.4288165037350866,0.5421611023821151,0.46702111329746665,0.5120054788315899,0.4598211399681922,0.4477936703394597,0.08449256558228742,0.07564618244788342,0.08161794859510467,0.07809768225703281,0.08216738473620001,0.08307710657998736,6,9,0.012717872957836544,0.11277354724329879
YDR331W,0.34327560081035613,0.17400127534169962,0.33220868033870976,0.22804735021651268,0.31133823671076033,0.3653313830095226,0.04985133416932146,0.05590812123619624,0.05026961911350995,0.05404811363935976,0.05104911235974293,0.049007068175502815,7,8,0.0038505570086992485,0.06205285657162971
YBL033C,0.8296302851667743,0.7863400278309309,0.7225084434223025,0.5760863637098043,0.8666760919533668,0.6505797299481926,0.038305051604996594,0.042896458365232294,0.048886026636739355,0.06042248005587708,0.03388549788831892,0.05485723338392729,6,7,0.008763404231200828,0.09361305588004713
YGR120C,0.7342040685294249,0.7360378087892059,0.7199855863305038,0.6315066327250606,0.6743756577162965,0.5964167751915475,0.025486053222687845,0.02539798624715547,0.0261588480282349,0.030008428928743395,0.028208945577683123,0.031404723522067045,8,11,0.002486623194970538,0.049866052530459413
YIR017C,0.6610887689661602,0.6545284512526273,0.594053963477686,0.6460299133032206,0.46028790879311265,0.39536221436930064,0.11465596496733656,0.11576034615399569,0.12548384743724508,0.1171755375128173,0.14468874415892463,0.15314446864071243,6,9,0.0394693963684929,0.19866906243422225
YOR003W,0.80796688527703,0.4427907713558481,0.5877416617329715,0.3115877065686916,0.7876442933375749,0.8319428913893823,0.03306025814104316,0.056315420023468385,0.048439862471178964,0.06259540963249866,0.03476563333227617,0.03092762856444666,6,10,0.00579147908631073,0.07610176795785187
YNL063W,0.7625072853489071,0.7080571255157517,0.6604886487115305,0.32508412865564396,0.743674296504401,0.579616136726661,0.028156994590526573,0.031218360502690234,0.033665750547954745,0.047466364741656324,0.029252112199778517,0.037461414347223124,7,10,0.003396842737804819,0.05828243936045247
YPL161C,0.7733469205143341,0.7770754834583761,0.7829941194064117,0.6558443593415112,0.7911960573304705,0.6461626123312466,0.025214838044987836,0.025006579295695365,0.024672384377351468,0.03107082729398711,0.024201635646784462,0.03150483656463641,6,10,0.002854328013335537,0.05342591144131784
YDL182W,0.5117140561813044,0.09356916741344268,0.5089311801467491,0.3462909879550925,0.46522710115534194,-0.12476708933305258,0.05836069049287872,0.0795152896397812,0.05852676103047457,0.06752670310560566,0.0610756370168205,0.08857570354035105,7,8,0.00709773464042045,0.08424805422334958
YKL082C,-0.07715574244018764,-0.7762490796069863,0.03383874938598219,-1.1069095067293806,-2.4997642047945123,-3.10494416050651,0.06241732983102448,0.0801526468258799,0.05911405388199398,0.08729490099542203,0.11250849825851748,0.12184832466155011,9,7,0.0036803151433602464,0.0606656009890304
YMR301C,0.8406248722072821,0.887542234067203,0.7167169070872474,0.6294823305136432,0.7354305582673695,0.7372199227043322,0.03686047967640556,0.03096317129125985,0.04914292896090388,0.05620244009457049,0.04749200993450252,0.047331135934172465,7,7,0.008674701848657792,0.09313807947696684
YPL159C,0.5363862099959074,0.22681559534774054,0.5796420382312173,0.44598706926498066,0.5988804134289192,0.18501107546763673,0.08957004468278994,0.11567144500667384,0.08528924244639764,0.09791394950515468,0.08331468423388871,0.1187573427756787,7,8,0.017608500508828787,0.13269702524483654
YGR028W,0.6655293266537794,0.5455756650785706,0.6185455767656414,0.42067758433556623,0.4611075431454281,0.46110921616661404,0.038187892565255614,0.04451203604308204,0.04078195090152186,0.0502581891281745,0.04847275702406944,0.048472681780844795,9,8,0.004436561208327033,0.06660751615491328
YGL136C,0.7402076105289908,0.7179494741971254,0.7505671650259048,0.6355909829004438,0.7473023980732569,0.619987240493268,0.02858903200174699,0.029788572744704978,0.0280132211609497,0.033859519908898565,0.028195954355985264,0.03457684221122426,7,10,0.003201294401106133,0.056579982335682406
YHR158C,0.7796301982248,0.7990606171579129,0.7393315331349101,0.5625081302226151,0.7067182211082969,0.7742720170582836,0.024945324993465776,0.02382021394895156,0.027130473579308673,0.03514779779234621,0.028777672562946166,0.02524677015724047,7,10,0.0028732895257084544,0.053603073845708275
YMR197C,0.7794649164913894,0.7934696044148043,0.7553149495218923,0.6993268762267457,0.7922859652640731,0.817404321785158,0.04341517511748224,0.04201406483977515,0.045730550661463774,0.05069323628463499,0.042134285508961304,0.03950462649232955,6,8,0.008696781596216794,0.0932565364798457
YLR070C,0.7732573556335995,0.7451846131365468,0.758305135598226,0.4922375432245788,0.7752847694973799,0.6176780584599939,0.05656021324788134,0.05995939734781857,0.058395333870972906,0.08463981937446168,0.05630677956949294,0.07344446068371478,6,9,0.014356282874963761,0.11981770685071452
YHR121W,0.784055469097101,0.6873465900394975,0.7591634572171196,0.4716932494745587,0.8041171477437272,0.5986418597477379,0.043901004793906705,0.0528244447166767,0.046362254623153056,0.06866674098011552,0.04181206003009045,0.05985072195511886,7,9,0.009081547299309566,0.0952971526296015
YHR169W,0.7771073856080619,0.6723953424671739,0.7270210887668987,0.5836132405139465,0.7302253590441529,0.495738631279264,0.025999547659629276,0.03152049193164005,0.028772824827692757,0.035535825501051534,0.0286034563237284,0.03910621667199735,7,8,0.003085951128738785,0.05555133777631988
YOR027W,0.5849401495600481,0.2814600012946039,0.5958654346896166,-0.02118787814336942,0.392749889584292,0.46484399892073847,0.292417166503384,0.38474499265682094,0.28854297174737303,0.4586699915366099,0.3536969404688,0.3320379331419226,9,8,0.20962744530184638,0.4578508985486939
YPR008W,0.7124857633770723,0.571082749322172,0.656026320250833,0.5337536557216245,0.79728648644476,0.7501265198659176,0.038294699390477846,0.046773055800726444,0.04188626092846388,0.04876595206488175,0.03215513506913672,0.035700070222198725,7,9,0.005190044877194919,0.07204196608363016
YKL019W,0.7382402927786318,0.6427833160741612,0.7259327474981128,0.534597431783177,0.7223480088566955,0.5685447075068457,0.027999042787244424,0.03270827597098578,0.028649718500307498,0.03733414190420304,0.028836475767942668,0.03594675456670501,6,9,0.003047450851130319,0.05520372135219073
YDR446W,0.7316686710760771,0.8020682009823549,0.5901349285273556,0.45057301327398913,0.7733723185156484,0.585545440143044,0.09447477411955227,0.0811405519236116,0.11676175826600131,0.13518707302289473,0.08682337212403554,0.11741366176204793,7,8,0.03384647779090321,0.18397412261213045
YAL032C,0.8044070492791229,0.8236674849870015,0.7858951305809815,0.7227545583294106,0.7764695069097404,-0.6090878123704664,0.025241045466376188,0.023966076474019563,0.02640851691349303,0.030051278066805884,0.02698355263060219,0.07239700706135306,6,10,0.0033144740077186824,0.05757146869516777
YHR005C,0.6924770885510623,0.6371321277509086,0.6410302092046405,0.5468090159272376,0.652575898908719,0.4881179072431553,0.03214730535427027,0.0349204712357868,0.03473239948712312,0.039025319493648576,0.03416927844431399,0.04147542118660205,6,10,0.0034195173459893066,0.058476639318528784
YOR037W,0.7544134409230395,0.761758743563323,0.7202054707578462,0.603962205002696,0.6962109200511377,0.6122697817567591,0.02652347848748702,0.026123819138742656,0.028310516468590393,0.03368189362332634,0.029499473324548175,0.03332675338702303,7,10,0.002914804986683554,0.053988933928014855
YDR441C,0.7569284912134018,0.7319712408935237,0.7985789492015616,0.8341434125160543,0.8251466804497246,0.7033980932534484,0.08439781950179073,0.08862472403185093,0.0768274867961871,0.069715694919452,0.07158155669780891,0.09322903035788198,6,8,0.029818207586964247,0.1726794938229906
YDR079C-A,0.5988705359528774,0.709781289056141,0.37584876364924125,0.25138503766242515,0.6823163597732169,0.5465589859474553,0.03921106142331122,0.03335254826758312,0.0489115284608092,0.05356678339770378,0.034895043352403045,0.04168950291636842,8,9,0.0039001900660811622,0.06245150171197777
YOL084W,0.7813815833833192,0.41010885722475743,0.7011469716057555,0.6161678521877058,0.7066313711445729,0.6697556410189811,0.0683338602007009,0.11224797637744612,0.0798953333508661,0.09054474619114296,0.07915883940093468,0.08398665537913401,7,9,0.021733931956367566,0.147424326202861
YEL006W,0.7982415779459925,0.7184902610453126,0.7649636625989886,0.565565263088837,0.7879700108783896,0.5925945291416905,0.022178860204744567,0.026198118320217484,0.023938167011234544,0.03254510365133001,0.022736417358960904,0.031516415363521795,6,10,0.0024808466071835175,0.049808097807319617
YGR278W,0.8204436171450212,0.8231062914993488,0.7568258057844335,0.699331923386906,0.7595436630063848,0.7180447448197107,0.025449845158729292,0.02526044015764025,0.02961716351634112,0.03293277902187131,0.02945118907321493,0.03189149049683221,7,10,0.0036704776049084394,0.06058446669657528
YDL217C,0.8060881410260442,0.8281251554373535,0.7710348645580769,0.5876056353843417,0.7503405306148927,-0.2864616834078475,0.02357166435662294,0.022191886509110928,0.025613724983294603,0.03437513595676977,0.0267461998326875,0.06071367077027317,8,10,0.0029156088843041487,0.05399637843692991
YDL128W,0.8023000269975982,0.6641112288773137,0.7243207707649317,0.42770278212840296,0.7996133302634552,0.6344103649942643,0.03772102220562836,0.04916747333724336,0.0445432776875639,0.06417870734979902,0.037976467241723176,0.05129524227450335,7,8,0.007323411443131364,0.08557693289158805
YMR127C,0.7818066747617611,0.8101160123414508,0.8019965617446162,0.7251595996787765,0.779978279257072,0.6445489684775624,0.024311784810347657,0.02267985555915676,0.02315967594810535,0.02728578160958686,0.024413435086364878,0.031030301977003932,7,10,0.0027564198136224003,0.05250161724768486
YKL096W,-0.10018453877861222,-0.05543983743132097,-0.021093137819043317,-0.03869296449173665,0.08809500293382666,0.04101582823638161,3.120780663571417,3.0566605999793524,3.006513487691691,3.0323133134191003,2.841222697944332,2.913642056658591,5,7,9.007703726959042,3.001283679854179
YHL013C,0.8232408652759061,0.7824788982019488,0.8239563190942486,0.7635181490199625,0.821422810698641,0.7158064484722791,0.022342227895570638,0.024784846933583397,0.022296965623175267,0.025842495656015676,0.02245683435106542,0.028329744232218016,7,9,0.002873586176214747,0.053605840877788184
YGL196W,0.7696278272457512,0.4762489406546113,0.6350397516080738,0.33009900921452695,0.7711827750273054,0.6357265447751594,0.03297289574382313,0.04971695680115241,0.041501602073712215,0.056227320820399676,0.032861428416532314,0.041462534204069645,7,9,0.004802167434883392,0.0692976726512759
YOL041C,0.6298784730275613,0.2353188133351919,0.6389792671469343,0.2675390177993967,0.05233997574664184,-0.20886993063526837,0.03218648110306307,0.0462638241636121,0.03178830693070512,0.04527866081445802,0.05150241646623547,0.05816893513473595,9,8,0.0028481036460747482,0.05336762732288881
YKR021W,0.7814393545718249,0.7431241846630778,0.7757195794589329,0.5899816865327192,0.7338319628414285,0.590723592054661,0.02503782566469529,0.027143899443064824,0.025363332189218168,0.03429353512531433,0.027630489560956574,0.03426249494748154,7,10,0.002918598774064524,0.05402405736396077
YNL290W,0.7536487441466184,0.717002702873143,0.715193472720761,0.6360853983986994,0.6901296841654796,0.546158327187549,0.02038201184437258,0.021845440336664374,0.021915159131785,0.024772475072141607,0.02285912732968148,0.027664437554847376,6,9,0.0017159019057389714,0.04142344632860684
YMR184W,0.35677479223750885,0.4475490800851961,0.44921794266985615,0.4721591159823618,0.5133470309926117,0.3595528966763245,0.15464886851176088,0.14332173911904378,0.14310509978809277,0.14009309552550944,0.1345162982668427,0.1543145411225321,6,8,0.03783411465675155,0.1945099345965433
YNR057C,0.7985943804889282,0.837109182174895,0.7623322073637367,0.7115549161795519,0.6931100680002114,0.6128358729253693,0.027526722546562216,0.024755232833583156,0.02990225080777755,0.03294202437536314,0.03397895622894654,0.03816508806751075,6,10,0.003828164265367006,0.061872160665092386
YCR020W-B,0.6180644808924165,0.5801142088626385,0.577936517632551,0.3828016479873765,0.5551092060539771,0.46866329714072597,0.0291243110583242,0.030536989920661665,0.030616075871554703,0.03702312006219466,0.031433109543652804,0.034351487261289726,8,8,0.002259822929449413,0.04753759490602583
YLR347C,0.8458281024650082,0.771835360103846,0.7749411536224478,0.6668146060480977,0.8632249246375706,0.7507610099027552,0.04431793921664573,0.05391394591580944,0.053545748381495034,0.06515082597443894,0.04174268975088261,0.056348834811793105,6,8,0.012963045195652301,0.11385536963908334
YDR087C,0.6873161584331708,0.49519559878768504,0.635591616028405,0.21651294143161537,0.45367877474247853,0.25490879530062804,0.030943868449955503,0.039317278878988754,0.03340535310646444,0.04898214507710016,0.040902129885137806,0.0477668502778048,7,9,0.003115996141005665,0.05582110838209561
YGL139W,0.7257697697793242,0.7178215020864176,0.7115857630845426,0.43604070982626486,0.6833360000727358,0.4168435346360423,0.020534307911630783,0.020829764722027574,0.02105866098511164,0.029447354422898614,0.022065905425655744,0.029944354343436126,7,10,0.0015645806312173762,0.03955478013107109
YNL102W,0.5985781723381979,0.24574867451337234,0.6269947739220669,0.36446731576686875,0.6643818925447387,0.24943751820861526,0.034517041617280676,0.04731415793682933,0.0332728906349159,0.04343121903724667,0.031561364162183726,0.047198315609943885,7,10,0.0030200858344929197,0.05495530760984711
YPL151C,0.7770437188588806,0.7710148875541789,0.7025958379949961,0.6719524714691345,0.7336441575297956,0.587477378863045,0.022497275168745126,0.022799414176936806,0.02598325678497332,0.027289052036760714,0.024589583805021936,0.030601586933580744,8,10,0.002309900466931995,0.04806142389621842
YFR003C,0.6129780657717994,0.6783419184636457,0.5850459045280985,0.6076768141425793,0.6671304716995505,0.6101394097270048,0.09120275678812655,0.08314524360778926,0.09443656983472182,0.09182525943044176,0.08458185326624733,0.0915366141829643,6,8,0.02186922993005075,0.14788248689432684
YER144C,0.8414219511065475,0.7636231544993513,0.8222468042114319,0.6773936207383884,0.8259353779470298,0.6955972234449368,0.028030085153139095,0.034221996959099645,0.029676425601856942,0.03997968403768753,0.029366902259789048,0.038835346713611656,7,9,0.00504148990644329,0.07100344996155673
YNL066W,0.732822439793879,0.458968475823628,0.750772522964916,0.4173918212519607,0.6299846121802661,0.29408023393972704,0.057296875679542385,0.08153465477301997,0.055338694803918835,0.08460952166654921,0.06742808785575259,0.09313407864469088,8,7,0.01250302329899981,0.11181691866171152
YCR011C,0.7364171485275242,0.6022678415229292,0.7732415121624747,0.5900044308564643,0.776166203646337,0.6109304458556055,0.0976175229917161,0.11991252858158927,0.09054218764330485,0.1217471459489054,0.08995639396322859,0.11859949262093826,7,8,0.03678676116943827,0.19179875174108477
YHR123W,0.7795268054883691,0.6748455319698065,0.6756899141640367,0.5936345848455264,0.6732941542780126,0.5850184787501309,0.021295754065602714,0.025861873815253535,0.025828272091337395,0.02891169107959356,0.025923496512903703,0.029216588548401784,7,9,0.0020930682433664034,0.04575006276898867
YBR140C,0.8688295261197867,0.765621172822277,0.8333265963521578,0.5901999720532529,0.851836112363196,0.841414940942405,0.041265393900171914,0.05516036606339356,0.04651586521241436,0.07293801554649641,0.04385702149684925,0.04537316614098785,7,9,0.013209580944300628,0.1149329410756578
YBR111C,0.4184735942718867,0.3029664533306661,0.4582036030577411,0.36577141541484304,0.44157647071801454,0.17411407711098403,0.0883231860163605,0.09669785642788725,0.08525268445390803,0.09223864460333142,0.08655095441556149,0.1052567699627266,9,8,0.013650015715806457,0.11683328171290258
YDR223W,0.7273686955814869,0.7360468851460946,0.6789072888858015,0.572524370438876,0.7901110931639534,0.5390834238912556,0.036601947570408896,0.03601469403424006,0.03972204118806276,0.04583233822153944,0.03211523295858955,0.04759129225107078,6,9,0.005000181922039531,0.07071196449003189
YNL073W,0.5894672477812004,0.4778810883773129,0.5872898238400733,0.40330153168308003,0.604823979833871,0.45924322636355475,0.028237172013786123,0.031844321953579946,0.028311956526009447,0.0340427594152165,0.02770400683120591,0.03240770509451716,8,9,0.001976276589064728,0.04445533251551188
YJL072C,0.806450736342995,0.8091252426207984,0.8238329451469237,0.6814572638641474,0.7947420125346465,0.6790937168747797,0.02315376435075471,0.02299323596440778,0.022089617417753272,0.029703641884154686,0.023843822512510788,0.029813636865174905,7,11,0.002818414290936616,0.05308873977536683
YGL055W,0.666527320680244,0.3536792660127478,0.6266716825512386,-1.3866412391242262,0.7262603361085196,0.4573309037241985,1.619306213519388,2.2543580641253573,1.7133430189329728,4.332039652151116,1.467127027315271,2.065695949780468,6,9,8.001121099361917,2.828625302043718
YOR175C,0.16931721118611798,0.1716778781946412,0.2228383117328172,0.06600395835716621,0.17999365083281127,0.03170927306405724,0.11573998908787558,0.11557541485558509,0.11194933611781668,0.12272649996977497,0.1149938034139152,0.1249593384471751,7,7,0.01640910143931049,0.12809801497021914
YNL281W,0.9096817025436761,0.8559150506862314,0.8697842318056446,0.4927305379396355,0.8585977093725115,0.7964872627949451,0.10622615324648484,0.1341692192570484,0.12754850489170522,0.25174621096291794,0.1329143298610527,0.15945545506337808,6,10,0.12712773372166772,0.3565497633173632
YOL109W,0.6754636627714461,0.4848323210123989,0.7002029287396148,0.5215950543799295,0.6621294511330891,0.5798879138777656,0.862626114721828,1.0868390658332074,0.8290956363579788,1.0473425957193192,0.8801690743690214,0.9814620791648296,7,10,2.3331089024330547,1.527451767629032
YDR371W,0.0018630144531464055,0.4557166108442089,0.07601005145436934,0.5167617635897199,0.16531947544681158,0.447090207484642,0.9658399096913478,0.7132185217841067,0.9292738072783623,0.6720331835647531,0.8832226805807364,0.7188482397975273,5,7,0.9509841605138255,0.9751841674852118
YNR054C,0.7805219360445529,0.7850914472216859,0.7732135515850109,0.69000919390966,0.7343579453811654,0.5195094191580988,0.026599185136404854,0.02632083252023301,0.027038420748690475,0.03161165100826944,0.029263157670448195,0.039356385985518605,7,9,0.0032801875948409586,0.05727292200369175
YKL092C,0.8028882661998444,0.8060043531808103,0.7630450178260786,0.6330967644523154,0.765288936676305,0.607602349927868,0.023206393025815474,0.02302223043392637,0.025443937872966053,0.03166118570124235,0.02532317665754871,0.032742708609060894,7,10,0.002780071376705075,0.052726382169698265
YDR207C,0.7374169784332469,0.55386361983034,0.7371398580441839,0.6333095318118431,0.7608157422530479,0.41050591254896895,0.028281110587019095,0.03686353327407169,0.028296030069666862,0.03342050051822419,0.026991650108779602,0.04237433210809787,7,9,0.003099412758439984,0.05567236979364166
YGL252C,0.7928575880820254,0.7645526642177269,0.7045983278491639,0.29427608520072635,0.7145094772346485,0.7313112568179341,0.02626676045425249,0.028003923934752387,0.031367396505931476,0.04848299233936399,0.030836696542278608,0.02991553231226837,7,8,0.003389199518529058,0.05821683191765985
YDL105W,0.8263394644863823,0.8686495956004312,0.8293711594556059,0.7540609821786622,0.8024323447675642,-0.9171181061025977,0.026792539761433302,0.023301239462125974,0.026557643437693408,0.0318843107434011,0.0285773029441943,0.08902003288509384,7,10,0.0042061017040893505,0.06485446556783388
YDR320C,0.767014741877678,0.682878705866176,0.7315023354522254,0.6083910664027814,0.7389232610146903,0.5212885507753816,0.030102054762760653,0.03511920069071206,0.03231485239461709,0.03902637520463821,0.03186515314212325,0.043148810470466495,7,9,0.00395746405091773,0.06290837822514367
YGL021W,0.7651245039590748,0.7338826519961001,0.7494557077955959,0.5659085284878602,0.6661770313401337,0.45863205892034453,0.023958199946072064,0.025501863880261478,0.024744437546832497,0.03257061482046579,0.028562317164335233,0.03637320722694751,7,9,0.0024867023093805103,0.04986684579337769
YNL111C,0.8159147354534442,0.784781052031009,0.8375065983726517,0.4913318800335992,0.8481639484924567,0.5139957964336686,0.1781145088499303,0.1925883608138017,0.16734303829429623,0.2960786177168834,0.1617622709920768,0.28940751052515623,6,10,0.17536087638307873,0.41876112090675127
YOR133W,0.6903672228863578,0.6732448300639162,0.7011313048658805,0.41618988636609366,0.5859103293496677,0.43265060453024917,0.11064996433894868,0.11366821712042158,0.10870963260839557,0.15193702603129305,0.12796023026813816,0.14977975384718095,7,9,0.040235441066210624,0.20058773907248326
YKL053C-A,0.45253792632876244,0.3806370884427571,0.2691718060187831,-0.34113435106173395,0.586208164602391,0.22792834329801537,0.06127010924739217,0.06516947665942567,0.0707912013133758,0.09589760894626981,0.053267534310668295,0.07276129841709632,8,8,0.0069774447969939675,0.08353110077686016
YLR052W,0.666346139351789,0.6638989182142632,0.6256680055222523,0.437572502276102,0.4922313710940609,0.380691171066734,0.028064077579492322,0.028166809089952637,0.029725636941674755,0.03643644251723136,0.034620682718564416,0.03823458060359754,7,9,0.0024019199425450205,0.049009386269826115
YFL045C,0.9252455138197588,0.8848542046745037,0.924204390762501,0.7944949715385633,0.9098024369574353,0.8222579050950919,0.13533997126154843,0.16796991076150178,0.13627916804190351,0.22439784200071553,0.1486636705726997,0.20869046023665314,7,9,0.2493262683413647,0.49932581381435176
YJR050W,0.7957748587888682,0.8278715577525712,0.7737761062245232,0.7086869107707985,0.7256468784497156,-0.7544084593877332,0.024973977908895252,0.022927644536102375,0.0262846596158211,0.029827243527049227,0.028945967733552087,0.07319787564056776,7,10,0.0031075589743512063,0.055745483891981834
YHR082C,0.6921201912060985,0.6302969644661498,0.6633983609082929,0.4158051830181637,0.6284327451326098,0.4972329527995074,0.058809998388998336,0.06444468001624006,0.06149200823162014,0.081010145687254,0.06460695613782529,0.07515259234845384,8,8,0.01143073784674241,0.10691462877802275
YOL130W,0.43731444692601595,0.448980240216138,0.5753951526365849,0.39390869631314673,0.4685336281405825,-0.0718471711300579,0.04502157400276544,0.04455242814974699,0.03910932008826578,0.04672580780533347,0.0437547983789805,0.06213756421612631,8,7,0.003665462001981127,0.06054305907353152
YIL002C,0.7684071423272306,0.7478992780386754,0.735574668169723,0.5299404471528245,0.7032949454555479,0.677950623924173,0.022335949451905833,0.023303914701759333,0.02386675452444329,0.031821326442508,0.02528158567846539,0.026339229616968562,8,9,0.0021919811367529765,0.046818598192950804
YBR102C,0.7719569827478341,0.7468469005649102,0.7550806346602852,0.6335477166252003,0.7108098038133277,0.653905562910146,0.02606906837373058,0.027466843078479415,0.02701647507113184,0.03304652803175886,0.02935681288968379,0.03211548102405056,7,10,0.0030324062396910293,0.05506728829069967
YOR104W,0.8056804717427926,0.8030547237901414,0.7751570970736492,0.7218000842535588,0.8066579778413892,-0.796073290385457,0.030443715222777216,0.030648710812601686,0.03274756546187185,0.03642654022543729,0.030367046560477243,0.092555334410889,6,10,0.004853242499375781,0.06966521728506832
YLR018C,0.4757607324670683,0.29057572406544596,0.49916740397040393,0.2615875077975326,0.5670767164557182,0.4480118454540487,0.05063372178049993,0.058901736651637324,0.04949044628971755,0.0600930980828815,0.04601299989272285,0.05195650817404675,7,7,0.0049762626157591585,0.07054262977632149
YDL077C,0.8216840055137058,0.7795782767691948,0.785503540100203,0.6106940324200367,0.7657664051332935,0.6168336481796397,0.024769259063995727,0.027538803180120808,0.027166139714841407,0.03659850926109249,0.02838850075834793,0.036308770881923136,7,10,0.0035009738660178456,0.05916902792862027
YGR006W,0.8375877522792082,0.8386428347233509,0.7573729208223006,0.7530853652325569,0.7868218963381414,0.6635331189954903,0.02604376726198335,0.02595903506178023,0.031832009244362115,0.03211203533384896,0.029837725520437165,0.03748569596160284,7,10,0.0042495404973441,0.06518849973226949
YLL004W,0.7456320145562129,0.7428930622063624,0.7215476480861724,0.6600369433247661,0.6655876447624028,0.6809425428510655,0.034020210025512705,0.03420287893159771,0.035594361791789146,0.03932979003523464,0.03900739269544893,0.03810133694608166,6,9,0.0046298259871473315,0.06804282465585429
YHR016C,0.7161108992684058,0.521448351510164,0.7278152521682695,0.6158783576223709,0.7635321217955688,0.6982417144469982,0.06191585846244324,0.08038813395648424,0.06062607213722517,0.07202146112006723,0.05650847882371756,0.06383474693846397,6,8,0.01374067970569687,0.1172206453902079
YDR067C,0.7641374048819346,0.7718867745285531,0.7170812595717828,0.5763066150703122,0.693991865531146,-0.5569044469065085,0.02532698257518668,0.024907443162472884,0.027738615027545866,0.03394530826821339,0.028848311635891667,0.0650706125159609,7,10,0.002767330109658005,0.05260541901418527
YBR265W,0.6058148836949508,0.6264599184638178,0.6133671585724108,0.5402493546580366,0.5761711119139793,0.39107719160654475,0.03812842183236651,0.03711652622783339,0.03776140017523072,0.04117749209965134,0.03953611544359012,0.047389250456658503,6,8,0.0037527581382893384,0.061259759535027054
YDR178W,0.6961020756421965,0.5998809660596718,0.6613961417823044,0.5546302597529627,0.7588884079222877,0.6149548470832238,0.7732912843232749,0.8873068906709544,0.8162537689519457,0.936137411557693,0.6887923162954167,0.8704324609619969,7,8,2.0022192601198654,1.4149979717723504
YPR009W,0.7222206990406097,0.7409937213522113,0.687641126358906,0.6983127893161449,0.642200245331096,0.6082784565409313,0.024957108895402244,0.02409902541449749,0.026464960961612393,0.026008947827179767,0.02832463700590345,0.029636919612677615,8,10,0.0022816120675919855,0.04776622308275991
YDR318W,0.7806449220210798,0.7634695159230516,0.70060868035095,0.5494466425791524,0.703479578436935,0.6068248981718554,0.024832022604413848,0.025785871192844437,0.029010676142992096,0.035588637686429885,0.028871247719987485,0.033245376265395934,7,10,0.0028604188748215646,0.053482883942636866
YPL274W,0.8201498020152485,0.8710389127690288,0.8125974270595754,0.7270900621982208,0.8352075897790013,0.8821696369283077,0.08090195139651031,0.0685066735165985,0.082583124771827,0.09965823980316571,0.07744121174241313,0.06548353938113254,7,8,0.03703055421541566,0.1924332461281461
YER041W,0.8069000774886662,0.8442870615139986,0.7709335117426155,0.647857333992599,0.7894263371758659,0.6553828332600901,0.025445739139041516,0.022850008769982506,0.02771435654128818,0.034362388592632326,0.02657211030785937,0.033993233281714226,7,10,0.0034119383838296926,0.05841180003928738
YOR341W,0.7692355898241783,0.1383290740742622,0.8893127067346525,0.2762366025461045,0.3826963881768298,0.5953302185483889,0.08152811015647522,0.15754102979316578,0.056464026384487255,0.14438473105442637,0.13334365934122352,0.1079626031845375,7,7,0.029308868908055345,0.1711983320831583
YMR272C,-0.10917524016180935,-0.2072391212620237,-0.03737448791978348,-0.08835321936853613,0.02177877601336442,-0.01435198293429174,0.2538578822340986,0.26484222009888897,0.24550387486840786,0.2514638165180561,0.23840156945872343,0.2427643499680479,6,7,0.05911997979044058,0.24314600508838424
YCL030C,0.7661697297976814,0.6191745371919015,0.7225919972950305,0.20858844276008148,0.766030256431939,0.45878406136518857,0.04910567952931744,0.06266778557220987,0.05348609017921905,0.09034051324044844,0.04912032244402439,0.07470792058400424,8,8,0.01049339102885438,0.10243725410637665
YIL069C,0.92288990621021,0.8915267207251161,0.8864203930244017,0.6549571290726128,0.9185428890718216,0.8053593989086141,0.1217946756233144,0.14445549679959543,0.1478164841205716,0.25763758332337555,0.12518064610282592,0.1935037589721878,5,11,0.1957485315158675,0.44243477656697316
YDL030W,0.8165290820978135,0.8369086881646284,0.7242863903088428,0.662346963138881,0.7753201517368592,0.6264914351809052,0.022492826095812928,0.021206833255647227,0.02757334855022371,0.030513760888474368,0.024891007151148545,0.03209302771060231,7,9,0.002805911410399285,0.05297085434839885
YOR014W,0.8655965797168805,0.7233946703723504,0.8635986130400766,0.5844865321026445,0.8522876826530035,0.6534939886724604,0.02061664081588258,0.02957624371340555,0.020769313294840577,0.03624977345930142,0.021613300916648974,0.03310305922193084,6,9,0.003217945070575144,0.056726934260324206
YDR310C,0.6120082898747785,0.6270132616787162,0.5223549479363814,0.4798898617759513,0.5797041535280489,0.47466001252075796,0.027148092010488966,0.026617961004041728,0.03012178683542979,0.031432270179347147,0.02825567185359718,0.031589904928963526,6,9,0.0019328996892870505,0.04396475508048522
YJL112W,0.6864012391347676,0.6566360002803904,0.6862831068495827,0.5359674675691637,0.5914582261656012,0.5787126774266576,0.026746281651528855,0.027986824489828685,0.02675131882365394,0.03253497364217237,0.03052772773603278,0.031000267394819023,8,10,0.0023211629359072544,0.04817844887402722
YBR222C,0.31553085411194515,-0.40445076249599254,0.24351107898774882,-0.28483704119929554,0.22793365197886029,0.2715272534561194,0.12604088647635225,0.18054595802950502,0.13250607719975593,0.17268655883302894,0.1338633911199485,0.13002928226508687,7,9,0.023616860259132837,0.15367778062925308
YPR176C,0.6108664265863514,0.5985375951687828,0.5929288174024527,0.6182907609741071,0.6176473514201161,0.4513641337410351,0.026892414868696864,0.02731510613083818,0.027505252162282334,0.02663463731375458,0.026657075550656814,0.0319317374073267,6,9,0.0018910980232449944,0.043486756872006385
YNL091W,0.7844066990062576,0.7377029735403762,0.7388096937094326,0.6433502991135597,0.7104123164088451,0.5772698199335704,0.022143884036831048,0.024424903188495127,0.024373320241734702,0.028481122349953963,0.02566411016808114,0.031007574419913354,7,8,0.0023143310000359294,0.04810749421905
YFR047C,0.637895908655742,0.45580313304829334,0.6134278916007899,0.4572160437261835,0.6447904643599484,0.4858993359684648,0.045111440078194114,0.055302911226108815,0.04661065793033404,0.05523107246480864,0.04467990933927957,0.05375192939804895,7,8,0.005718644354235603,0.0756217187997972
YDR385W,0.8468171608329719,0.7848106617607388,0.8387996949390696,0.7271345618959573,0.7803127407217841,0.4807434211139643,0.20183238849485138,0.23921927913977342,0.20704689980565977,0.2693767242952646,0.24170644885408768,0.37160094194961557,6,9,0.2705980998239153,0.5201904457253279
YOL097C,0.871485226493278,0.6067889806695379,0.8716555779206042,0.5647480412155883,0.8623579721658011,0.7470440812550024,0.0361420716391025,0.06321925225920726,0.03611810982146899,0.06651305287979953,0.03740348304605014,0.05070595161045219,7,7,0.01034251519282118,0.10169815727347856
YOL129W,0.5870687999341682,0.6154580402642784,0.5857840137849386,0.6314273215128596,0.5523322513474409,0.5845593896946268,0.09471803245531607,0.0914041020434084,0.09486526994339707,0.08948606028150782,0.09862152701029082,0.09500540040495117,6,10,0.022107558128582738,0.1486861060374598
YDL064W,0.716567966601012,0.44298205195637996,0.7192871355672119,0.5832680062715526,0.7188566359212598,0.506250531636872,0.02638145920957882,0.03698357943730103,0.026254605996108005,0.03198915506801258,0.026274730240374935,0.03481991188780556,7,9,0.0024986293234356373,0.04998629135508692
YDR422C,0.730064730874288,0.7287982515793343,0.7037773692110296,0.5589479137229802,0.712622415735727,0.5401751028596224,0.025579564314488767,0.025639501051875596,0.02679615271832176,0.03269702710557993,0.02639306162684319,0.033385629399911285,7,10,0.002466492457976607,0.04966379423661272
YDR305C,0.7129388702981502,0.8807982835351882,0.6866564639835628,0.6948107090911388,0.7363104836884737,0.6251758321200032,0.03452049229463499,0.022244929837599375,0.036066180821058155,0.03559380614367269,0.03308538688961705,0.039446055231319985,6,9,0.00422408558866861,0.06499296568605413
YMR080C,0.8135074693988018,0.521218862737387,0.8012198321580999,0.09751914919367699,0.6840906978335288,0.3799746449099338,0.02241044666954267,0.0359077594892905,0.02313696119007273,0.04929907712981412,0.029167620363615678,0.04086246075494117,7,7,0.002740265993114254,0.05234755002017052
YOL055C,0.3744622101475149,-0.009103172186311514,0.3017237039685434,0.0808339919525416,0.21665076016167772,0.16614919196983502,0.051587002795414734,0.06552111903681815,0.0545038486826111,0.06253317764108111,0.05772862767839409,0.059560412569277896,7,9,0.0043289261679662575,0.06579457552083041
YGL147C,0.9300087972570471,0.7237355467578305,0.8780737416454637,0.6766535603736303,0.8991810178044692,0.6977745260481196,0.31369731602857653,0.6232346326037957,0.41403561260675725,0.6742533552300911,0.37649588081530605,0.6518604142470477,6,8,1.430643042535439,1.196094913681786
YKR098C,0.8139357691081998,0.793557379328934,0.7765615139742824,0.7065980860955259,0.7762364260720443,0.6518243219681747,0.027981071976628538,0.029473559222993273,0.03066280580956483,0.035136975338413846,0.030685103857450755,0.03827649105576013,7,10,0.0042817266996476875,0.06543490429157582
YBR082C,0.8043872786468256,0.8228411432548729,0.8254646222416016,0.7041640585653767,0.7979516874412357,0.27614203977911134,0.37201839618113647,0.35403590038585464,0.35140473069814754,0.4575002508359327,0.37808851261086884,0.7156366037154139,6,10,0.7199210548332564,0.848481617263012
YNL110C,0.5886161071580431,0.29742196272704013,0.447869808725761,0.2566201528446571,0.32373672374289486,0.11993684503085011,0.05501861148316929,0.07190072488033435,0.06373921813951812,0.07395905879977925,0.0705413693824348,0.08047164950662238,8,9,0.007487297780839843,0.08652917300448354
YOL124C,0.6865553907103306,0.5340136153797104,0.7022461925376757,0.4667399691710239,0.5191430630401945,0.42103280274945853,0.03029653162246049,0.036940189930051215,0.02952848545434737,0.039516823484247426,0.03752497859204541,0.041175557641560286,7,8,0.0029797385424834523,0.05458698143773341
YLR248W,0.736793663521404,0.35582816647439,0.7740917577489055,0.2785665576554025,0.7256777140766275,0.5813547401326964,0.05412640375951272,0.08467629911145115,0.05014493132837045,0.08961054896283249,0.05525754019036573,0.06826279899968564,6,8,0.011325963123579296,0.10642350832207749
YGR080W,0.8228790689818695,0.8060550175771294,0.8145165162007482,0.6221441205292146,0.7392347079486008,0.5509912422918986,0.027755889125880215,0.029044203766655407,0.02840356304769211,0.04053995786101141,0.03367790704348004,0.044192401917070766,6,8,0.004425817885218218,0.06652682079596332
YDR116C,0.7993798536755233,0.6563177070369668,0.7389751854353227,0.446960335921903,0.7579611859438914,0.5217778422275268,0.0212775703610222,0.027849239656276118,0.024270328907477275,0.03532749990891004,0.023370998743215427,0.032851076930009014,8,9,0.0022962684865637842,0.0479193957241093
YMR188C,-0.13771491522623824,-0.10574509428845102,-0.08813384410959246,-0.0075663521198563455,-0.031213005583481612,0.05954528732940756,0.24688471737926873,0.24339126726618002,0.24144523588674116,0.23233482364533162,0.23504535452759115,0.22446385888226714,6,8,0.054514006361210954,0.2334823470012475
YPR163C,0.7460031927394114,0.6557353231312937,0.7466035295672029,0.6633979315877936,0.8264440163281533,0.7508844558382387,0.10745395018102558,0.12509918746252094,0.1073268880992847,0.12369913049229952,0.08882353482815261,0.1064164263136278,7,8,0.04625616796056939,0.21507247141503114
YMR189W,0.37809087532162533,0.2082715760749465,0.34807254771424134,0.15520840970114091,0.22581332963272227,0.40684847184890016,0.08585465462160369,0.09686982150180119,0.08790225486105539,0.10006338077179845,0.09579067328820871,0.08384616585897853,7,8,0.012060183060673774,0.10981886477592898
YOR270C,0.9604892017566333,0.9220344887868585,0.9348000923957933,0.432296750479901,0.954285789749743,0.789320903574193,0.05084304586473052,0.07142083502903487,0.06531262639099962,0.1927233553228663,0.054688910150913164,0.11740440221942469,6,8,0.06657335654015407,0.2580181321925924
YML094W,0.7991336708534371,0.37464164724230653,0.7095696052679308,0.43618993450328014,0.7427177178801142,0.5903717838410396,0.02241404246223202,0.039548598370108254,0.026951792319087037,0.037551996464680874,0.025367143084831966,0.032008222037078954,7,9,0.0025449917317170953,0.05044791107387
YHR018C,-0.48040242692391333,-0.6987143901463326,-0.3640152718646077,-0.9263659504173851,-0.14480900143547237,-1.548379274075847,0.16394106955400944,0.17561356238378886,0.15736476093605237,0.18701104909522537,0.1441665108466783,0.21509479543743112,7,9,0.01847348693210155,0.13591720616648045
YBR255W,0.8151135254900619,0.7926655919654153,0.7875651948471063,0.7134764811415257,0.7483265371353919,0.6605124427682079,0.025401483260488605,0.026899375465543707,0.027228225751331086,0.03162180414421439,0.02963638437031834,0.03442060004684572,6,10,0.003551126560373673,0.059591329573803545
YER007W,0.7988706967588726,0.8073878871207363,0.7281369299559869,0.5840997301420041,0.7568687664559617,0.6234056244341375,0.026711057975548628,0.026139375830563916,0.031054784785427586,0.0384103280623231,0.029367960824324798,0.03655024817757944,7,10,0.0036096074033048447,0.06008000834974014
YML097C,0.7321705623397514,0.7220737214266656,0.6538586851828155,0.5923164623829829,0.6977821270958167,0.552366936989269,0.022363498712357724,0.0227811372308769,0.0254236156060367,0.027591301155381793,0.023755855030708248,0.028911569763942033,8,9,0.0019000906724967413,0.04359002950786729
YBR142W,0.6695584530741305,0.07210722068217867,0.6229333090995584,0.1146608811655726,-0.13799844686875695,0.29145504382531817,0.030311489743503325,0.05079358376843716,0.03237941835251266,0.04961520444132968,0.05625107063939868,0.04438576031663745,8,7,0.0028292612687503783,0.05319080060264536
YNL061W,0.6667130226190457,0.2829635294983327,0.6285306651990648,0.356296177891936,0.31945621249324085,0.3765369739601391,0.04097092097292082,0.06009483913014292,0.043254175512184245,0.056938968862620405,0.05854564445900184,0.05603661663102094,6,9,0.005124910036120994,0.07158847697863807
YMR088C,-2.6850248602205857,-6.741707836890631,-2.1276758500372317,-4.359252042109426,-7.934989229996072,-15.366401939230553,0.1501206273474581,0.21758980769965378,0.13830281761340155,0.18103904527249776,0.23375837324046572,0.3163710719114489,6,7,0.006222909099175794,0.07888541753185942
YMR049C,0.6715377949850911,0.11625754299684565,0.7322666415984018,0.24480173006906392,0.48775827660958715,0.49006027404240327,0.0372755127444277,0.061142583326732794,0.03365364947630556,0.05652120566338053,0.046549862134246556,0.046445147582246264,8,8,0.0043044234239189355,0.06560810486455873
YGL032C,0.5312080471788272,0.2869434778798291,0.5377003209538771,0.11827406440996124,0.5372781258613761,0.382620288444263,0.14224154898772845,0.17542778396025177,0.14125316738205676,0.1950757147355535,0.14131765237658925,0.16323473396658209,8,8,0.043916319491721985,0.20956220912111512
YDL066W,0.24947738785286533,0.061848513942852734,0.28586092549630415,-0.14802154924001942,0.28378207209671913,-0.21127650565454448,0.1128359716319751,0.12615433181759092,0.11006698757962614,0.13955349012899348,0.11022707324296668,0.14334657773767032,7,9,0.017261737277788878,0.13138393082028288
YDR376W,0.7081051764967143,0.607481480762952,0.677892261605378,0.5253186807751532,0.7188788066211838,0.5605570331703493,0.02537421502838625,0.02942452733189862,0.02665508050490359,0.03235791200248195,0.02490154039597282,0.03113369584337628,7,9,0.002244460550238019,0.04737573799148694
YKR079C,0.711431237736512,0.7204561144811895,0.6589887569299671,0.5824051608182019,0.7163966107593025,0.40074169577758345,0.02790104607619603,0.027461283182812008,0.03033054240219111,0.03356397503458317,0.02765995927158025,0.04020711003557098,7,8,0.0027450154541846968,0.052392895073518284
YGR102C,0.7486809963616057,0.704211751564559,0.719883323455408,0.5986955292427896,0.7122498259744581,0.5925697215594234,0.031115953293831204,0.03375677150940678,0.03285034453363943,0.03931945099724584,0.03329494054955003,0.039618414979251636,7,9,0.003920071879799901,0.06261047739635836
YGR068C,0.8174452921347474,0.8104860926127093,0.7987215485936974,0.6744108461228484,0.7775676688110125,0.6663204737720096,0.025806398717366282,0.026293683276467122,0.027097518752426743,0.03446401327156005,0.02848589315731685,0.03488957381048487,7,10,0.003712059309027048,0.060926671573515716
YJL035C,0.6749962511886731,0.6708543721340495,0.5570725246752437,0.3735062302729043,0.6092062355555017,0.4905166967609442,0.028298209862985486,0.028477956553751224,0.03303551551311133,0.039289197300850384,0.03103048692699538,0.035430701880134884,7,10,0.002507163713236307,0.050071585886970936
YDR156W,0.7470614871619652,0.6118471999552191,0.7152969153500239,0.5695627221505336,0.6987909266142285,0.3161093964806765,0.02747629818476805,0.03403706485735311,0.029150554935784476,0.03584310946545282,0.029983668352500582,0.04517977448775115,8,9,0.0030370687202267393,0.055109606424168366
YIL062C,0.7923702802766703,0.778362212503666,0.778260057640644,0.6243512015475134,0.8227996772422337,0.4304557929223082,0.051862211281089046,0.05358314178039867,0.0535954888354462,0.06975852245221154,0.04791136294984769,0.08589541666575251,8,8,0.013181525690094474,0.11481082566593828
YML054C,0.6939438471723924,0.21322045425467562,0.5999293392994989,0.4549049321945857,0.714914703769314,0.3998768576794216,0.05015357814165986,0.08041330196377748,0.05734158812660358,0.06693256854745075,0.048404838385100735,0.07022981955219479,9,9,0.008362880063078207,0.09144878382503623
YGR169C,0.8082797601275946,0.7812964119646459,0.6954905592932402,0.6048402500677861,0.7376147076508304,0.5632248395306259,0.02482870352471652,0.02651844260355886,0.03129107198247086,0.03564563960071359,0.029046232185332407,0.037475637277314844,7,10,0.0032718490553256055,0.05720007915488934
YNL008C,0.786616037509933,0.7327525663649734,0.6825658875725775,0.5544433337300226,0.7255947941426446,0.627358847894022,0.024889193465163547,0.027853944595678862,0.030356852011786572,0.03596511129861463,0.028224490366237948,0.03289086859584067,6,10,0.0029540171293176297,0.054350870547928025
YPL156C,0.760565448752969,0.7475393525265437,0.816711130204873,0.7796205051339431,0.7771278541386388,0.676026290860275,0.15122665604366525,0.15528581455227058,0.13231314280857942,0.14508433727910924,0.14590253441965617,0.17590971407451436,7,9,0.09719032070132998,0.3117536217934444
YBL063W,0.8180811052195989,0.8711971257059324,0.7863371462284431,0.7117264778896029,0.7655714891361127,0.6857877510420376,0.023681533309695503,0.019926622396264266,0.025664654739737607,0.029810776668935023,0.026882900724128366,0.031123072858025545,6,10,0.00313685876656893,0.05600766703379931
YDR406W,0.717468693103331,0.6278405634456338,0.8508745336434855,0.6033992990440421,0.623592092381792,0.6090941027497221,0.05868198055948287,0.06734975058493184,0.04263314599623145,0.06952615506594323,0.0677330829165686,0.06902518592650961,7,8,0.012402124474619997,0.11136482602069649
YER059W,0.8344173792216469,0.8345633952590431,0.8302262842286248,0.5906614599319254,0.8322984726109283,0.7219269154194727,0.023198708689901218,0.023188477753209796,0.02349046762347967,0.03647520601381579,0.02334666998319322,0.03006324890437769,6,10,0.0033072422587573772,0.057508627689742145
YAL044C,-0.0708540566037732,-0.20471971073915496,-0.14259159284240996,-0.6210566324352309,-0.19525416412720786,-0.6984238208719844,0.173059748968805,0.18355826087516094,0.1787625077220667,0.21292664934968375,0.18283572533464126,0.21794853917844725,8,8,0.02845869560842867,0.16869705275560884
YBR202W,0.5354447257201608,-0.07887121807286679,0.3735273108552245,-0.04266853258389025,0.5668834300303889,0.21171762296874508,0.0359466415948268,0.05478030268567752,0.04174367642991578,0.05385335412075383,0.03470899377569438,0.04682529614542512,8,10,0.002830299442728714,0.05320055866932897
YER173W,0.8066509086187275,0.8163595072971621,0.7480277805411265,0.6261025021174305,0.7287159467518043,0.5891745894136647,0.025125459834586365,0.024486526069393923,0.028682650544597715,0.03493970472474652,0.029761518341112302,0.03662449119599214,7,10,0.003322301481847806,0.05763940910390916
YKR008W,0.7842643099138511,0.8009099297975426,0.7394381572617328,0.6283968330429652,0.7373979920888709,0.43656846225226686,0.022544779273152016,0.021657573073567228,0.02477652512143196,0.029588618738792236,0.024873334466487453,0.03643389185408837,7,10,0.00239730402722143,0.048962271467135075
YNL067W,0.8466786412322698,0.8344873994672031,0.8171969462617565,0.8145109987660077,0.7928265712637191,0.3983296504913352,0.15202638810176744,0.15795492766058888,0.16600049037873957,0.1672155759989681,0.17671958160691925,0.30115976717831056,7,9,0.1533869576318379,0.39164647021496046
YOL091W,0.04383830964037072,0.04512731553933724,0.02465777163642957,0.17767211629605617,0.1566827233320971,0.023686143049960195,0.2066919241335679,0.206552555988181,0.2087547434153335,0.1916815651630741,0.19411242599831297,0.20885869748425676,7,7,0.04546412269375785,0.21322317578949493
YLR016C,0.7104946767093349,0.7805763861850313,0.65581702653058,0.4694966309116937,0.7056737165191793,0.5736800042852797,0.023072444274276745,0.02008662679604595,0.02515706778570586,0.031232690819666786,0.02326375696356287,0.027998397839432625,6,10,0.0018710431167914881,0.04325555590662878
YPR056W,0.7592942154126239,0.7750795568583037,0.682370486625022,0.5501241799295096,0.7089136905605834,0.5568439549616162,0.025737531849242854,0.024879296660816883,0.029565420351294218,0.035186004919549665,0.028303133729067106,0.0349222303242616,8,10,0.002800273204603473,0.05291760769917205
YMR270C,0.743097938834679,0.7730949292928762,0.7321002402626001,0.6144456874233695,0.6935726196045011,0.5710922617614578,0.022475655382153,0.021122760302213946,0.022951693316376417,0.027534129630470992,0.024546657015385335,0.02904092939735485,7,9,0.0020008304037556985,0.04473064278272444
YDR334W,0.7644869399394921,0.7311889623582917,0.719216997320832,0.4226023160159186,0.7525472527689434,0.4985895962438779,0.026007359310131938,0.027785122046796843,0.028397111530137967,0.040721735517135586,0.02665845032683502,0.0379476975543202,7,9,0.0029223394317880553,0.054058666574269616
YFL026W,0.9510333512165869,0.8334133599398875,0.9365978445832954,0.7618249650297503,0.9218783735453671,0.6232976795509841,0.05762231907045135,0.10628222216489298,0.06556809302745573,0.1270833517372601,0.07278236775748058,0.15982315123790644,6,10,0.06899763760729778,0.26267401395512613
YMR055C,0.7968003619958337,0.8451631196921396,0.7488109944484596,0.6862638046679044,0.7206045363042624,0.6377962314445766,0.027921460118904288,0.02437327377202483,0.031043949892147295,0.03469436740670612,0.03274057751902194,0.03727804624847053,6,10,0.0039039698847853754,0.062481756415656044
YGL065C,0.8443848595758103,0.8565042698125842,0.8570560203938397,0.6821096911078693,0.8569802943448386,0.7232227809176427,0.021462801388433136,0.02061009395112315,0.020570432201127666,0.03067602806455706,0.02057588017911008,0.028623692188917513,6,11,0.00301213271054488,0.05488289998300819
YER122C,0.49575288917986393,-0.11800719725775988,0.4180118477011766,0.41788798825275364,-0.17895665807757122,-0.14372061262624802,0.052695642371635945,0.07846487612496988,0.056612204344566444,0.05661822816424627,0.08057529672073588,0.07936206650710263,6,9,0.005603496763465402,0.07485650782307042
YCR003W,0.622116620353071,0.34027972778979376,0.6344681127399041,0.40568436520138484,0.656580788362293,0.37312858363299206,0.02640838171740136,0.03489336136593815,0.025973204070219844,0.03311856196856547,0.02517533085963606,0.03401356296455692,7,10,0.0018779279452982467,0.04333506600085255
YER178W,0.8132697680386679,0.730316456318415,0.7464566459214372,0.636215693525598,0.8036377324481987,0.5873058727981832,0.11425817541259921,0.13731158785556194,0.13313924253428716,0.15947842799403533,0.11716799155397728,0.169861169760204,7,9,0.07113987049721801,0.26672058506462903
YKL117W,0.5395328547183418,0.5736286871237446,0.5287290362942383,0.6038356877018649,0.5585730359958306,0.17278549670695353,0.5241700408578946,0.5043904547697659,0.5302836197298016,0.4861950646930854,0.5132184962671819,0.7025576077303973,7,9,0.6071540266819314,0.7792008898107929
YHR039C,0.8461857174666877,0.7455050561579448,0.7323736236609608,0.6488946558393193,0.8163776639390848,0.7358889349713122,0.049205691126760306,0.06329313148759655,0.06490549419322367,0.0743422539360121,0.05376253746764089,0.06447781359422103,7,8,0.01601722019799971,0.12655915691090752
YJL185C,0.7080790544416213,0.6698774720685435,0.6784677328681092,0.5768265771555767,0.6760753638036874,0.512622400494306,0.03407679651989111,0.03623795768281077,0.03576336818852231,0.041028470253784484,0.03589617074437754,0.044031037086977004,7,9,0.004047672841432307,0.06362132379503202
YML123C,0.5246318362238223,0.6709183736173249,0.5116787901536846,0.5654218851817245,0.6502415123103,0.23042071832551458,0.36610630991878446,0.30460987972361914,0.37106070177598105,0.35004678518347887,0.3140337308799666,0.46582077251302145,8,9,0.28690457472698433,0.53563474002998
YOR091W,0.6986698903445103,0.6253399425378501,0.7454552485049613,0.5455071790842249,0.32407222327782625,0.5220580769491587,0.031937787261648067,0.03561248313695275,0.029353887959123654,0.03922356580142818,0.04783367030403119,0.040222690963686185,7,9,0.0034444529411303388,0.058689461925718306
YLR190W,0.5686834250149582,0.4746369252462671,0.5298493472178454,0.36905199578935066,0.5094765344123814,-0.38637891664404855,0.033512392959890176,0.03698598067549281,0.03498854539540369,0.0405325709298213,0.03573857729704592,0.060082547504343574,9,9,0.0026495240723981408,0.051473527879854326
YKR026C,0.6196562032716868,0.5997908656735947,0.6241829232964895,0.44350591829220243,0.51924587974336,0.3694076928972897,0.026776041926740015,0.02746639800754166,0.026616225398527937,0.03238832478384362,0.030103688965195236,0.03447724418690642,9,8,0.0019180925530194119,0.04379603353066818
YNR023W,0.8439216580213971,0.8901549085463623,0.77386211942597,0.7056164977611015,0.7877122629472183,0.6450301192984067,0.022359914194144362,0.018758112603018483,0.026914447555176045,0.030708283758821835,0.026077218440227843,0.03372054331395789,6,10,0.0032594983102180635,0.05709201616879599
YJL083W,0.832147072569319,0.8070920076659309,0.8243834516525765,0.6722357067004345,0.8163083388577748,0.7001198246110196,0.025237341877889865,0.027055418839965935,0.02581439014668912,0.03526630594405032,0.026401212440953645,0.03373284952677711,6,10,0.003861103468127826,0.06213777810742693
YMR171C,0.6095857550819699,0.3449401658749158,0.588820806283797,0.4812483514403497,0.5030592765537909,0.49102495825896675,0.03036158263463093,0.03932801834342881,0.03115854315222013,0.034997846601038066,0.034254203403958135,0.034666486033559214,6,10,0.00240257135335728,0.04901603159535949
YGR152C,0.7224248320496776,0.6941119265077129,0.7302452995992643,0.576570219784488,0.7303923355292414,0.5453517810848886,0.03773035437014504,0.039607903087509735,0.03719504504533382,0.046600575286233396,0.037184906661302676,0.048287900765802874,7,9,0.005218603425560067,0.0722399018933447
YHR147C,0.7265733024860501,0.4776276072668546,0.6801938736953319,0.20756697785230194,0.627702648361486,0.30107606456498803,0.03168909203541549,0.043800538063349014,0.03427146951638796,0.053947412573405414,0.036977224562125814,0.050664562193753246,8,9,0.0037370749886946916,0.061131620203415935
YCR067C,0.8191961040991583,0.7841387871577543,0.6662108751213658,0.5785761812770696,0.7137893938798427,0.632892936558216,0.023519261115487872,0.025698459371520918,0.03195625463622002,0.03590701645255323,0.029591204499385623,0.03351321957630017,7,9,0.0031130973455319997,0.055795137292886016
YEL042W,0.6914474849929924,0.4768322484785158,0.623908338732652,0.7836009869044153,0.4457250837816271,0.5978021244571381,0.030003498657024702,0.03906859899152359,0.033124871852454475,0.025126673272524647,0.04021332345856089,0.03425525783945679,8,9,0.002968710491104263,0.05448587423455976
YIL083C,0.7334508127575988,0.6734540854053044,0.7604147747077042,0.6559600314349905,0.664133662899133,0.6576661093813218,0.03628638233988352,0.040163089990600115,0.03440210422476297,0.04122488384467594,0.04073223399242331,0.04112254068282096,6,9,0.005026470289603665,0.07089760425856197
YPR075C,0.9130117101817162,0.7927987825293719,0.8829851924743402,0.7629679300671235,0.8533725783757239,0.8700906522512116,0.03869306216521825,0.05971712020800488,0.04487692757773032,0.06387137407234152,0.05023545077237841,0.04728494692161722,6,9,0.017512919337267497,0.13233638704932024
YMR005W,0.34039290850811055,0.09656658623899272,0.31877531940730064,0.17634832495684183,0.2251893511745966,0.19455394754647792,0.02983937867107763,0.0349216851340167,0.030324406149880904,0.0333440931664673,0.032340364336195034,0.03297352264691874,9,9,0.0013735591723940397,0.03706155922777723
YKL157W,-0.014785072199336557,0.012863436368013348,-0.11920085101989719,0.06921375825113374,0.10148467194397148,-0.0892077152961459,0.3508054690817013,0.3459934997490438,0.3684116340390444,0.33597293866563765,0.3300973710641389,0.3634416327900768,6,8,0.12339903934626452,0.3512819940535873
YDR378C,0.8497318095551998,0.7247155034624135,0.8224553372774107,0.6408024984284666,0.8324615681085566,0.6134759886794847,0.039940854572515797,0.054059833183711985,0.04341478304720062,0.06175192182096883,0.042173636221810036,0.06405780653185625,7,9,0.010802413237704202,0.10393465850092645
YCL001W,0.40433341028174474,0.37155883074551377,0.16245595570269145,0.12202026268271648,0.41692881735454046,0.38855308066870053,0.03280404448261602,0.033694427777960105,0.038898208391531075,0.039826121818539645,0.03245536966695373,0.03323572462054621,9,9,0.0018382504479394423,0.042874823007674825
YDR410C,0.6856101009995572,0.6707301381805448,0.6576025974772632,0.5597741047768761,0.6691494183165282,0.5422593905689463,0.024639673859068484,0.025216026582533992,0.025713778209015662,0.02915670585872083,0.02527648117472047,0.029731059405804172,7,10,0.0019649633921750946,0.0443279075997852
YDR414C,0.7428530786805254,0.728088837842839,0.6580414287023604,0.5986093618186394,0.7216181822573152,0.5463543713823409,0.02445814821291973,0.025150488563521693,0.02820458116220825,0.030557409019583176,0.025447981538175252,0.03248562846629869,9,10,0.0023671127988368393,0.04865298345257811
YLR309C,0.8289954664880498,0.6356420683197517,0.8175025357498492,0.5466592740946212,0.8022217638000643,0.6921866772607344,0.030875399426455296,0.04506847745887287,0.03189607102989658,0.050271418570410835,0.03320458237366365,0.04142404253819037,7,7,0.005672450085795501,0.07531566959003617
YER103W,0.96078628567957,0.6048776586297685,0.8613121292782995,0.4517793170952069,0.9074892098542051,0.21410761059332906,0.4413211123658419,1.40088184562241,0.8299557805702409,1.6501119977684198,0.6778473601277586,1.9756829657898851,7,10,5.053875809090146,2.2480826962303113
YKL084W,0.8239185360280324,0.670710582312344,0.8185474997055847,0.7736106717602096,0.8022635871185596,-1.3754558582366303,0.029976112097678156,0.04099277992861082,0.030429860569646767,0.03398963175018196,0.03176594719861182,0.11010117816477588,7,9,0.005192662614237958,0.07206013193325389
YLR424W,0.8050600320506467,0.8002083640458296,0.739393417777944,0.680800626806608,0.7548842601820794,-0.09099894663433017,0.025227760767218735,0.025539765791601388,0.029168960281950252,0.03228191381609606,0.028288756584927417,0.05968159544371715,7,10,0.003322076702150683,0.057637459192357555
YHR156C,0.8293800875013901,0.8486739419198747,0.7794356948130867,0.7951515701261327,0.7800055503098935,0.7124657341616982,0.023713840230451266,0.02233283676945422,0.026962157863243786,0.0259838411074395,0.026927305281949906,0.030784480978827744,7,10,0.003353723098475848,0.05791133825492075
YER132C,0.7357309030635266,0.812618935375715,0.6343104572637182,0.7365185394292195,0.7191368808304122,0.6016436426227039,0.029037628222640086,0.024451235091258162,0.03415814053083598,0.028994323577659433,0.029935416677370333,0.03565117323164658,7,9,0.003246601899027089,0.056978960143434426
YLR453C,0.8338574851228211,0.8264622212917476,0.8333850983538527,0.7617320392458264,0.8059712972124479,0.6710678666892251,0.02626866772781419,0.02684693270700178,0.026305985578423275,0.03145795458222812,0.02838772877616099,0.03696160384869939,7,10,0.004226184493333503,0.06500911084866108
YPL126W,0.7275471927073633,-0.046521181775027065,0.7146240054985736,0.10306177867464039,0.44528312657676317,0.3041401833828571,0.02826122823100951,0.05538847401497553,0.028923717276744466,0.05127747768394435,0.0403256221991322,0.04516544233332442,9,7,0.002982935861964108,0.05461626005105172
YOR196C,0.5310616249532547,0.5618241594297261,0.5293746646043842,0.4257546603493353,0.49445156794224343,0.40553184112085006,0.035898919866809965,0.034701456920556255,0.03596343334087923,0.03972576180087572,0.03727390366482649,0.04041920744143151,8,9,0.0027964053670356016,0.05288104922404246
YFL037W,0.6486636265094774,0.5970706450100182,0.6751346954200015,0.329191372871634,0.24869093356914784,0.14976338688909996,0.15369892008322714,0.16459768141794429,0.14779540254009774,0.21237753641128243,0.22475976733406886,0.23909977110510383,8,9,0.0684182018324422,0.26156873252061724
YDR194C,0.823091403086871,0.6487134420370164,0.8188022576897493,0.6119249734883228,0.8036590524035471,0.7322314679371088,0.03184688663147577,0.04487694439028639,0.03223063811488194,0.047168314848750136,0.03355041945615324,0.03918070820280788,6,7,0.005833620371959265,0.07637814066838276
YOR298C-A,0.789112151692511,0.6017853172709201,0.7907516271561241,0.501748650074072,0.7913498208815213,0.2708331551477835,0.6010407340973872,0.8259176799773186,0.5986998828530113,0.9238519299898919,0.5978434966498599,1.1176133606339436,8,9,1.7430481920219625,1.3202455044505785
YMR118C,0.4596483926896828,0.5513925766612962,0.5060341376031546,0.33291560144160026,0.5142417537611795,0.24215054759423726,0.07555067500392475,0.06883880980654421,0.07223515236121074,0.08394416565840279,0.07163251774090568,0.08947291682773265,7,9,0.010748636795557062,0.10367563260263746
YDR363W,0.8269118419255184,0.8052132781462858,0.7292587583214223,0.667814446569917,0.8101452018066091,0.694533677893806,0.02518495558157276,0.026716968930227843,0.031498126237202016,0.03488975193891047,0.026376568811074395,0.03345716814714742,7,10,0.0037287920155536615,0.0610638355784638
YLR437C,0.5870610182227552,0.6311970440936703,0.6072166222626221,0.59505186331081,0.6767930255246248,0.41631600584318684,0.14264212844712376,0.13480377862962817,0.13911738947022853,0.1412552414355636,0.12619589591559469,0.16958747008501862,8,9,0.05013752326178889,0.2239140979522926
YLR096W,0.798769291836356,0.7651068146418358,0.6797987823477777,0.6213865581822092,0.834376642999857,0.7310280670479177,0.035909297546612685,0.038796718213927835,0.04529719102988334,0.0492558475131759,0.03257771152751122,0.041515785921934105,7,9,0.006520376920512213,0.08074885089282827
YLR109W,0.8525799031132717,0.9123426264779539,0.8771398309915422,0.735322495202468,0.8462781852491337,0.5575752800604845,0.8896538771910928,0.6860202833008909,0.8121725066732017,1.1920685918785758,0.9084697713657834,1.5412121425211398,7,8,5.463093043565381,2.337326045626793
YDR082W,0.7588166723262005,0.8221074280134995,0.6489689560581615,0.31156180726921545,0.7405126873848665,0.6024808638941985,0.026877256824593704,0.023082891322461926,0.032425304455316786,0.04540919235727349,0.02787849749668917,0.034505658490532734,7,10,0.003047724718348185,0.05520620181055916
YML121W,0.7121179459740891,0.7476797074318987,0.697626310577014,0.64355460650358,0.6677671829661509,0.12470196938681477,0.02678757263369975,0.02507853454470602,0.027453521809158762,0.02980729518931607,0.028777120119197155,0.04670937335864839,7,10,0.0025363271373597656,0.050361961214390426
YDR151C,0.515243423156024,0.39154149050288534,0.41784830372329274,0.3677149075939846,0.4675672306297577,0.46805409043672486,0.025358005410533565,0.02840983554778648,0.02778889762313128,0.028960743447407244,0.026575755748855526,0.02656360245250453,8,9,0.001349769493245971,0.03673920920822835
YMR269W,0.7768608105612534,0.6865737235422931,0.7106040806537985,0.5298630239382319,0.6275828062499579,0.5711846244943491,0.026967025383623344,0.03196044517808632,0.03071081344575744,0.039143289800251314,0.03483854268954024,0.03738352869962367,6,9,0.003316220308732266,0.05758663307341614
YKL039W,0.7094728714522895,0.5311018999666979,0.7517281881077291,0.5653119215242952,0.7317896199370798,0.5860852546171267,0.0471672417648129,0.05992200976651346,0.04360244484684398,0.05769471061528327,0.045319480755988406,0.056299246658441326,7,7,0.007791972425736781,0.0882721497740753
YPL172C,0.7534594701527195,0.7387132146945665,0.7391776926311608,0.7016945720474633,0.7472564249976306,0.5963209334498707,0.025939099080163765,0.02670357751960651,0.026679832079053407,0.028532597071226774,0.02626339029233778,0.03319164982577683,7,11,0.0027769917464377254,0.05269717019383228
YLR433C,0.8026937651767565,0.8278927780666658,0.7769828081614054,0.7555700089531142,0.7802167853310519,0.6815852864254348,0.024219783461056993,0.02262035407883499,0.025749513196057332,0.026957343796436963,0.025562134292403588,0.03076779797946774,8,9,0.0030251912862992846,0.055001738938867055
YOL142W,0.7321658038623446,0.7565429388931865,0.720744361678111,0.6169705781981327,0.6984043267175553,0.5751724586269154,0.0242094146848035,0.02308141684946814,0.024720215481790774,0.02895125164745975,0.02568998379114888,0.030490012954885886,7,8,0.0022266691472726994,0.04718759526901852
YLR065C,0.5878133167146575,0.5454747661235355,0.5592903354222427,0.3935290086866291,0.4619971769018658,0.33406896788983054,0.03507286390316177,0.03683012994279399,0.03626607362559169,0.04254311325791221,0.04006974041429871,0.04457987827388332,7,8,0.0030366982639821903,0.05510624523574611
YML072C,0.8936550715081156,0.7886598019025133,0.8785964305592604,0.679696221055603,0.9054818123715704,0.8242371673046667,0.046141065504608385,0.06504595322115653,0.049299777054527344,0.08007745436941992,0.04349976594014996,0.05931885357420436,6,9,0.020370964534252883,0.1427268879162328
YJR100C,0.6876581613159249,0.6646846467694546,0.588972069630888,0.5864837234567459,0.6281203249092526,0.5680636481510553,0.023043891534213157,0.023876323837381065,0.026434823084209212,0.026514720008998287,0.025144439696683993,0.02709883490132129,7,11,0.0017299542581527233,0.04159271881174304
YER095W,0.8224102949481189,0.6546786703770557,0.6858196166764392,0.5939916711868212,0.8310652699615103,0.5896606664975075,0.13564806094541115,0.18915437875064453,0.180423967911057,0.20510307351289545,0.1323013172109061,0.20619411761119677,6,9,0.10542959348561932,0.3246992354250612
YDR325W,0.820351151481763,0.8385623140812477,0.7624937659007642,0.48622262974481745,0.8071802118521489,0.6857115999687227,0.022962338323249454,0.021767389795019056,0.026402277981818226,0.03883214478789273,0.023789192095472277,0.030371627768777776,7,10,0.002986489024012122,0.05464877879707946
YNL027W,0.7490455442240744,0.7719913452477392,0.726927896955246,0.5078256985551735,0.724992771817441,0.22459293249149004,0.02837176546168815,0.027043604229774816,0.029595628895959073,0.03973272690814194,0.029700308465163847,0.04987165527993751,7,10,0.0032638556937956984,0.057130164482484196
YDR155C,0.7787439772019693,0.7975763428081674,0.7378147626184437,0.38039227848217916,0.7858436747174407,0.41392340767310576,0.7096287639396343,0.6787569563561971,0.7724809485726495,1.1875231117942902,0.6981505960599629,1.1549437902630497,8,9,2.3159034943344485,1.521809283167391
YOR307C,0.7205429794978859,0.7864687270196535,0.7351240509230259,0.691516289401501,0.6902244667207547,0.6290848504459211,0.026235744991774036,0.022933304280165344,0.0255421323944813,0.027564619814440517,0.027622275046431635,0.03022547778968744,7,9,0.0025062530322430623,0.05006249127084131
YBL035C,0.9122725343526866,0.8980449117188383,0.8724203683291625,0.6777748794279028,0.8855159668881141,0.8595008532841062,0.018357086118441994,0.019789754480809017,0.0221374006783624,0.03518160523200581,0.02097048206299428,0.023231261693537484,7,11,0.003908634358204138,0.06251907195571714
YJR137C,0.8593986959345806,0.9082433342845615,0.8176391353546679,0.7490360534107172,0.7673797921329575,0.8414529455291795,0.37468729156624814,0.30268653417889624,0.42671716219757816,0.5005874489303812,0.48194558766532347,0.39788116218064734,5,6,1.016018733288849,1.007977546024141
YML104C,0.793181404287362,0.8065700342540415,0.7579356861995343,0.6627974198235758,0.7779188002004616,0.6093012147060259,0.023189812223766756,0.022426645438527765,0.025088102987315952,0.029610646122272228,0.02403025265770595,0.03187303869753782,7,9,0.0026458061216360898,0.051437400027957186
YHR216W,0.8187206027765094,0.24428874193289418,0.830050583546801,0.6550471746841724,0.8013892439957734,0.5542441664542213,0.026409940928350972,0.053922640615056736,0.025571313959888115,0.03643116494888708,0.027643599218021914,0.04141347973737471,8,9,0.003915070158566738,0.06257052148229818
YOR290C,0.7678135952880268,0.6023496599574616,0.7602432189365222,0.4888403747461857,0.7109827590793734,0.7159316063388304,0.02650647531270713,0.03468839989227463,0.026935127624797967,0.03932890542616731,0.029573005459120196,0.029318722692783593,7,9,0.0030790753294492475,0.055489416373298135
YDR068W,0.8082009756151469,0.7500654116846963,0.790926525116884,0.6988205890308392,0.7776617491519437,0.656193134596152,0.02269804177927504,0.025910654015561252,0.02369816194229256,0.02844315932346509,0.024438372856281088,0.030389423861730346,6,10,0.0027332762410826775,0.05228074445799981
YBR191W,0.9353344729218372,0.8565169809005231,0.9091968500961523,0.8020257365047807,0.9362266251337328,0.8040948535326932,0.24130920479152435,0.3594493732898279,0.28594857372268584,0.4222229595394385,0.23963882293685493,0.4200107442309976,6,8,0.9162797592946278,0.9572250306456825
YJL103C,0.9123470978957761,0.8227880121829393,0.9161432352568183,0.22419142408968207,0.810545878539965,0.7174870789537402,0.02804610537088279,0.03987823791741596,0.027432062588837108,0.08343854063118676,0.041232668294805305,0.05035105437039352,6,9,0.009131286323933407,0.09555776433097107
YHR171W,0.8470680202627698,0.7315671710391334,0.8438494712811133,0.736773156085768,0.8566760234665478,0.7901406109573244,0.038958914222887824,0.05161494911839722,0.039366737008861986,0.05111198853239033,0.03771526069353436,0.04563750478212106,6,9,0.010098770823333953,0.10049264064265578
YPL081W,0.785060359335855,0.5544291392253978,0.7750786405342184,0.47201897098445633,0.8037841260279148,0.691234829750887,0.06994269833747872,0.10070302454235655,0.07154832543769142,0.10962087968163986,0.06682688123593954,0.08382977028545739,6,9,0.023159084402982588,0.15218109081940037
YER115C,0.010944044370842176,0.5725845478787537,0.22828467678847963,0.5822641716267252,0.24271130594357082,0.46902842962202185,0.8807205556754092,0.578965667544331,0.777958201021429,0.5723722424824488,0.7706522275377482,0.6453024823216134,5,7,0.7980103809645758,0.8933142677493603
YNL087W,0.8819629405576922,0.8166837151552906,0.8872204017812388,0.7901690269505681,0.8266550372780564,0.7860906183774665,0.022791963916691537,0.028403579946081486,0.022278596577753884,0.03038836646543394,0.027620285967466275,0.030682269051344788,7,7,0.004478146049583986,0.06691895134850803
YJR105W,0.7348273610609402,0.6380445125822162,0.7306545485202802,0.5496157886737383,0.7972334757991164,0.5732537696643767,0.10133182191008032,0.11838838016640509,0.10212599922459009,0.13206054176802962,0.0886093649740241,0.12854830146400026,8,8,0.039401806112644475,0.1984988818926809
YAL040C,0.6002699687688656,0.35391227059613095,0.5579953110123796,0.5405975155054754,0.49758470078739314,0.48751753707058554,0.03457250245378972,0.043953470685494496,0.036354725152274746,0.03706330104406148,0.03875956151524818,0.03914595852351093,8,9,0.003042621940283582,0.05515996682634592
YPR107C,0.7739882113719415,0.869610628230745,0.789319835579576,0.7448336301044883,0.7723555451568359,-0.1991943753778227,0.022016928566488257,0.016722926603441227,0.021257050855173446,0.023393914851267954,0.02209630852221663,0.05071494731567804,6,9,0.0021824058260817725,0.04671622658222486
YLR245C,0.7052256009972931,0.7168636308436047,0.6630609896186133,0.6003171151706256,0.5993675732941752,0.6627890965872927,0.04168438598376009,0.04085322600784233,0.04456605330123195,0.04853849463354561,0.04859611780612134,0.0445840309699557,6,9,0.005998051531734754,0.07744708859430904
YDR388W,0.5839352233820174,0.3900869228247045,0.5429742423876229,0.2990051955829226,0.5934330855341117,0.34371856931795175,0.07438133028367123,0.09005699232869832,0.07795676425383956,0.09654746284536411,0.07352744633630166,0.09341756094885176,6,8,0.013530693916957527,0.11632151098123479
YPR162C,0.8332234431030168,0.8154778379396521,0.7689549355627286,0.6074075696432305,0.8012112863465731,0.6751462353003772,0.02335135073992569,0.024562285357384972,0.027484817212994735,0.03582741431934576,0.025494140033937036,0.0325903074341085,7,10,0.0033269183955522033,0.05767944517375495
YEL052W,0.7169631238383196,0.5896353931780971,0.589810068038604,0.4944425363459213,0.7047749559737968,0.6538016029387342,0.0373739062285313,0.045002011753887634,0.044992433007734735,0.04994962632667392,0.038170124672516376,0.04133419717056053,7,8,0.005021657618502579,0.07086365513083967
YHR032W,0.5888408204588653,0.5475235500021365,0.5471412223019003,0.5358349080763841,0.5351242395227636,0.45090703245376684,0.02611804792022022,0.02739893671204536,0.027410509867466244,0.027750573120551236,0.027771809009517878,0.030182739800277403,8,8,0.0016882026430226666,0.04108774322133873
YGL084C,0.7856416534102841,0.8196745158242562,0.6855052028129431,0.38285610849857055,0.7429402005714822,0.611172649791685,0.024581387434553632,0.022545753068892966,0.029774393600603615,0.04170896470558362,0.026918649941333347,0.033106601056384306,6,9,0.002868306275867045,0.0535565708001086
YBR252W,0.6517590084860982,0.5256460473179103,0.5494900192409944,0.5482674653050696,0.48202510049960534,0.32857761036983324,0.028710742905727907,0.0335085586098857,0.03265552673732696,0.03269980555041171,0.035015379877194566,0.039865975414833214,9,9,0.002408585722852748,0.04907734429299071
YGR281W,0.8192320180735051,0.6686394029136807,0.7677884980809766,0.6580384703988317,0.800783652179619,0.6804390000626883,0.08627147770769746,0.11680378445420267,0.09777962016139158,0.11865747642484929,0.09056678875471745,0.11470526903236984,6,8,0.04189537693566266,0.2046836020194648
YPL013C,0.7248865426105982,0.5336421759907501,0.6902063140125062,0.45077664019771935,0.701040094156447,0.6206804710178744,0.10511487572633707,0.1368572778474585,0.111543571195369,0.14851925569427626,0.10957582214533919,0.12342719663772996,8,9,0.040866709015829214,0.20215516074498127
YGR263C,0.7863567833688742,0.7855584792670708,0.7062291866845427,0.5635358968653571,0.7602565208074801,0.6319530596266059,0.025250584996916573,0.02529771696444024,0.029609509487518833,0.03609118615813026,0.02674855291722892,0.033141983439012285,7,10,0.003036735161673638,0.05510658002156946
YML013W,0.8008581910463968,0.6070724885858283,0.7935335582257959,0.6162847370283897,0.7557561333618705,0.7949384590891404,0.025475749610135153,0.03578507787541138,0.025940030623529675,0.03536309640876673,0.0282135399964244,0.025851625511990942,6,9,0.0033162299218090167,0.05758671653957201
YDR465C,0.5756960193318645,0.030877411147869127,0.5178213229147074,0.1579643667173939,-0.2409862854243956,0.1531359893600307,0.03319702947708747,0.05017068483422816,0.035388705081859685,0.04676553490505492,0.056773303040821226,0.04689942405967766,9,8,0.0026428619593732296,0.05140877317514229
YEL061C,0.7864971393348638,0.8391433484921585,0.7277333720496959,0.786109753621197,0.7385452219512124,0.7303549539828195,0.028929076115370243,0.02511031882190474,0.03266855470924921,0.028955309093991598,0.03201334142334113,0.03251089592632362,6,9,0.003988582393166145,0.06315522459120974
YEL029C,0.7189279801333099,0.7415117689428155,0.6948463939719456,0.5620327628438473,0.650080262521497,0.47637497082161606,0.025114926845097314,0.024084825128730517,0.02616871295069295,0.03135046031943715,0.02802252918148685,0.03427940767037124,8,10,0.002283491283707891,0.047785890006443225
YLR097C,0.7388886649681127,0.7138790981857426,0.6999745767026871,0.6358922085248062,0.74275318272027,0.6564245282802992,0.026964210786866526,0.02822601990448498,0.028903729184348213,0.03184123009070724,0.026763928191547902,0.0309304277843352,7,11,0.002833367053381496,0.05322938148599415
YMR275C,0.7662755603741453,0.736539373366629,0.7141606325062078,0.6565428472098762,0.7467645481282861,0.5597593603519926,0.02736351160128852,0.02905210645876972,0.030260826657544714,0.03317080791261356,0.02848275663733421,0.03755474626931453,6,10,0.0032598128793337637,0.05709477103320201
YOL005C,0.7285876829873069,0.6880826910686565,0.763849493337982,0.6439050340319372,0.7706405043869055,0.6323905258649392,0.04280360511174934,0.04588653984140689,0.03992638712395364,0.049028486808503205,0.039348115266135,0.04981486071080184,8,8,0.00686885396050553,0.08287854945946828
YLR010C,0.7972206301006746,0.8136130553417725,0.7103656245873878,0.6305311429681475,0.7662712941395068,0.630252855892008,0.027672500401501987,0.026530428376439714,0.03307208460792831,0.03735299557074375,0.029709308604539863,0.037367060219344085,7,10,0.003842608804413233,0.061988779665462304
YNR030W,0.5814350286298384,0.36299966487920277,0.5714975798923602,0.3191881714886685,0.5564398223658487,0.47800430892992785,0.04480689536664737,0.0552755717157101,0.04533567145330951,0.05714483184494042,0.04612535133048333,0.050037646172332764,7,8,0.004880675833066423,0.06986183387992634
YBL061C,0.6825508231513815,0.6812742726590191,0.636611563402614,0.48069223130701233,0.6221042567363344,0.5330238974160495,0.027230963129363905,0.027285659794880898,0.029134760424710873,0.03482878378805266,0.02971063263643205,0.03302731188338019,8,9,0.0023768673056949203,0.04875312611202404
YDL181W,0.7235931563068172,0.7736241136247426,0.6883508742163783,0.8198429831883153,0.6173355076082356,0.5448427910573541,0.5998918284002615,0.5428922377049992,0.636988375243974,0.484310785887869,0.7058422215283677,0.7698024040771042,6,9,1.3247997526790982,1.1509994581576042
YGR169C-A,0.5251892283718111,0.3024374682775529,0.5758321825592849,-1.0615048629064536,0.32748091313147276,0.31456666194116856,0.058148419763748564,0.07048053760025468,0.05495997072425636,0.12116294400853031,0.0692038000663253,0.06986509394030259,7,9,0.0072461681667093355,0.08512442755583931
YLR390W,0.6517826465910868,0.6387215516000149,0.6254557953796951,0.5210252281009752,0.493435109007618,0.5280826351154597,0.03814636379402263,0.038855183880170306,0.039562113250212576,0.044738792744321146,0.04600928500184482,0.04440796991593688,7,8,0.00425215434297077,0.06520854501498075
YCR009C,0.8059703994822889,0.8222261922730673,0.6050396416494601,0.3739624929139782,0.733164646278007,0.845289527715263,0.0534367070998256,0.05114928657184512,0.07623992271296445,0.09598555269399335,0.06266533680345929,0.047716166924271705,7,7,0.014974920463130731,0.12237205752593494
YBL080C,0.8391075140597877,0.8350168089554131,0.783883114207361,0.710355788427981,0.7928798631715817,0.6718657676566504,0.023665661073132043,0.023964623435089136,0.027428061204133738,0.03175288469685206,0.026851090087021464,0.03379687376492136,7,10,0.0035420497506939903,0.05951512203376542
YOL096C,0.7801509739519399,0.7373193941899154,0.7722239078482483,0.6352683358766187,0.7794334263763263,0.6129972210125562,0.028064878525593088,0.030677142124957105,0.028566363792588825,0.03614827918889092,0.028110640567529804,0.03723556393029444,6,10,0.003645481725253906,0.060377824780741364
YOR228C,0.7484029976079948,0.6725119105404747,0.7283998489550041,0.6029199195492907,0.7225210116101614,-0.5225407057739064,0.03359658765316693,0.03833012121370186,0.034906591322701686,0.0422067088437706,0.035282348803524925,0.08264696200712192,6,10,0.004564970902013662,0.0675645683921215
YML006C,0.7833633835426002,0.7876064997620372,0.7841518939652359,0.6741929496649803,0.7170278440095373,0.6173473008293435,0.02513384309036912,0.024886486026432824,0.025088060516687008,0.030822879360342746,0.02872531628953064,0.033403760255500924,7,10,0.0029671470676714785,0.054471525292316525
YJR055W,0.7677616244603771,0.8865732502100676,0.7670482654740263,0.7192172159813313,0.765092378893279,0.6774070950561828,0.02889122778421142,0.020190949830706434,0.02893556587983159,0.03176758815473118,0.02905678495453707,0.03405072878482953,7,9,0.003657220534455763,0.06047495791198009
YMR242C,0.9259424827011341,0.8864609271602273,0.9204738214108478,0.8481374270640772,0.9244809239742162,0.9083939644336502,0.22370204151589107,0.2769861443197557,0.23181441066114675,0.32033968928026924,0.225898687194078,0.2487983050964658,6,9,0.6875810268258107,0.8292050571636733
YLR105C,0.6002811311936596,0.5533971825371216,0.536500058868845,0.4247072250098287,0.38929573701143516,0.3375592548353241,0.02614172390201382,0.027632337705441812,0.028150216565440228,0.031361827271727066,0.032312634966536316,0.03365351388391173,9,10,0.0017396702440626922,0.04170935439517965
YOL154W,0.2469625415914819,0.2685847964413257,0.29738190148744525,0.27069418798777123,0.2523910273457779,0.1562629672878484,0.10538054699279899,0.10385661184837153,0.10179157280313411,0.1037067431841812,0.10500002708421224,0.11154643996222303,6,8,0.01500574130386941,0.12249792367166641
YDR472W,0.7102567960695825,0.6331921193934908,0.6452015227720951,0.6276389046592736,0.6219790711541431,0.5571367730507469,0.02335549651454919,0.026278574572449302,0.025844810305830815,0.026476746960849815,0.0266772094002239,0.02887468701509118,7,10,0.0019156584891175431,0.04376823607500699
YDR428C,0.7932513419246444,0.740196988164527,0.7851025056656606,0.5629424700073742,0.7774797853251533,-0.4970172774087145,0.025192259114395616,0.028240205689048867,0.025683927820041724,0.03662815711359428,0.026135481162343974,0.06778899123004346,7,10,0.003123522708243019,0.05588848457636885
YOL119C,0.5013832113737617,0.452989664283019,0.5856972179279465,0.4113291473130075,0.2887035179599605,0.24539511416877813,0.10831652628354575,0.11345118625471225,0.09873478842876267,0.11769216215648651,0.12937090179292848,0.13325118548705656,8,7,0.023942841362591973,0.15473474516924754
YLL048C,0.9453026966889868,0.9088990367263349,0.9395590230811771,0.7969679900978234,0.9123752826498921,0.9141061728900937,0.031069448106295052,0.04009701710126189,0.032660010413796015,0.0598594659937371,0.03932456219438434,0.03893422712982306,6,8,0.01795784837558832,0.13400689674635527
YML092C,0.6234748931672909,0.6757417770638867,0.6343313199260326,0.40415551227413804,0.6489535855967083,0.23343455211101916,0.11959095210956316,0.11098054479699032,0.11785424644286924,0.15044155586921343,0.11547384420613045,0.17063808685281112,8,9,0.03865056478270832,0.19659746891226326
YNL261W,0.7777519819137992,0.8112355642195143,0.7015150629583402,0.6183939895737418,0.7620062358979602,0.650695932466707,0.026633180137329772,0.024545063797186,0.030864929395368956,0.03489889541266062,0.02756048570826111,0.03338919123529712,6,10,0.0032475907376750255,0.05698763670898299
YOR350C,0.6782840685977173,0.7526369205461522,0.5527270170498821,0.7925496283344714,0.6632590410789018,0.7386199056243007,0.057896702134345154,0.05076740701694574,0.06826590869818494,0.04649161698291504,0.05923324354573466,0.05218597451520464,8,8,0.010602010332558778,0.10296606398497894
YPR060C,0.5174481210129191,0.47830047331888026,0.5203206620906224,0.4365744943158032,0.24634898501130942,0.20853463413708828,0.03056064867558155,0.03177611394195839,0.03046955199013358,0.033022413733974375,0.03819229066795594,0.039138711167492804,7,8,0.001969401495564924,0.044377939289301435
YPR125W,0.3581755629838449,0.4166559122071123,0.36070165092017636,0.25344828714572676,0.4491155913057462,0.09854886653752448,0.06427309966727814,0.06127502836662519,0.06414649217088494,0.06931880524704695,0.05954583109122451,0.07617144865316793,8,10,0.006549307462383028,0.08092779165640829
YLR216C,0.714403193548274,0.44715283946332074,0.6259304300766977,0.4952184420942952,0.7143791102074337,0.6331117066156001,0.2332287895152405,0.324495012831278,0.26692034345264554,0.3100681975338162,0.23323862297607756,0.2643457984843552,7,9,0.19380461187878073,0.44023245209636774
YHR099W,0.8599403331627865,0.7865406207548609,0.857218744060795,0.7139267332451079,0.8504743032859317,0.6200752580904345,0.019198994053222364,0.02370170293968494,0.01938463056229224,0.027438512729897096,0.01983717602076314,0.03162064454275554,7,8,0.002677916290061873,0.05174858732431131
YLR166C,0.7946677157519169,0.7463830070784997,0.7657322950730681,0.5696864790163755,0.7807560672755534,0.6292364944139012,0.025028659377818237,0.027816221956068688,0.026734076106646354,0.036232763963162766,0.025862634394572176,0.033632368942171746,6,10,0.00310435282537616,0.05571671944197864
YNL006W,0.9160372547809966,0.7093837709981954,0.8567229895066087,0.4623634282213003,0.8932501603451464,0.15840854703211193,0.04500595298677041,0.08373105800808345,0.05879154901889379,0.11388618601589559,0.050746987119458145,0.14248767676848798,7,9,0.024547452739133335,0.15667626731299586
YKR034W,0.7579937471715583,0.608936957997237,0.7441828189112187,-0.03150630901655416,0.6105225103506283,0.4250020329172318,0.06431708499479134,0.08175916481944233,0.06612686196256101,0.13278499562833304,0.08159325154211755,0.09913938350573917,6,8,0.017393190616273074,0.1318832461545934
YDR160W,0.660071155303315,0.7450826746168873,0.5947256655950175,0.5638341246215537,0.6631333006284725,0.5290421914160734,0.03271375863267017,0.028329317548787092,0.03571996186328127,0.03705631915016785,0.032566079340561174,0.03850591403575069,7,9,0.0032035094523213525,0.0565995534639749
YGL049C,0.7823063264888469,0.7325266503502237,0.6960270981204477,0.5954708358601524,0.6025066748184544,0.6152239964115673,0.022600001300005477,0.025051043344198994,0.026705640282232004,0.030807785276277366,0.030538695400935234,0.03004619973438283,8,10,0.0023873948799843733,0.04886097502081158
YOR278W,0.7602465654271345,0.7748019213197849,0.7320203822120622,0.7262823011944461,0.6977463881394748,0.6534000494021674,0.028586647925459823,0.027705318980507494,0.030222591139410282,0.03054444612572237,0.032097156802324445,0.03437122909049077,6,9,0.003468284910028401,0.05889214642062557
YGL014W,0.3763856645435919,0.4775940994612844,0.3614872851452827,0.2853523461954143,0.4107992060595711,0.3077310630440695,0.04016427225963147,0.036760879571153704,0.040641210248941725,0.042995979133406866,0.03904033350507581,0.04231742952907538,9,9,0.0026321876827415467,0.051304850479672454
YLR091W,0.7558830589799431,0.7709927312936906,0.7592094188371841,0.6778207729335579,0.6768914970011803,0.6042751704000364,0.027794101741265825,0.02692020215416622,0.02760408974950374,0.031930259708397433,0.0319762754879504,0.035387536773774396,8,9,0.003220034349240842,0.056745346498553006
YGR253C,0.603349652944928,0.7044896039520859,0.5901012213801722,0.5902981340305902,0.7091114395008904,0.4519333648216074,0.1604854492415166,0.13852179957451766,0.16314360514042067,0.16310441388095165,0.13743427767330596,0.18864635796963722,8,8,0.0660718738388204,0.2570444977797043
YPL271W,0.6933059787409532,0.6954141077586344,0.6964661882836285,0.6260719022434917,0.5375084007341837,0.488362408410682,1.016471721064203,1.0129722257423255,1.0112212414333892,1.1223716697249146,1.248229867556273,1.312876482230711,6,8,3.427981185088711,1.851480808728168
YER014W,0.848827758112253,0.8471002643416371,0.8683693908438164,0.6971157675541135,0.8555962957026398,0.7569276737269297,0.028821861336889843,0.028986071881940394,0.026894559975193744,0.040796633808988854,0.02816924224656634,0.03654717024280705,6,10,0.005591458849559729,0.07477605799692659
YJR110W,0.8014270233725238,0.8541080460635259,0.7614020716687382,0.7160458374090367,0.7411359830873083,0.6940749245508733,0.02598438923171867,0.02227245604586,0.028483002918683917,0.031072525985936943,0.029668000873959738,0.03225224706609783,6,9,0.003459855955273663,0.05882054024976023
YBR131W,0.8283657835737022,0.8292433034418416,0.7489388781617333,0.7062703443661413,0.8008464305202316,0.6690347349360705,0.02559532780326572,0.025529812921418725,0.03095626050602141,0.0334836395589865,0.027571018367169582,0.035542663391355464,7,10,0.003883923419811093,0.06232113140669939
YLR320W,0.8173244661457875,0.8086905121574435,0.7208165248948399,0.6210867535417557,0.7333939792465936,0.6091580543720021,0.024289929111121454,0.024857320345339627,0.030028311274440726,0.03498291128926174,0.029344116024284245,0.03552929893088279,7,10,0.003286436515401668,0.057327449929345964
YMR006C,0.6171959088595846,0.6431708456772887,0.6543856894642996,0.5575486924587909,0.6390801580669777,0.22883733502086556,0.04168723693349229,0.040248063612698524,0.039610532760135035,0.04481749377357648,0.040478107982921105,0.05916812720009995,8,9,0.0046193704159814145,0.06796595041622985
YKL105C,0.7698452735437055,0.7378007112392027,0.7130920424758965,0.530670811830636,0.7068289505427685,0.5369709436045689,0.02749161646510615,0.029343105973633404,0.030694574990214094,0.03925808487678018,0.03102779177578711,0.038993700350229164,6,10,0.0033414409663555444,0.05780519843712626
YLR260W,0.5820980052296296,0.5658988687308704,0.5529012100371524,0.5266307146773396,0.4706683120924334,0.5122966825393751,0.03885216145513845,0.03959801552311411,0.040186456191857255,0.04135023674187262,0.043726217374058754,0.04197162825458966,6,9,0.003675437680482951,0.060625388085215184
YMR146C,0.8638870175376578,0.6202075156538879,0.8104680200531376,0.7582617468454826,0.8688146123752563,0.7108384944160144,0.05743822183296407,0.0959454523272453,0.06777857927549634,0.07654624678584147,0.0563889415762401,0.0837185022663663,6,9,0.02466354846806615,0.1570463258661792
YPL131W,0.9160108932317309,0.7901802180955575,0.8360266189617148,0.6699605179737826,0.943473111479613,0.8427492389545432,0.5996358305204863,0.9477620396270189,0.8378432405642203,1.1886638167375654,0.4919303695858239,0.8204884510319183,6,9,4.356175085037034,2.0871451997973294
YPL069C,0.8774714235733703,0.8156393698527091,0.8045762219810627,0.7400496191949594,0.8662860612681171,0.7813395605004585,0.023142162375737588,0.028386989329466622,0.029226307213029854,0.03370780489938284,0.024175395263323952,0.030915078308859225,6,9,0.004447578509172398,0.06669016800977785
YML099C,0.8036616528641639,0.8053209617269319,0.7911406483096636,0.5457105638313283,0.7677765431270414,0.6258370915521858,0.021870904739632838,0.021778290159411434,0.022557509372779005,0.033268291849375395,0.02378577062621529,0.030192185427543258,5,10,0.002479028418022421,0.04978984251855413
YDR517W,0.7768035142263877,0.42034272854888166,0.7314386192700754,0.24800507147596873,0.7612821263439971,0.4116584568910727,0.03327940685710029,0.05363120379095673,0.03650511169117913,0.06108567213939667,0.034417107610621465,0.054031454494287104,7,8,0.005049134502986954,0.07105726214108558
YDR020C,0.7998266213690458,0.7347288348809783,0.7009326152862356,0.5169644341629666,0.7131926510103139,0.6796029339553927,0.023352487210586387,0.026882831232998623,0.028543978765635487,0.036276012063043754,0.02795278735927796,0.029544336994278303,7,9,0.0027721268812522086,0.052650991265618244
YDR479C,0.5768624542429441,0.6407334502407842,0.5539710843381319,0.5676777633147999,0.580140432236055,0.508229265011126,0.04107202719860088,0.03784545658622198,0.04216837494607829,0.0415153921574666,0.04091262872057295,0.0442778676513793,7,9,0.004056615567623468,0.06369156590651126
YGR085C,0.8521083582191455,0.8571902289773299,0.8245291100681678,0.6268352060451903,0.8731212932043921,0.775441909495616,0.2425991864689917,0.23839463993056637,0.2642530839570526,0.3853610857609635,0.2247045657108558,0.2989385188732457,6,10,0.404937677872878,0.6363471362965956
YNL029C,0.7978380305789072,0.8020345753597047,0.6914480093632711,0.6885250129177347,0.7192908633581286,0.5819546663438475,0.023793903354014892,0.02354564740968048,0.0293954518080137,0.029534359138818186,0.028037819632727293,0.03421587521661521,7,10,0.0028496076277224978,0.05338171623058309
YER038C,0.7208356600897641,0.7637481027676005,0.719782538363527,0.6889720964428667,0.7041720918689298,0.607591964523631,0.027329037645596833,0.025140969469384006,0.02738053725897281,0.028846560965103744,0.028132863531170775,0.0324013655783385,8,9,0.0027223369282671143,0.05217601870847482
YML127W,0.8161344116445757,0.6994881746428048,0.7287244972061111,0.5162212499054915,0.7503875577087709,0.656980052925052,0.024393019653305856,0.03118502675820808,0.02962924781288389,0.03956751100820147,0.0284215953931963,0.03331770093591685,7,10,0.0032929399688169884,0.05738414387979478
YML071C,0.7036687627134082,0.6649554849113001,0.668878581281428,0.5444788334979698,0.562883302953198,0.4874884168116572,0.02816952632026019,0.029953121171229863,0.029777241567456335,0.03492569909926611,0.03421287141072638,0.037046114927268274,8,9,0.002724801012665942,0.05219962655676707
YPL097W,0.7681931539539335,0.7061839921074221,0.7027669249629748,0.614652661621967,0.6790496212985592,0.5914959464507047,0.024209437569889514,0.027255822852935332,0.027413856705136724,0.031213879747012473,0.028486593435853226,0.03213806732924454,7,10,0.0025727422585060345,0.050722206759032426
YBR171W,0.7456579291993046,0.8128572097333553,0.6758760623925267,0.5996119278096421,0.6879024496831261,0.4773752111608509,0.034236220752426674,0.029367249083034362,0.03864846677647557,0.04295535198726606,0.03792467751078998,0.04907628943346892,7,9,0.004689284378214177,0.06847834970422532
YIL124W,0.6208698567251685,0.05418331930711251,0.5761942704123026,0.4227152468079869,0.6489758959067462,0.5720917948761578,0.08419971240765665,0.13299029065162357,0.08902251562268251,0.10389903031551866,0.08101863471973357,0.08945235068225937,7,9,0.01902768876851914,0.13794088867525517
YIR021W,0.7792850954925059,0.7541331645692064,0.7986020594170997,0.6977278772594017,0.7519105411555105,0.6047035284661207,0.025450805766990933,0.026861835278699703,0.024311581912458746,0.029784118687809863,0.026982976913539763,0.03406019850979631,7,10,0.0029862389083392545,0.05464649035701428
YDR064W,0.9180405532233055,0.894728360680537,0.9155655516592811,0.8485583610241725,0.9152966748543033,0.8693514372456443,0.3184304199759229,0.360886580724606,0.3232026221912486,0.4328502683155108,0.32371682354306514,0.4020382359519082,6,9,1.2588767679374144,1.121996777151082
YIL120W,0.7882467442186943,0.7770307864981626,0.7640269329430232,0.7295835457171393,0.7476909452485299,0.6458664664663099,0.028777949820002015,0.02953025884134529,0.03037917819910376,0.03252081042288506,0.03141313068107881,0.037215883123242595,7,10,0.003979630433182556,0.06308431210041492
YHR174W,0.945839540832017,0.9495883192627855,0.9320511928065103,0.8885634411946002,0.949113038672587,0.7697919611883653,1.2568882800872234,1.2126098632715487,1.407817717424163,1.8028905157318027,1.2183126873153045,2.591288396732851,5,9,29.68001756248843,5.44793700059834
YJL002C,0.8541022075740679,0.7914942003113039,0.8147124839935109,0.7099728096119018,0.8801092639419499,0.7136169776313823,0.043816976537226535,0.05238140179108559,0.049378867621860355,0.06177850641881742,0.0397201481764397,0.06138915857156281,7,9,0.013390266828569823,0.1157163204935666
YLR383W,0.8000501229157713,0.7952620949767549,0.8027191145127955,0.6677282633708885,0.8172904002907955,0.6744891761911784,0.023148276922627737,0.023423793243040312,0.02299326278060867,0.02984041090382018,0.022127827719932085,0.029535261170806945,7,10,0.002726900771283665,0.05221973545781006
YMR180C,0.7324892924639521,0.7039078981696528,0.6678568518922626,0.4819466353425077,0.7449345182594554,0.6423883713833486,0.03445752793750273,0.03625158030216313,0.038395133393141934,0.04795134367125077,0.03364645987274745,0.03984000169058856,9,10,0.004516273160564825,0.06720322284358708
YOL040C,0.932254968212458,0.7126670409098198,0.833067077194717,0.6717961515261675,0.9408547062483563,0.7527665366215772,0.573728066349989,1.1815717339188914,0.9006133266121886,1.2628134677201794,0.5360773608549965,1.0960263534495855,5,9,4.9441071978248115,2.2235348429527275
YOR378W,0.818844176544381,0.8277660513097082,0.8203857375114205,0.6037715669323992,0.7473060115419912,0.656770132475888,0.027105492972115675,0.026429596923288227,0.026989918318838204,0.040087039040487174,0.03201316519357992,0.03730986665549155,6,10,0.004126819357152655,0.06424032500814932
YER120W,0.7196717879331086,0.6425308615756219,0.5495467227847239,0.4851839130881981,0.29693544161971797,0.3660680900237019,0.10028002536804112,0.11324011673408726,0.12711766507586075,0.13589612905591036,0.15881028839235287,0.1508003460776271,7,10,0.036501877316234575,0.1910546448433918
YFR001W,0.2974617111708501,-0.4396414088995022,0.28208638652064566,-0.4083650547985387,0.29097438534400555,-0.00835036369406228,0.048835033766899856,0.069907481754871,0.04936652840099588,0.06914393844071014,0.049059990025743086,0.05850624462603169,9,8,0.003454189216301766,0.05877235078080309
YKL015W,0.6625457993509123,0.49265386863943184,0.6082751128068673,0.35714826721558657,0.6336221689099425,0.46744067706708714,0.022461174884122803,0.027540842814043624,0.02420001482718324,0.031001339519175112,0.023403975977524236,0.028216883552390153,6,9,0.0015212592706602768,0.03900332384118406
YML019W,0.6772780150263721,0.6054524013474856,0.6110050954532611,0.3646254874240029,0.592955151850288,0.35132915083999894,0.02196628900000528,0.024288020416897545,0.024116505216582342,0.03082175130139219,0.024669681824531168,0.03114258136513968,7,9,0.001521380943269588,0.039004883582310405
YIL125W,0.7225123477147659,0.6641525547916705,0.5728607261395149,0.6150070495209705,0.5168203797850197,0.5772380696004262,0.12388853171045909,0.13629511771293612,0.15370713479057674,0.14592700302172434,0.16347960459982255,0.1529175075564999,7,7,0.05628228059831512,0.23723886822844842
YOR357C,0.7338874497820671,0.8091492472607367,0.6477646606026728,0.7482293141347921,0.5456574807634988,-0.14279647380501626,0.02196902204785879,0.01860479910418273,0.025275194674874255,0.021368824277432606,0.02870580544874139,0.045526314275883405,8,9,0.001845479521494963,0.04295904469951541
YPL129W,0.7332569208996007,0.4817889523387675,0.656915431992903,0.19140793207049667,0.39743055527380955,0.1172809757851827,0.025447073006580053,0.03546864433919555,0.028859702355332067,0.04430533188072463,0.03824677390518824,0.04629163274798878,7,8,0.002470220089590864,0.049701308731167876
YOL087C,0.7810843906544849,0.64215803786936,0.7341439945370836,0.4820731637861534,0.7670202233298502,0.6689486834810723,0.03255226105522934,0.041618692131866364,0.035872862482545245,0.05006993208712283,0.03358164045000134,0.04003044839181229,7,9,0.004925368495385245,0.07018096960989671
YDR016C,0.7394845219122752,0.6783469602684564,0.6780255974850437,0.6866409841151344,0.7477743942214274,-0.8642281527391629,0.02736387619868998,0.0304056772504167,0.030420862578201015,0.030011102391789245,0.02692498302339211,0.07319988223533937,7,9,0.0029246563299206523,0.05408009180762041
YDL237W,0.697405405805215,0.5284532277351306,0.6093280035649535,0.36863305868239815,0.7185897694784633,0.4938387047345911,0.033709878067743435,0.04208128444384794,0.03830299554815793,0.0486931105196634,0.032508470746155135,0.04359845158982869,8,9,0.0038212577804890993,0.061816322929215864
YLR051C,0.41934304204138007,0.34266252688624665,0.4724366660183982,0.2839484376822474,-0.1690939553094597,0.2998400582624743,0.03544181038877202,0.03770945676076213,0.03378262424053247,0.039357565679206334,0.05028990185551015,0.03891837607950871,9,9,0.002201229371051764,0.046917260907386356
YMR212C,0.7606785067022532,0.7161089635697964,0.6797927366511698,0.26731079476699326,0.7300899322559482,0.5160012043667092,0.02504942035522256,0.02728240608334869,0.028974931516045587,0.04382952108495785,0.026602127509929765,0.035622875182126514,7,8,0.002667883095883917,0.0516515546318203
YGR214W,0.88896989046695,0.8852522347902702,0.8634076909899681,0.8651199326247314,0.9059413567754012,0.8793934532244878,0.2791079691577144,0.2837422254501147,0.30957435440437975,0.30762791339904805,0.2568923712627594,0.29089569495203166,6,8,0.7139319912896096,0.8449449634678046
YER023W,0.5466523769212823,0.5076333545597411,0.508396388920544,0.6387849782827619,0.45298930911879554,0.34750990385280833,0.13159895195678312,0.13714534503302375,0.1370390348406653,0.11746802325021431,0.14455551532569094,0.1578787652349842,7,9,0.03887108436358236,0.19715751155759284
YDR528W,0.8069168496188919,0.8182442194513332,0.7979495515685292,0.7841695689232696,0.7457716829124462,0.001322241008120506,0.026657095640401415,0.02586334887015043,0.02726908410189047,0.028183633399940424,0.030588107182798425,0.060625220481540884,7,9,0.0037448499589087126,0.06119517921297978
YKR101W,0.828829581984484,0.8936753566738521,0.7821026911321893,0.8214342467343,0.8306505778688977,0.7408765397315649,0.02446698511678322,0.019283375996757786,0.027605272302059367,0.02498993849466554,0.02433649115674123,0.030103671723424687,6,10,0.003558650539202194,0.059654425981667064
YML025C,0.23703637468586802,0.21723276741583875,0.24388612464963466,0.09820109403178756,0.3789598816014996,0.24316874141096012,0.05873698299667584,0.059494392934162595,0.058472723515629564,0.06385789093913397,0.05299312697260282,0.058500455718533455,8,9,0.004601215513849589,0.06783226012635572
YML029W,0.724062346254452,0.5010799157574226,0.6809741552764119,0.44487610931116406,0.7272497218721994,0.6438540278082991,0.03299271622553436,0.04436373286254717,0.03547525465308118,0.046795872300651443,0.03280161214334256,0.03748233229695443,7,9,0.004014008741280913,0.06335620523106567
YNL097C,0.7894948428899904,0.7948538117439956,0.7658008673514616,0.7852664295867632,0.7850224229656237,0.7297628856715477,0.03358418363408958,0.033153940359486614,0.03542387503173333,0.03391980903475433,0.0339390754868344,0.038051862897194526,6,10,0.005452052004995323,0.07383801192472156
YDR113C,0.16270303803177633,0.17782185887935076,0.19453419120852067,0.16663183707324636,0.13728689074225098,0.009222449993889992,0.34411041803171344,0.340989516099831,0.33750609363567524,0.3433021442760947,0.34929410983174936,0.3743226805139699,7,8,0.1439028067999648,0.3793452343182458
YDR389W,0.7066467301475308,0.7791994699876119,0.6531792116744338,0.6794349329829681,0.6166061829622427,0.2885273525420263,0.02413953294251144,0.020942737636505525,0.02624737987722618,0.025234313449732346,0.02759662350807502,0.037593477451638733,7,9,0.0020212495232560983,0.04495830872326158
YGR276C,0.2812711468927317,0.27097218395635947,0.2995109364564449,0.23042203277458873,0.3335895744654105,0.015433859649591986,0.0771393495694475,0.0776900645499193,0.07615424420718311,0.07982147439959293,0.07427870509756185,0.09028505787669296,7,8,0.008424419861067978,0.09178463848089166
YBR089C-A,0.841402234014255,0.7025751512927032,0.6879179413007398,0.6023223899119232,0.8364585239525588,0.711046253302362,0.3283772596280079,0.44968993387535117,0.46063713099105785,0.5199841569254086,0.3334559706973136,0.4432397554038885,7,9,0.6918345088107817,0.8317658978407215
YLL036C,0.7223628723534916,0.7251215454194184,0.6775673800241658,0.5301397602608495,0.6616097809322343,0.49426258565348846,0.023876145085051512,0.023757229230042157,0.025730304393960828,0.031060596074445154,0.026359328270830384,0.03222463299050587,7,10,0.0020893154400683815,0.04570903018079012
YFL014W,0.5967778376649304,0.5105790536926484,0.540311057248843,0.4186222816690701,0.5377836026432413,0.40092824251822834,3.929761343971651,4.3294751910076705,4.195908489468783,4.718708731090819,4.2074276170461005,4.789976713056043,7,8,38.97095928224215,6.242672447136895
YGR143W,0.7170400116232291,0.38067673898968335,0.6980882383262375,0.3343859936293906,0.7333626763661791,0.44914949721828834,0.038099429723476054,0.0563656677842539,0.03935464297405863,0.05843421131356844,0.036984217238110594,0.053158514445402066,7,9,0.005219934569083564,0.07224911465951374
YCL040W,0.7538976068084791,0.323482791531714,0.7667173084035056,0.6179945507433141,0.8376760913436934,0.39154073011757684,0.49370467421323655,0.8185566565771252,0.4806739422156742,0.6150976949810439,0.4009595540960308,0.776291938999523,7,8,1.007794024295173,1.0038894482437661
YOR243C,0.5629702592213441,-0.35600660555996533,0.6412423096659255,-0.15377905749587595,-0.04851407354919446,0.29496028663480167,0.03807829288627566,0.06707379454707331,0.0345002771096233,0.06187045353031557,0.05898058906727342,0.048364729591845596,7,6,0.0033759583910526994,0.05810299812447461
YDL122W,0.06964436417509756,-0.03368820610148493,0.09506433472371112,0.04603151978634468,-0.002688036373752478,0.028239150573345473,0.07036851714954498,0.07417348483206362,0.0694005249440358,0.07125591410069268,0.07305279211975475,0.07191733771955006,8,7,0.005415779124100137,0.07359197730799287
YDR175C,0.7723135911172986,0.6599030989482981,0.7640293344017727,0.4977416248294916,0.7687437314576965,0.5314169156497781,0.022446307310985732,0.027433276967920892,0.022851007855410402,0.0333380308789972,0.02262158900361771,0.03220102189470539,6,10,0.0022516756927857093,0.047451824967915716
YCR063W,0.8615853271636295,0.8436958199329072,0.8437630403164976,0.7790597326089057,0.7990942502117842,0.701586014766993,0.022887501105516725,0.0243216261890712,0.02431639573120095,0.028916435085670406,0.027574236496326964,0.033606005900549296,7,10,0.0038509489719571917,0.06205601479274343
YBL057C,0.45106157873122577,-0.12022315689236152,0.20235795491409658,0.068612786585595,0.47989788447630677,0.16861197885956203,0.029245409227612755,0.04177804961331826,0.035253310607099415,0.03809439002878796,0.028466901487057397,0.03599131956651449,8,9,0.001585422124557433,0.03981735958796657
YDR033W,0.5527344382087613,0.4420505305182014,0.5277033008241773,0.19462855471036755,0.5215778131304996,0.34270691932997144,0.5171208228657421,0.5775727970501866,0.5313941279295095,0.6939168120155793,0.5348290047136282,0.6268863681636334,8,8,0.6083755187379901,0.7799843067254559
YDR050C,0.93366986693057,0.9306927093302265,0.8942378680309854,0.8328008114396755,0.9449270984815484,0.7456334388878392,0.6139968895496268,0.6276249470356469,0.7753108026433766,0.9748276061561427,0.5594737513953223,1.2023772379299604,6,9,5.7832852208577235,2.4048461948444277
YER074W-A,0.7334094230704362,0.6083719527971152,0.32151206485648676,0.08570868037345092,0.7139399070468981,0.7000257431884634,0.07181542198575523,0.08704267173090241,0.11456880524917572,0.13299570554308818,0.07439160987464012,0.07617935872827335,6,9,0.019685378827738728,0.1403045930386412
YHR028C,0.7490460832673671,0.5547489177552046,0.6849598232564169,0.5682947054514101,0.6844128539801719,0.4714308140086334,0.06877999206159162,0.09161521900227797,0.0770633889069523,0.09021085930568673,0.0771302581975584,0.09981965234445309,7,8,0.019181536932521462,0.13849742572525117
YLR007W,0.6452650412850229,0.6820602242121928,0.616683279733855,0.5711731153613898,0.6478539059059286,0.543583150960796,0.03278247012700113,0.031035740436934158,0.03407756548461678,0.03604380917121376,0.0326626274284737,0.03718523354379907,6,9,0.0030827087587141713,0.05552214656075692
YBR293W,0.6554467931213996,0.7419709515291522,0.6590051040162608,0.4628560591747257,0.5547535435444719,0.4642640604929198,0.040495283943820806,0.03504375220034659,0.040285637408903015,0.05056169689650055,0.04603376922260066,0.05049538538812797,7,9,0.004842902642593088,0.06959096667379386
YGR254W,0.6952844277095009,0.5697934253537197,0.6612022922633429,0.5472996256589728,0.7621999289487932,0.5214011822253272,1.0530265833186823,1.2512109371128926,1.1103559957415374,1.2835046227556504,0.9302464051526124,1.3197079141794505,7,8,3.702858860688261,1.9242813881260352
YOR360C,0.6555346782970161,0.2590247854050023,0.6546716455867623,0.3039502122882147,0.4546010513140838,0.05827508083676214,0.02252388393004152,0.03303485218372368,0.02255208225211409,0.03201774046728735,0.02834181608550916,0.03724196250597004,7,8,0.0014986292072340093,0.038712132558592134
YDR044W,0.6366787830584146,0.40550654180918977,0.5622935376910845,0.09647523175497164,0.5281219769593968,0.2726600850091594,0.08245507303285475,0.10547403013302803,0.09050310511763886,0.1300295416764074,0.09396949138522916,0.11666503383282326,8,9,0.019041323833192597,0.1379903034027848
YMR059W,0.7793743572438943,0.8026263165981717,0.7040120270131496,0.6669883184200942,0.7167911805160029,-0.32672026448195557,0.02901235004554169,0.02744097497718154,0.03360407513207628,0.03564385340725172,0.032870650719796016,0.07114503479276481,8,10,0.0038820664716006266,0.062306231402650465
YJL123C,0.5406438351126017,0.13104230202715927,0.534472765514138,0.5169700613481041,0.5553683210132441,0.5225470529646681,0.03943446147588505,0.05423759916967205,0.0396984624388837,0.04043786001668312,0.03879728550184751,0.04020373751909732,7,9,0.003444731824944095,0.05869183780513348
YMR093W,0.7442659813762594,0.67175070674381,0.7160840804327424,0.6106095439246281,0.7127314457206884,0.25055955575217304,0.027116125721087073,0.030720995665184013,0.028571185412833024,0.03346000785570324,0.028739382434015418,0.04641965949651265,7,8,0.0029256334462486873,0.05408912502757544
YDL132W,0.7061694695182779,0.5170380465358426,0.588280380425555,0.3866288582038657,0.6551276558514654,0.42732785954882146,0.04195538014594646,0.05378927127528066,0.04966380411324078,0.06061789770352971,0.04545361042570336,0.05857229335319039,7,8,0.006095811650442415,0.07807567899443728
YER130C,0.7868528723044086,0.828280984964884,0.8109051148866133,0.6973120943006663,0.814061585822484,0.5633950900107025,0.03219535236013584,0.028897657180562128,0.030324477814467638,0.03836639330008209,0.030070316664042987,0.0460784379286178,7,9,0.0049483455385779624,0.07034447766938043
YFR015C,0.7849957817769869,0.5483472077790998,0.7930305106726525,0.6675368824921897,0.7299228228264483,0.8031523367802483,0.043688692137050206,0.06332102019293899,0.042864594304234546,0.05432719597483065,0.04896542140725579,0.04180331141671804,6,9,0.009033254480081208,0.0950434347026727
YNL329C,0.7564250550473706,0.75116709558478,0.7385333421608243,0.5667528130151169,0.7696071466648491,0.5641412342660526,0.02535390751848736,0.025626099005008837,0.026268589456862806,0.03381399398801405,0.024658298011270324,0.03391575486741209,6,10,0.0026854083100925036,0.05182092540752725
YNL039W,0.6525870405529962,0.7591523543960519,0.6560657689866916,0.6228052188683297,0.7057922680020876,0.6112429130305306,0.02544129830301453,0.021182999960059144,0.02531360295817247,0.0265093512978615,0.02341225813471077,0.026912585488506023,8,9,0.0018957700743558207,0.04354044182545488
YGR154C,0.7799299166759716,0.8990680189460787,0.7691629453941522,0.6854769123715989,0.8414435226624618,0.5350034664133869,0.04958187525510007,0.03357815605500577,0.05078029348311893,0.05927461060455835,0.04208568871913685,0.07207212084441994,7,7,0.011366794977903064,0.10661517236258197
YPR121W,0.7925548268306957,0.8107355996333274,0.7360096291816294,0.6832701241006445,0.7601566908486165,0.6216092666687225,0.027275952849742546,0.02605329941233122,0.03076963234095342,0.03370332740519586,0.029328649657143796,0.03683820921424312,7,10,0.0036493008295149427,0.06040944321474038
YNR044W,0.669376611589156,0.014018739708733019,0.6400202369746665,-0.5420139617206132,0.5249487802619133,0.33809029366819066,0.03234013086853568,0.05584821760212794,0.03374535724342953,0.06984239760148996,0.038765483543124764,0.04575877205984699,8,8,0.0032188675851027625,0.05673506486382793
YDL226C,0.3844528194791743,0.38151500790123727,0.4191219542315062,0.23101500893005433,0.3230816703128826,0.09697164732928498,0.04864087797725418,0.04875681355722787,0.0472512403829885,0.05436628581050232,0.05100806740840223,0.058914395425262354,8,8,0.003911061114962009,0.06253847707581317
YGL027C,0.6872647424943525,0.6448499981186233,0.5749781978697516,-0.5804781393656735,0.6909964910884036,0.6280537314332371,0.028598085039168337,0.030475752709267164,0.03333912016820998,0.06428990393936951,0.028426948047913524,0.03118807955239494,7,10,0.0026610326202680065,0.05158519768565403
YGL237C,0.8614673220443944,0.843037121792192,0.836912353093483,0.7770425934975252,0.8823802989970518,0.7594803214649088,0.02544381144748748,0.02708348398010539,0.02760683293327092,0.03227877210934215,0.023444776086882634,0.03352597069985825,7,10,0.00475516121433716,0.06895767697897863
YMR044W,0.746091299130754,0.7856544568573386,0.7460018779191075,0.6501513379219603,0.6979400547773451,0.5375361033741708,0.019466302864856965,0.017885534081391263,0.019469730370787478,0.022849925741159644,0.021232017035409726,0.026271423258358306,8,9,0.001518596891419279,0.03896917873678221
YGL146C,0.8392678597824321,0.8702109837965648,0.8144783747911245,0.7899968153155912,0.7011852600514561,0.6825106010829136,0.0288068852754675,0.02588593816990674,0.030948685613976464,0.03292743337376716,0.03927769085010868,0.04048643654318341,6,9,0.005253430805202308,0.07248055466952712
YDL079C,0.22430475847089348,0.07724216164391884,0.2372841004329822,0.1392475391541821,0.3670151482945829,-0.06452943092729724,0.10207889676809814,0.11133565681702623,0.10122127511579795,0.10752997394224476,0.09221191949908555,0.11958294383719498,7,7,0.013668911951639814,0.1169141221223502
YML015C,0.7984343821047232,0.7985326878087359,0.7910697738254721,0.6432230255486744,0.7145101417802968,0.6227405950615152,0.02489550226893389,0.024889430627406554,0.025346225987503548,0.03312158220292558,0.029628386952528774,0.03405906357395102,8,10,0.0031288047980955395,0.05593572023399305
YGR046W,0.7287148703949161,0.7103881465895265,0.75945434018609,0.6770890829677105,0.7105510566934471,0.67542501954866,0.047080813042920694,0.04864510288033755,0.04433326556652682,0.051365595064889705,0.04863141923197992,0.05149777667485912,6,10,0.008314096431446294,0.0911816671894427
YPL053C,0.7547971324118554,0.780392309548949,0.6046676249822343,0.6061318851233845,0.7060650500411356,0.6714212610935343,0.024258186689487,0.022957221998976225,0.030801846510375465,0.030744750558445017,0.02655957833435482,0.028081175958360807,8,8,0.002441992136388296,0.04941651683787816
YJR101W,0.6893049858809669,0.5802559923046298,0.6789727150643176,0.5484036615872714,0.5916434923397936,0.351841386941667,0.022625167905235093,0.02629764880815509,0.022998295073294126,0.027277205454589976,0.02593847322855508,0.03267874106326966,7,9,0.0016764958227328008,0.0409450341645089
YLR172C,0.6188820501506398,0.6230260016664553,0.6011302799271718,0.5126212168466602,0.4884610158175515,0.32455900628496026,0.03711926744659793,0.03691691426237833,0.037973902340903976,0.04197618880656716,0.04300402080861817,0.049415523728043385,8,9,0.0036786843762721525,0.060652158875609305
YKL068W,0.7407205853844055,0.7187207674578013,0.6681425259296144,0.6026348607347378,0.7415541617049812,0.4760269048623176,0.024873801323830297,0.025907587678724885,0.028140638294132,0.030793072488188574,0.024833784834973036,0.03536003092234208,7,9,0.0024281159548423838,0.049275916580439005
YPL235W,0.5462421990289326,0.4852773643970747,0.46235459316222094,0.3411517472501884,0.4627819102236047,0.34622867271417146,0.028014434179423894,0.029837088103078706,0.03049423711804939,0.03375689573212908,0.030482116398855574,0.03362658296539207,8,8,0.001759919259244858,0.04195139162465124
YKL089W,0.8082480454546667,0.8203647774877725,0.7778542530006524,0.7341550351735291,0.801719249553202,0.6948909822048162,0.024387454862262434,0.023604365292198566,0.026249170292496276,0.02871513076879496,0.02479915344635052,0.030762675246693974,7,10,0.0031560675912638532,0.05617888919570992
YPL086C,0.7543500190153362,0.617459576384664,0.7529412619797633,0.4512104471038296,0.6314711699675654,0.2431300131845373,0.026188442533136815,0.03268059619736517,0.02626342810773977,0.03914301022299618,0.03207650467428883,0.0459686707373533,9,9,0.00284089868078163,0.05330008143316134
YBL042C,0.77848704070231,0.5927322528912129,0.7756271899057203,0.5404040691195902,0.6802908821165377,0.3903120724250163,0.029699765623907685,0.0402710971433136,0.02989087071540441,0.04278007484170972,0.03568050263217957,0.04927280090418835,8,9,0.004051912357069521,0.06365463342970032
YDL230W,0.8295879245666365,0.911545136997339,0.8018387805550435,0.7451939636087819,0.8817979512458939,0.7220572432892224,0.03468704104597296,0.024990671654835244,0.037404719685622936,0.04241523988129322,0.028888804734647312,0.04429908456754456,6,9,0.007184346673953758,0.08476052544642322
YCL027W,0.8558234374887286,0.7781062790783773,0.8528592056122325,0.8070953915294967,0.8086864342365911,-0.3467045435243923,0.02444627369864667,0.030327585993290752,0.024696299571547477,0.028277215259510158,0.028160361105735672,0.07471391587547208,7,9,0.00421777890791911,0.06494442938327435
YGL213C,0.6935927342098085,0.6999421577519318,0.7007474494039525,0.5180610045369438,0.6310238255786229,0.5541705069444645,0.023949670969596215,0.023700227371366824,0.02366840281089943,0.030036273872775986,0.026281441587439173,0.028889127065493674,8,10,0.0019048166606038094,0.04364420534966595
YML057W,0.6556405648702025,0.18231680261517313,0.6104028959997461,0.2294549924938859,0.6222020618746964,0.49899306659705855,0.03536568952277252,0.054496507827806934,0.037616986091523495,0.05290237162627739,0.03704298094565375,0.042657755883408414,8,9,0.0036957740435593863,0.060792878230590354
YER030W,0.5593706231271616,0.36799733931031164,0.5665781510712347,0.2773344261852937,0.25207442510690725,0.1558359611952378,0.08643982454166886,0.10352294204689852,0.08572994650753653,0.1106995449676847,0.1126176198767278,0.11964390414016612,5,9,0.017254701196605684,0.13135715129602074
YML004C,0.7963104267006771,0.49153246625851144,0.7849532725862046,0.6138347888079101,0.7541655917120355,0.725592826929178,0.132031872105831,0.2086056159428661,0.13566280768173625,0.181794590156417,0.1450493264839087,0.15324704605896858,7,8,0.08708470841669622,0.29510118335360197
YBR168W,0.05114077513305504,-0.07470923053976963,0.15720846400965438,0.03071442907366928,0.16003690636197476,-0.06163886473216018,0.14036172416267992,0.14938028776519457,0.13228417249571503,0.14186448182938977,0.13206201043643068,0.14846914470825393,6,7,0.021127530744081795,0.14535312430106825
YOR059C,0.6384706183544713,0.6745987137685223,0.6152628024038085,0.5847451448789556,0.6348366249800856,0.4088601601224845,0.03982866811820143,0.03778623464928679,0.04108715526095304,0.04268559544211001,0.04002834098794496,0.050929463275605484,6,9,0.0044647907214503514,0.06681908949881277
YBR297W,0.8991229325789288,0.90397765181686,0.8781554565117025,0.6719643292484112,0.7839751356629209,0.7615783689480615,0.02222435096326986,0.02168298271721798,0.024425074952239972,0.04007683332195598,0.03252256071021813,0.03416690891285114,7,10,0.004982173678304381,0.07058451443698101
YPL258C,0.7710336042252536,0.792480569752914,0.7370799231518929,0.7471611497715087,0.7769446065274653,0.6312398220429896,0.028333167945577116,0.02697358337061328,0.03036135412207293,0.029773587379769886,0.02796505169369279,0.035956819497384426,7,10,0.003567563088509095,0.05972908076062359
YBR246W,0.8004260179580049,0.7536326643259618,0.6685798066174565,0.5330416678824679,0.6898768697897981,0.5162421561825539,0.02174308786869363,0.024157991437539016,0.028019394294862762,0.03325893390855481,0.027104184128752925,0.03385191716573288,7,10,0.0024104140882472177,0.049095968146551684
YDR386W,0.8208296253929379,0.8282264969804966,0.8142636165054133,0.7407966070438458,0.8014886555848417,0.6469116086060474,0.025954021309336446,0.025412631691837814,0.026425307429769156,0.03121705266579939,0.02731896371616626,0.03643453873594337,7,10,0.003825570853260456,0.06185119928716384
YOR370C,0.7414224605402617,0.7626723192076845,0.7446563063501217,0.5886504902584686,0.7590282296355711,0.6330517988146478,0.03238525963523186,0.031026028103201878,0.032182112751887565,0.04084674704945888,0.031263317995653836,0.03857930196397791,7,8,0.00412721511822335,0.06424340525083762
YDR314C,0.8443837293890601,0.8299726819271283,0.845305253330844,0.736707004032779,0.8205673414868566,-0.40012159908421285,0.024889158928576693,0.026016092712182033,0.02481535555301902,0.032374448019062176,0.026725969300997805,0.0746561512529858,6,10,0.004050592707994573,0.06364426689022801
YJR092W,0.8131414024758536,0.826570115486625,0.800026765992788,0.7009820905625901,0.7832615742815572,0.6263850140283471,0.024933844045919973,0.0240211980414237,0.025793996192191224,0.03154142401457029,0.026853484868950533,0.03525695815516622,8,9,0.0033854665763997484,0.058184762407349815
YBR029C,0.7082788310342893,0.6321698162585335,0.7345179146553158,0.38837562492665145,0.6812152159744236,0.48577691427003367,0.03038146010683522,0.03411523374948722,0.028982929433783097,0.04399132690811298,0.03175948571102769,0.040336708286243673,7,8,0.0032196041344233687,0.056741555622166095
YDL142C,0.7468823933889317,0.7032270156729983,0.7359550859972246,0.6306974747304666,0.7024681026419463,0.5798944537075743,0.026623625232487548,0.028828244424375565,0.027192235758034963,0.03215860137096281,0.028865080933394283,0.034299297192429086,7,10,0.002849477061351384,0.053380493266280186
YHR057C,0.7547417942434482,0.7975510693077452,0.754476409516613,0.7419910143477074,0.8144930288884824,0.7492633162866793,0.049742797858372545,0.04519352111763994,0.049769702992169006,0.05101945927472819,0.04326119911238623,0.0502952967091872,6,9,0.010265734061315777,0.10131995884975367
YJR025C,-0.4083558904866522,-0.9980970111220306,-0.4468064599287189,-0.4759701317157399,-0.8865547549482709,-0.7994761860073958,0.07078374569037979,0.08431126751605829,0.07174349885672333,0.07246296793338806,0.08192416821648646,0.08001112652962221,7,8,0.003619993615632435,0.06016638277005221
YPL221W,0.7525241700100882,0.7230764876200688,0.7535826004147816,0.7581673864865119,0.693328458323357,0.6644632749060209,0.054297223804203015,0.05743692034011305,0.054180987377063936,0.05367458123607813,0.06044327230578275,0.06322389691418616,7,9,0.012122036800339192,0.1101001217090117
YBR156C,0.9069736213585368,0.9069457792365981,0.8749098393313801,0.7620338043918089,0.8925340313440948,0.8141808790036449,0.020536781565445788,0.02053985459058313,0.023814468957761365,0.03284633819336734,0.02207317493534904,0.029025153625348105,6,10,0.004613300990557863,0.06792128525401933
YKL011C,0.8117093379762798,0.8124432832723213,0.8025864613211122,0.6641986557350406,0.7479185359800673,0.5666486942946392,0.023329747094067804,0.023284233746739012,0.023888237397406864,0.031155652759134577,0.026993928664891326,0.03539286294792009,7,10,0.0029413345014782767,0.054234071407909965
YDR354W,0.5361874564740594,0.355821698047018,0.4756865323261448,0.1941543996183358,0.5335011102074945,0.31833288241210633,0.029673622065077804,0.034970541914680416,0.03154967013218395,0.03911336995425697,0.029759431014287917,0.03597373148303902,8,9,0.0019317537780022982,0.04395172099022174
YNL299W,0.8187614750077341,0.8170603778701901,0.7767448580684584,0.7647475702014263,0.7358578264069899,0.592923257801605,0.02438265879426436,0.024496818847130612,0.0270617910765427,0.027779399957758955,0.029435720830356796,0.03654213745421581,8,9,0.0033378340557219553,0.05777399117009275
YGL173C,0.9149336882759899,0.8347668977490985,0.861814063329085,0.6243305571343417,0.9289790953750136,0.8201685531462289,0.03444153553918969,0.04800121524882314,0.04389707951789812,0.0723780102229612,0.0314700044309291,0.05007679475579214,5,9,0.014189286122559675,0.11911878996430275
YMR308C,0.9544437575599953,0.9141336946540124,0.869629222394529,0.4852144625656428,0.9450348112597168,0.8244977397462605,0.03804897560885538,0.05223726245817164,0.06436638950259202,0.12790342954451023,0.04179389841878609,0.07468104357179586,6,7,0.03233636362896535,0.17982314542061972
YBR193C,0.7869168298391241,0.7157017432687827,0.7612364618017684,0.6198630766614581,0.7589253436161632,-0.5800295199608458,0.026062429088947903,0.030104222439628247,0.027588260554314716,0.03481050660245899,0.027721459665007685,0.07096969135401236,6,10,0.0032436483831443787,0.05695303664550626
YHR023W,0.7374709385241143,0.5543276860358168,0.7595565122826429,0.3799185705579168,0.6554680673892628,0.17987933761589958,0.027145860674295617,0.03536899752251839,0.02597894031902923,0.04171951829283313,0.03109779976741881,0.047979288087155285,7,8,0.0028561629644555356,0.05344308153966738
YMR318C,0.5793046391631502,0.3807651901597815,0.5364081765769055,-0.8004986734669299,0.19034886517831673,0.43604621974223334,0.08615222098573626,0.10452262242545325,0.09043790643987587,0.17822926633140637,0.11951752221259292,0.09974804041040465,8,7,0.017952228642907613,0.13398592703305678
YNR003C,0.7419114716463995,0.6995486575593408,0.7459445020116607,0.59223607104167,0.6538961890107446,0.42737066926624323,0.026519090727066718,0.028612865468860698,0.02631107408408318,0.03333332840725211,0.0307098340211064,0.039501271306929375,7,9,0.002772692418430358,0.052656361614057214
YKR016W,0.2928226649020761,-0.3080532564933629,0.24581239489522744,0.18511371806434418,0.2972400936598131,0.06510814687346567,0.04353316664878517,0.05920642058528791,0.044956841121249806,0.0467309485172906,0.043396987288101666,0.05005376846874282,8,8,0.002726875584471842,0.05221949429544336
YKR053C,0.7937917959838032,0.7837285658538113,0.7606387998132291,0.7459818848147114,0.6846360967964891,0.6892511113951971,0.02506128807627256,0.02566551592952283,0.027000841267044617,0.027815236918615358,0.030992485728531048,0.03076487896609706,7,10,0.0030992312005277056,0.055670739177127025
YPR004C,0.35406264761685613,0.24421667349554743,0.2663042871069675,0.12649748964180985,0.11676632169116785,-0.10854330564144288,0.060508539450252495,0.06545157834315372,0.06448808213489829,0.07036449081482074,0.07075534955936988,0.07926798205577887,7,10,0.00576761256153197,0.07594479943703829
YPR119W,0.8208169886377725,0.6181127874836498,0.826391819901273,0.49695950186627735,0.7984157603967224,0.5668584179478926,0.02521563972635711,0.036811976267806856,0.02482027948358884,0.042249643648175586,0.026745447118176762,0.03920455371807824,7,9,0.003610740592114664,0.06008943827424803
YPR131C,0.7435738317240972,0.7236548718517744,0.6981241697965881,0.42041286151154345,0.7091231955035991,0.1553867373819805,0.02568743663278428,0.026666468366612253,0.02787107806283898,0.038618817019647485,0.027358617129043847,0.04661960020280758,7,10,0.00261837792466696,0.05117008818310713
YML058W,0.7598998361669039,0.6912287330967712,0.7690034900421374,0.7645286023628993,0.7102455941177572,0.3945477608561283,0.546335278523778,0.6195572690845923,0.5358777510860149,0.5410433926634572,0.600175193450836,0.8675668752531877,7,9,1.2649669295383772,1.1247074862106934
YDR014W-A,0.7551734656791838,0.7649094686193757,0.3617855920715827,0.21347336166415443,0.7824346478239677,0.5353799609566667,0.21278626925907743,0.20851241896918157,0.34355609675678767,0.38139155797912927,0.20058997526276895,0.2931320642043707,7,9,0.18818363510631417,0.43380137748319125
YOR002W,0.906669584164923,0.8243680285925465,0.8552777946514064,0.7164687203040822,0.9098641754679073,0.822397348324514,0.032092249547347206,0.04402408600644606,0.03996282177021489,0.05593569637061181,0.031538227244855235,0.044270383383857755,6,8,0.01122872015141116,0.10596565552768104
YAL061W,0.41344435352117437,0.36778016146388093,0.3976607367658992,0.34031169029839026,0.5104461636513089,0.37346906126957313,0.13051984508816408,0.13550521183627742,0.13226426607874203,0.13841760603306466,0.11924005531632687,0.13489417631215017,7,9,0.029552689942056617,0.17190895829495512
YBR198C,0.804494642041849,0.814616190662939,0.707861529546493,0.5970484924780912,0.7819985329736077,0.28782973361728803,0.01997514917633926,0.019451209000737074,0.024417718063106626,0.028677222886326938,0.021093099796944,0.03812436494217344,7,10,0.0020767036994633753,0.04557086458981632
YOR069W,0.7850991217707861,0.740560857048424,0.7587044921299528,0.5562489541080483,0.7826462626712813,0.5245459864891437,0.026282818204796263,0.028878231026324322,0.027850144597551623,0.03776787332436018,0.026432387472774314,0.03909372870899117,7,10,0.003270836306287017,0.0571912257805952
YLR364W,0.6923778102549143,0.8659967180170229,0.6311263811337755,0.7005465463013809,0.6811404109693893,0.7827502377225307,0.13951106204322772,0.0920783509415327,0.1527701881223704,0.1376462798824402,0.14203636726350666,0.11724098814502143,6,7,0.06438026623344364,0.253732666863066
YBL060W,0.7997221474493523,0.8268007626307669,0.8095170932811075,0.7063637500549513,0.786867638157627,0.6349488435344164,0.02417312324502433,0.02247963684142143,0.023574598666875512,0.029269893196831154,0.024936816071997273,0.03263571767857657,7,10,0.0029688328330814136,0.05448699691744273
YBR011C,0.7280096806006502,0.7977154451507219,0.6744143001631968,0.5012069674552163,0.7203895657506154,0.6113481180850344,0.4277241168201648,0.3688657881101114,0.4679717917861748,0.5792248741815924,0.43367431552976937,0.5112901218339019,8,7,0.6844270529708293,0.8273010654960075
YML038C,0.768690288654839,0.5516925753609643,0.729003137814114,0.3791603991870568,0.7032945348592126,0.4200564274380829,0.025367761950578393,0.035316136445691676,0.027457902052253194,0.041559941332874085,0.028730818145870432,0.040167804082325786,7,11,0.0028308938083189445,0.05320614446019317
YDL209C,0.80529197779152,0.8253098560102099,0.7428376796673912,0.7020606615675031,0.7575427489110352,0.6177531029050661,0.028499372101128132,0.026994641886316496,0.03275269469112603,0.03525391017322527,0.03180247775587568,0.03993147507511192,7,9,0.004244630359306329,0.06515082777145911
YDR275W,0.8904055444703979,0.8714154709838322,0.8006890670596059,0.8006613873653227,0.8561838827250083,0.7596117293428382,0.12386204133199286,0.13416471138404001,0.16703577734048494,0.1670473756473859,0.14188867112330253,0.1834427608936657,6,8,0.14244297018620214,0.3774161763705977
YOL125W,0.8351607311020331,0.8411553610710307,0.8175017771609119,0.7559184739995934,0.7832491512656359,0.6335868260983979,0.02259031309333843,0.02217574358076946,0.02376956479349807,0.027489026833486592,0.02590432699708265,0.033680416246056465,6,10,0.003150191522810498,0.05612656699648125
YGR165W,0.83161325723397,0.6443743987180274,0.8104545659559401,0.49653989593134784,0.7902353345428729,0.480433448526024,0.020514055206064037,0.029812203760030454,0.021764777685460823,0.035471544792021026,0.02289621733014527,0.03603447209774478,7,9,0.0025430112509558273,0.05042827828665011
YCL031C,0.6426574100023347,0.5969642580354855,0.6539672990697465,0.5271800062295512,0.4354726804087956,0.10590727286991986,0.028013069177425024,0.029750213330987055,0.027566198216310057,0.03222301843795575,0.035209575192689024,0.04431079933197367,8,9,0.002234548290478027,0.047271008985191196
YGL157W,0.8339500307635792,0.8929326001295907,0.841851055722129,0.8414252938482499,0.8785445216149396,0.8222986731831197,0.047085557576572463,0.03780915277696985,0.04595168767652807,0.04601350069328236,0.04026955888311167,0.048709497928297416,7,8,0.013585942544941158,0.11655875147298532
YLR178C,0.6450804461383759,0.3467263750200291,0.6563231361463036,0.4187748247990928,0.6767145482207485,0.6256906804035611,0.23029943063578762,0.3124463553609498,0.22662251197075828,0.29471355375896485,0.21979660574182375,0.23650657616542278,8,7,0.15205788289244254,0.38994599996979395
YDR304C,0.5394322502918418,0.6248143899168996,0.50895301536527,0.3190733420315315,0.5482708239859508,0.20703692706345378,0.07538103302130414,0.06803594308651054,0.0778353435988559,0.09165696892544652,0.07465422535068451,0.09891036496303224,9,8,0.012554047953101027,0.11204484795429474
YDR265W,0.7961752028656853,0.7953713309870905,0.7438603432022666,0.625722434769387,0.7697082037042269,0.6410375326218207,0.024213321470326517,0.02426102237485259,0.027143401471257104,0.032811248532068064,0.02573742489536938,0.03213293381491116,6,10,0.0029268795831294396,0.05410064309349233
YGL167C,0.9080095478354887,0.8608966054964332,0.8211268769014692,0.7001013917364658,0.9190173565776553,0.7597366082374541,0.03476022311274438,0.04274448044292313,0.04847119461928008,0.0627622354437991,0.03261423175809507,0.056176539169421516,6,9,0.013365201015900692,0.11560796259730854
YDR221W,0.7031064423967637,0.6183131679137199,0.6486505573710248,0.38223223731470934,0.6362091829080014,0.48806953685765,0.025473904288549308,0.02888342658794923,0.027711801551326683,0.036745803356574076,0.028198174383498396,0.03345034587001259,6,9,0.00222404407465824,0.04715977178335621
YFR021W,0.8839279642711939,0.9108638563045629,0.8783725393247551,0.8235231155541424,0.8904781445540467,0.8120820704121798,0.02541899085497014,0.02227519039472931,0.026020181646073833,0.03134284523428386,0.024691353690267134,0.032342874356056164,6,9,0.0056642465169014266,0.07526118864927278
YLR328W,0.7931281507512864,0.7280350972364011,0.7019974109035194,0.5714554156549969,0.7481086022097856,0.5705084860531449,0.02392537533730227,0.02743244342108539,0.028715612222841268,0.03443547411992284,0.026400656681236312,0.034473498141094704,7,9,0.00281558900440893,0.053062124009588325
YKR069W,0.8351289706743685,0.8692061882150577,0.719364594098601,0.6262980236078766,0.755059527319024,0.8554406191650354,0.14956639827275126,0.1332157147333773,0.1951340650509387,0.22517727447175512,0.18230229525037323,0.14005060863222293,5,7,0.1380628580507376,0.37156810688047165
YMR271C,-1.1181775435521848,-2.7238663139970725,-0.6771184460841602,-6.038838071174782,-3.3510092435121877,-9.048151131307767,0.0999796824385582,0.1325646147452892,0.08896361891499288,0.18225567515454663,0.14329319830373416,0.2177577660656643,6,8,0.004801912967834501,0.06929583658369745
YKR095W,0.8635382095476345,0.866295116961018,0.8480976633102275,0.6966677645689339,0.7868238649373924,0.708707782810448,0.022629575602363818,0.022399819092468683,0.02387553455805488,0.03373884099260971,0.028283957023760253,0.033062471669812604,7,8,0.003818518431055484,0.06179416178778934
YPL155C,0.807771716490155,0.7869983617905909,0.7659778944976787,0.7194983439714884,0.7435150610694974,0.6142827795801731,0.02525278912307002,0.02658227704327796,0.027863081760351915,0.03050481692624665,0.029169678475745583,0.035771341084914095,7,10,0.0033756277945446453,0.05810015313701544
YPR093C,0.863300737029316,0.8935904079118853,0.811233786450358,0.7714217429183594,0.7821896142857448,0.7388942653954469,0.024085939448084997,0.021250585136035893,0.028303662431061957,0.031145690392755845,0.030403234956116753,0.03328807711030706,6,10,0.004318313274407227,0.0657138742915621
YJR048W,0.9579669512064465,0.8394359348768557,0.9497495717548966,0.547017929915582,0.9251030912407208,0.47081102928538876,0.2799900137443665,0.5472317329740758,0.3061378159498838,0.9191525617792715,0.3737481421799549,0.9934648090560454,6,10,1.8977863984128533,1.3776016835111857
YNL125C,0.5909288108544717,0.3454267488919083,0.565098469660924,0.14890362133849944,0.520149196957205,0.40872921080342417,0.07237544330359601,0.09155264951735737,0.07462550071486856,0.10439535164818484,0.07838715514671214,0.08701317226454586,8,8,0.013029769058618476,0.11414801381810581
YBL059C-A,0.6685487720754371,0.4666761465595921,0.5424176936339469,0.5284102608378208,0.7107060520387571,0.6022289391807482,0.06850615112675724,0.08689909555337912,0.0804923049035068,0.08171502647010752,0.06400139295846914,0.07504751977273649,7,9,0.014407633160672681,0.12003180062247122
YMR280C,0.8818189479320031,0.8855051163985702,0.8696589372359506,0.4410947080740836,0.858865295098071,0.802546821229133,0.022130516582617867,0.02178264760613963,0.023241184297835955,0.04812677235888902,0.024184356461652075,0.028605509701529096,5,10,0.004216852296186543,0.06493729510987152
YOR231W,0.7320139537165369,0.7262755361697255,0.7275769176988129,0.7008488895764848,0.7370543024255491,-0.28758700435556994,0.028924304889960135,0.029232344417917888,0.029162771247328086,0.030559915544047304,0.02865100593414015,0.06340085759147392,6,10,0.0031766313528851565,0.05636161240494417
YPR194C,0.5038872217837063,0.39810395986670577,0.5372646019906104,0.1878476853378407,0.5195043201416848,0.1485570539986757,0.0844568378676469,0.09302621554710556,0.08156633938350412,0.10805959952238603,0.08311690326990256,0.11064260347368758,9,8,0.01462993372858597,0.12095426296160863
YBR217W,0.8485647776778007,0.8767364899502192,0.8477546245894055,0.8136847127072395,0.7676768569030574,0.7825552698414271,0.02268289144000566,0.020464551437627182,0.022743485342284507,0.025159917329784415,0.02809514008265591,0.02718062306834447,6,10,0.0034571885576325945,0.058797861845755875
YJL071W,0.8072994737663759,0.7601318424345207,0.7447272627129569,0.6454052133608565,0.7402375681628066,0.6535368304139813,0.02401002521139664,0.0267878257594163,0.027634612771229274,0.03256996852348565,0.027876570024580542,0.03219435308980457,7,10,0.003044075848268065,0.05517314426664539
YNL176C,0.5942385368185812,0.35925369240092775,0.5725661637470568,0.3819442523994715,0.6385122818081315,0.4090574739931848,0.03583571681590165,0.04503226103802012,0.036780289757268526,0.044227716977830345,0.033824195067024616,0.04324673440949429,7,9,0.0032204349556974867,0.056748876250525764
YBR106W,0.7757235715442208,0.6458091309911371,0.7814902748974626,0.6144674676258914,0.7710049192607655,0.6324437081269834,0.14375454911424268,0.18065436585478506,0.1418943707562397,0.18847784025106665,0.14525893562698697,0.1840313075590057,6,9,0.09375894245133673,0.3062008204615669
YDR452W,0.504792132995755,0.28558907673381195,0.5051205530127854,0.39925150145851007,0.5182835422216341,0.3361763183851928,0.07439653434391995,0.08935790547068566,0.07437186049979445,0.08194175935329798,0.07337610920859705,0.08613612060762658,8,8,0.011372894555226176,0.10664377410438068
YOR255W,0.001008546593903037,0.22059724120574875,-0.0023428454786074138,0.3297787051296691,0.08474337264867915,0.20502158835896378,0.38063982662341894,0.3362128513662157,0.38127777261613804,0.311775835520823,0.36433826145917514,0.339555686605157,6,7,0.1475773878207812,0.3841580245430013
YDL224C,0.9435130829095386,0.8735468881390551,0.9304813674385946,0.6080150411211815,0.9164855885482004,0.8456492462776483,0.023955544730812076,0.03584238290629679,0.026575578369125722,0.06310544242027392,0.02912814493690037,0.039599207252793305,6,8,0.010337543899376684,0.10167371292215448
YJR102C,0.7973922327773556,0.7576476513084316,0.7705226161415281,0.7248413082181447,0.7255179015338333,0.7019123066053501,0.024340145786819315,0.026620655566937743,0.025903895231118954,0.028365258635737165,0.028330363214959412,0.029523453191252134,7,9,0.00297538656445555,0.05454710408862738
YMR157C,0.6442650992386845,0.5625211632591081,0.6369843835404082,0.5818786815657339,0.5809398034598061,0.5381243685035046,0.028043344377543553,0.031098904581880277,0.028328868054616402,0.030403089858728534,0.030437205303243613,0.031954284112374554,7,10,0.002249501426595949,0.04742890918623313
YDR374W-A,0.613559090379297,0.6204692913345418,0.37412260676612974,-0.18509995658172995,0.528334324866017,0.49809722824823366,0.10761273268739588,0.10664624601212912,0.13695148461845033,0.18845150196597996,0.11888833587791516,0.12263993426794476,7,9,0.030492803980897473,0.17462188860763553
YBL092W,0.9710931984636492,0.5543180256726756,0.9427488694734205,0.5542909463538412,0.9596722955657911,0.5905879879693192,0.5206474540499573,2.044354767297756,0.7327161468441652,2.0444168731230574,0.614958033654769,1.9594041293212956,6,8,9.542025992117965,3.0890169944689467
YKL214C,0.7626123857080012,0.7846457974482017,0.780238825125186,0.7142655474668678,0.7600639662259954,0.47080929847958897,0.02577629398050902,0.024550939944936533,0.024800870944795585,0.028279566816671476,0.02591428233599157,0.038485536983755786,6,9,0.0028479740941665713,0.05336641354041483
YKR071C,0.6886565913492033,0.643836297568543,0.6409785206463101,0.5516966648134339,0.737979208933863,0.6044595910156143,0.14112584358269384,0.15094250101220957,0.15154685536304183,0.1693451246008723,0.1294656600333053,0.15906775149858124,8,9,0.06509184235129799,0.2551310297696029
YLL011W,0.7297368836614551,0.5646628404524023,0.6812028085944934,0.5222949737289222,0.5492955975333014,0.3211377515528564,0.027266317606322858,0.0346055669476456,0.029613541117510623,0.03625041681194965,0.03521105188302617,0.04321394632840668,9,9,0.0027991059413933813,0.05290657748705147
YOL015W,0.10424821561854536,-0.12264196410338757,0.15465118351999596,-0.03952556186888123,0.2706511636123199,-0.10280160822889273,0.15557175042371987,0.17416365620731672,0.15113145786565657,0.16759246308315545,0.1403797757929627,0.17261780610638527,7,7,0.027493303884274976,0.1658110487400492
YMR168C,0.7582427921535351,0.7625968801662685,0.7090012056568646,0.4559985155854347,0.7288845640860628,0.6057764630856448,0.026941069176877178,0.026697360285978484,0.029557704721677583,0.040413378078957465,0.0285300303616411,0.034403005626883885,8,10,0.003054944753799155,0.05527155465335813
YGR091W,0.8207223980966176,0.8637032467211653,0.8205857564970878,0.804827788454982,0.7995302586150432,0.7867353059503976,0.027416540836292105,0.023905200845119153,0.02742698700022822,0.028606098727634848,0.028991725005368833,0.02990261185152177,6,10,0.004266310116801345,0.06531699715082855
YKL009W,0.7904049357521935,0.4905361141907961,0.7712960853261923,0.5069803153607297,0.6949818945160389,0.6295498951454424,0.07722322049947876,0.12039656202646677,0.0806666799844865,0.11843757687695806,0.09315800799382547,0.10266496059273321,6,9,0.028951289053852487,0.1701507832889772
YPR010C,0.8645995127242401,0.4759251024677368,0.9058806419538254,0.5688953283474236,0.6385488722597772,0.6244305559916051,0.06718637490296672,0.13218061689134858,0.05601580396301652,0.11988434088715173,0.10977308951640521,0.11189642746786364,7,7,0.0339230840662898,0.18418220344617936
YJR065C,0.5638905968500096,0.4548000863200221,0.5634442718709567,0.08529185890029678,0.5839923745551217,0.7426843154557559,0.05283120812669947,0.05907050802031262,0.0528582355855408,0.07651279886806606,0.051599258699183505,0.04058129915949371,9,8,0.006512365565944678,0.08069922902943173
YHR194W,0.7023525400285204,0.6789217789903286,0.6120470205017303,0.5962157804210185,0.6809429895948714,0.5650164766489962,0.032273747906201675,0.03351997885390858,0.03684578874762508,0.03759005689425419,0.03341430694364812,0.03901527885689201,7,9,0.0035608178785255518,0.05967258900471432
YPR023C,0.5008665120911507,0.47312284202751376,0.5879373921398698,0.5078142536479524,0.5609128269402737,0.4600112613525944,0.057881478847886754,0.059468358342724334,0.052591174241710434,0.057477223455315245,0.05428834966215451,0.06020375999546643,7,8,0.006829920783841775,0.08264333478170986
YGR260W,0.77816390903019,0.6783025056303977,0.8056139324197567,0.6467491724655464,0.7629261146118554,0.6985692191193669,0.0870021689668936,0.1047702106169652,0.08144164644086183,0.10978817648486733,0.08994061160959296,0.10141630353032643,6,9,0.034720110087116875,0.1863333305855849
YLR057W,0.8020369994692098,0.8192732787766235,0.7974594557604845,0.7468075102146574,0.7303849554600881,0.6215948051683003,0.02316298744311762,0.02213164741021838,0.023429258504674057,0.026195576917932846,0.027031778424879412,0.032024407454512155,8,9,0.0027577713378643003,0.05251448693326728
YMR257C,0.7713540983878202,0.7626914207615133,0.7169773468226138,0.5244056295285939,0.7416323746299092,0.637059159584315,0.026342752066436947,0.026837135157278702,0.02930825980580548,0.0379924925015284,0.028002607981965418,0.03318924354738057,7,10,0.003088246838050377,0.055571996887374644
YLR414C,0.7865938941218077,0.7097981270303697,0.6216414124078149,0.535773232321128,0.8001686557482575,0.6017926559557059,0.08654145543185404,0.10091852160788276,0.11523185999151334,0.12763972608514565,0.08374378368495108,0.11821576769993823,8,8,0.0357103976560783,0.1889719493895279
YOR185C,0.7501029733863959,0.7159513182717119,0.7254232232599344,0.6843439977280152,0.6922588589271048,0.6351293289970013,0.12351366009722803,0.1316833408125136,0.12946916537257536,0.13881662234158051,0.13706520720062482,0.14924642079035927,6,7,0.0621186533162622,0.24923613966730868
YJR068W,0.7369117889546863,0.7680047059405706,0.6790410587364129,0.556080533859971,0.7134340674344136,-0.006155805527339853,0.022193720796945142,0.020841021998620084,0.024513434528455665,0.028829128838681065,0.023162834494254582,0.04340222989151531,6,11,0.0019050745988725955,0.043647160261265514
YPR108W,0.6028175225252073,0.5955719533506938,0.6577708399722525,0.47353811265014323,0.6588215495160465,0.46288510991595067,0.13989172178662374,0.14116193672134264,0.12985404450457336,0.16105731084865277,0.1296545527833775,0.16267865436552784,8,9,0.05013570063025239,0.22391002798055382
YDR361C,0.6498401198297443,0.16671519385848177,0.6284017208596484,0.14427494561425602,0.39685919762760713,0.3216796253972808,0.03608769319175053,0.05567018453533714,0.037176010010566016,0.05641480004728233,0.047362572607190276,0.05022770795329364,8,7,0.003784469387596004,0.061518041155387934
YKL127W,0.8128149585544665,0.4823883428729382,0.7553740563197382,0.7198567664952606,0.6577761019778923,0.3679093242635464,0.022886906447440854,0.03805866485991908,0.02616391812635891,0.027998940200131325,0.0309461546317484,0.04205728334602471,8,8,0.002847450524250351,0.05336150788958602
YPL244C,0.8132980130653991,0.7769374077024233,0.7627651585286293,0.5253159950376057,0.8407181160956718,0.6968134908238424,0.03124613564996735,0.03415350002122926,0.035221762144007185,0.04982234249341852,0.028860578741265366,0.03981775593727742,7,9,0.005321043700937265,0.07294548444514756
YNR047W,0.7807968706831054,0.7225462389304297,0.7664715976697327,0.6671171419433001,0.7116067220670768,0.663770862112742,0.023821450721642205,0.026800329877979482,0.024587517700369235,0.02935557201075905,0.027323567237404728,0.029502750397825073,7,10,0.0026341639439611073,0.05132410685010609
YJL057C,0.7817723272515087,0.8257420642348019,0.7558754194614403,0.6691264872814406,0.8206468795353097,0.557692901064101,0.07390938417419823,0.06604515376482961,0.07817185685673707,0.09100718353255577,0.06700375494887818,0.10522201831173177,6,9,0.025470794034969886,0.15959572060356095
YNR008W,0.43086337644551,0.42655476982542373,0.40528543170252007,0.3805433285800761,0.45132523281836023,0.34727231684862814,0.04812736721179554,0.04830919606314893,0.04919694403030033,0.050209894075827835,0.04725429975689383,0.05154064556854514,8,9,0.0041411485882833525,0.0643517566837406
YOR245C,0.7119502279086499,0.6443752069203852,0.6647548775898352,0.6089968404458499,0.7232212349927676,0.5122242662284553,0.029329185829788728,0.03258834120566933,0.03164080128480812,0.03417089647413863,0.028749654033604133,0.038165972649437586,7,10,0.0030386845411427867,0.05512426454060668
YEL009C,0.6035613675953251,0.5277777972470337,0.591654161076816,0.08262802163350513,0.5906207220890831,0.369286382803129,0.7323238571005699,0.7992605898670679,0.7432403258770136,1.1140070337987984,0.7441802254661605,0.9237007614570848,10,9,1.3765231942084155,1.1732532523749575
YHR052W,0.6600005036496331,-0.33278056914322307,0.7674342819601946,-0.06675380073534387,0.46782645061578765,0.2877968792595659,0.042717379557324596,0.08457554264984846,0.03532956703234869,0.07566544075175331,0.05344315753388698,0.061825466632273646,8,8,0.005461149572808242,0.0738995911545405
YBR122C,0.7898909758833402,0.2027839795982571,0.6487797269690179,-0.060803217536468335,0.6981384623160689,0.011625009408647413,0.015407590099030772,0.030012375531988086,0.019920587902705657,0.03462021633664606,0.018467846375972482,0.033417444624517435,8,10,0.0011496823506608619,0.03390696610817402
YNL070W,0.745169388271659,0.5373735706447149,0.7458335055781672,0.575823970307052,0.5546820257027951,0.4533580555281074,0.10874552126010761,0.14652131271164098,0.10860372727228738,0.14030031379089508,0.14375425006992842,0.1592711285101078,8,9,0.04721981702110092,0.21730121265446475
YER089C,0.7686290081394248,0.7176872670643438,0.7098989398220565,0.697121946650658,0.7231129323077499,0.6374727656289616,0.02118479090980633,0.02340102932752017,0.02372162224703299,0.024238382262974263,0.023175070490121474,0.02651795606471482,7,9,0.0019737520470059305,0.04442692929976064
YBR126C,0.792583036540105,0.2124068802505713,0.738934072436287,0.596716144775735,0.8409074816651599,0.648674030814306,0.25578786970617584,0.4984352696781742,0.28696762685966326,0.35666724488927726,0.2240178822023524,0.33289934102881924,8,8,0.32097318802982816,0.5665449567596804
YFR017C,0.696324606329047,0.5917957543210246,0.6785427327013566,0.6803296527975493,0.7121140718851735,0.6609952271973759,0.15600303448328878,0.18087019351031025,0.16050548147911547,0.16005874999629935,0.15189324594303516,0.16482806141853776,6,9,0.0815473076268173,0.28556489214680664
YKL140W,0.8444433260162021,0.9133457252222605,0.8340017713714549,0.7495923316387272,0.790284304841453,0.7312733052173399,0.022604864896721904,0.01687145691897076,0.02335120616466013,0.028680149016830248,0.02624660035595653,0.029710707694203087,5,10,0.0033424761768855835,0.057814152046757404
YNL271C,0.7515479716649002,0.6152527068002617,0.7020596886129477,0.5799922227962597,0.7377742894228475,0.6105249479097745,0.024551065557074352,0.030551803999594857,0.026885226914121284,0.03192109191909862,0.025222417380829566,0.030738940527904064,6,9,0.002468603174876205,0.04968503974916599
YOL137W,0.7342505624950941,0.7790902197571491,0.7528908323976992,0.605540159905642,0.7190117834466203,0.5702176820319118,0.02566972572515889,0.023404131155150124,0.024753093384312832,0.03127421723822073,0.026395452119919786,0.032644447548767365,8,10,0.0025230347995432332,0.05022981982391768
YOR229W,0.8157792248933833,0.8149765225914066,0.77634892810673,0.7068979309019414,0.7252903926911018,0.632135385668763,0.024772566990464855,0.024826478886273755,0.02729525782185211,0.03124720315607182,0.030250923193419776,0.03500626015145989,7,10,0.0033896632561997908,0.058220814630162904
YDL053C,0.7787382878296742,0.6853400828703908,0.7544052004439005,0.6461748193378182,0.8042713432074773,0.7619394206671666,0.03949884515442849,0.047103369567825,0.04161413263014716,0.04994886594667667,0.037149970364087986,0.040970853088129255,7,9,0.007174896910211694,0.08470476320852148
YDR481C,0.7299623690098755,0.5908609268041642,0.6956696017799389,0.37228411107811066,0.7353471842156627,0.5054632339812428,0.06771145902554203,0.08334614280255744,0.0718824207852985,0.10323609965311334,0.06703294297241083,0.09163245442244101,7,8,0.017276397683050036,0.1314397112103113
YJR004C,0.6744151415950059,0.04474902543614445,0.6896774126882286,-0.0012065607749545126,0.37063921161840996,-0.24006218500760346,0.03138283312435055,0.05375499087630187,0.030638446542158953,0.055032835663812694,0.0436324790025791,0.06124657112394006,7,6,0.0030780327290698575,0.05548002099017139
YDR335W,0.8693071617194674,0.6874302211853329,0.818597139126824,0.33771938413884595,0.8914779531631132,0.7688966483266853,0.024511317717686103,0.03790654978715742,0.0288777153018307,0.05517747040356427,0.022335709509872362,0.03259446721650921,7,9,0.004677724790189128,0.06839389439262197
YJL212C,0.7237389540620097,0.6460367768108306,0.5867155033499312,0.5031514667276775,0.43971845196704396,0.8227009691770232,0.07223976324405366,0.08177029389279218,0.08835701696169501,0.0968787427626476,0.1028773213958775,0.05787215690588906,6,8,0.01922144857647665,0.13864143888634686
YKL093W,0.7142545388883599,0.6181315633070671,0.7424031122935837,0.5835117530391416,0.7486607813102442,0.6936132399540925,0.06264798307040484,0.07242263215461478,0.059482296718613534,0.0756343011586706,0.05875536839607204,0.06487127299378137,5,10,0.013976163881930613,0.11822082676893532
YJL209W,0.8060642503647641,0.808182930160616,0.7872715673174486,0.6535665878719594,0.722434928257741,0.6088900872332027,0.023822929163154195,0.02369244324880282,0.024950485050026432,0.03184022356347287,0.028500247400682792,0.033831062264815234,7,10,0.0029777318310041778,0.05456859748064062
YJR138W,0.8430768210934475,0.8293500075969904,0.8411937147295624,0.6173241121780368,0.8071484320199531,0.6941058395322537,0.02151996532944028,0.02244146244750942,0.021648701992202802,0.033605748111332705,0.023856658056401386,0.03004578891496273,6,10,0.0030029574263295226,0.054799246585418696
YOR213C,0.6481558403687268,0.6701123053486342,0.6916079825237077,0.6481710769516433,0.6636309920017469,0.4826878328353633,0.03742659782477163,0.036240003852171236,0.035039406483306064,0.03742578743810006,0.036594276431891164,0.04538177975205127,7,8,0.004051011651229862,0.06364755809322037
YBL103C,0.8953771530550205,0.9200535882748364,0.8472094754914059,0.79051553805463,0.8753807695501863,0.8065403248630979,0.020362009225862242,0.017799460987920897,0.024606824621076828,0.028812654457174347,0.02222285720059524,0.027688701548028924,6,10,0.004032439534859474,0.06350149238293123
YKR049C,0.7319165419396598,0.6374118955124088,0.7071720253688507,0.31534862455447177,0.6653073806685519,0.29783803949822174,0.12035980306562047,0.13997588951239565,0.12579191881453453,0.19234513339006307,0.1344836623821968,0.19478930541878808,7,10,0.05498523150614571,0.2344892993425195
YOR202W,0.8598756724767447,0.6662015098553635,0.8477972601263136,0.7671669442584647,0.7825208237108853,0.5968266316622112,0.026700387794625257,0.0412100349030317,0.027827361738308406,0.03441780085349209,0.03326362975947101,0.045290458457535474,7,9,0.005176959109211184,0.07195108831151328
YBR048W,0.875600245544786,0.8401213839264303,0.8820003172303497,0.6856160120055284,0.6399367395696998,0.4701317557009016,0.418316841162554,0.4742319150303303,0.4074140553841929,0.6650063574020922,0.7116803792561962,0.8633353702271434,5,10,1.4313449610752338,1.1963882986201568
YAL002W,0.7128799444700545,0.6930167461089569,0.6982761568359582,0.48603676321061295,0.7503666746124864,0.6196606596564944,0.032395201089599625,0.03349702659203493,0.03320884192144096,0.04334259833909029,0.03020648536668135,0.03728503369673698,8,9,0.003719212294559169,0.060985344916292546
YER051W,0.8298951508418353,0.8413858163723905,0.780415507492679,0.5720080851278752,0.7972445088875137,0.7095116133691888,0.023459834542969925,0.022653619824758508,0.026654309162677064,0.03721211720610039,0.025612555360502987,0.030657093963515167,7,10,0.0032922009305642883,0.05737770412420044
YMR043W,0.720013504898261,0.4705499040729396,0.648144256865953,0.6087646567525862,0.440518617892406,0.4807866662248913,0.050733020067232446,0.06976453271932988,0.056872785050550406,0.05997098948857123,0.07171582413542013,0.06908680242229766,6,9,0.009354002592411578,0.09671609272717534
YEL049W,0.8253086639207301,0.849706806680528,0.7445298805351148,0.7057616857126958,0.7638969928126659,0.6707931491418266,0.03637726532256284,0.0337414716418408,0.043991059313390105,0.04721108444577796,0.0422907243516863,0.049937729970398796,7,9,0.0077080028543325,0.08779523252621693
YMR299C,0.5937315879903364,0.7092240465180965,0.5338726439195038,0.452000238165962,0.5987030928157536,0.5042062480356022,0.0368821531974787,0.031202470653201295,0.03950590680794438,0.04283511370023964,0.036655795204778255,0.04074368109124119,6,8,0.0034070037861110764,0.058369545022306596
YBR114W,0.6241971269919048,0.6909903833499242,0.5996221059133164,0.437185957653594,0.6077080604228984,0.5552670639711063,0.03470944317019299,0.031474119990207126,0.03582635657009089,0.042476630720479344,0.03546274024079829,0.03775871841906115,7,9,0.003262032885421004,0.05711420913766559
YIL006W,0.8175412097518359,0.78389214024119,0.8050474765215457,0.7568241962771496,0.8099165506364372,0.6867372830180387,0.027856083359860076,0.030316072642065955,0.028794005842367156,0.032158652133236494,0.028432157094669765,0.03649992844398643,6,10,0.004327414078675418,0.06578308352969947
YIL149C,0.7677977417725832,0.6210861245064283,0.7187070871793656,0.5435245877752992,0.6629678180569818,0.4563834290330562,0.028077180854439866,0.03586662684605417,0.030902931201938783,0.03936669673952583,0.03382641447064657,0.04296023252124729,7,7,0.003454567617612548,0.05877556990461724
YMR298W,0.8459509195671393,0.7055996834648348,0.794394589001851,0.6365418419066992,0.6957695122445907,0.6641738178921127,0.0280214432716196,0.03873736551287125,0.03237264726381693,0.043041575096883285,0.03937878498384365,0.041373115085303204,7,9,0.005186507714848116,0.07201741258090377
YOR106W,0.8176140920758996,0.8065437280598089,0.8245017020108635,0.7465080340895351,0.8323875816787693,0.7337013596639141,0.023465310548555465,0.024166962802918475,0.023017975366553613,0.027663859244856405,0.022494884237075855,0.02835405261929263,7,9,0.0030719523209726874,0.05542519572335931
YFR019W,0.7974052025989774,0.7612959067530592,0.7398009152584466,0.652305760692085,0.7839372117986445,0.6472385423837053,0.023722566473027822,0.025750013501779297,0.02688440382706043,0.031077514344379328,0.024498388419504424,0.03130315359591428,7,10,0.0028264948195983177,0.05316478928387018
YPL036W,0.5240060253274408,0.6754636448324514,0.5262507326069776,0.5732272779394048,0.6380391115787788,0.3219540344883307,0.08052997674950838,0.06649492847904093,0.08033986946411147,0.07625269060458746,0.07022434042357929,0.09611394741437089,8,10,0.013863306658958597,0.11774254396333807
YOR323C,0.8602211624592178,0.7407034518699118,0.8022468545050566,0.3728096046040281,0.8485729372335616,0.6988232457578805,0.03002393741503555,0.04089265434680544,0.035711544539647554,0.06359846496139916,0.031249903684098527,0.044071482343358954,5,9,0.006562162878555745,0.08100717794464726
YJL166W,0.6233991923527458,0.5396191646165782,0.596497344240851,0.5963974556853594,0.569606108611844,0.5088644300265459,0.29120355916989815,0.32196945579242137,0.3014249891541196,0.3014622962736195,0.3113071564844375,0.33254984481478084,7,9,0.2291211858106252,0.47866604831617754
YDL175C,0.8142870595635692,0.8429218457273214,0.7958809358228792,0.7566615258448514,0.7817298246266898,-0.5141305107632852,0.02536835515522469,0.023330772600937126,0.026595797052027276,0.029038662970650532,0.027502262609392706,0.07243573669952308,7,10,0.003526107836257156,0.05938103936659543
YGL122C,0.4675088311624588,0.515009534411617,0.46129120569069093,0.19343005424041648,0.44544720373466595,0.26940627914817417,0.07737466264005939,0.07384297140109232,0.07782508368979425,0.09522776277314643,0.07896124974736866,0.09063178454227094,7,8,0.011440322446888472,0.10695944300008518
YIL030C,0.8923063549429175,0.7937151883165241,0.8825836174537101,0.6386760751487544,0.9046648809514864,0.7008722784909057,0.03398243781746425,0.04703196446761414,0.03548328673172722,0.062245484560843424,0.031973188581932606,0.0566353806857414,6,8,0.010911190118829888,0.1044566422915742
YNL311C,0.7889189273284365,0.7823878500144213,0.6830951021548983,0.610486710225939,0.7282500988000463,0.31920621206595057,0.026099217253482593,0.026499910438127324,0.03197917914932381,0.03545389680180847,0.029613349599170703,0.04687169169829837,7,10,0.0032836647468352867,0.05730326994888936
YNL025C,0.7784153787532718,0.751380530518416,0.7809958748020497,0.6111540149986099,0.7589084804746048,0.6204686333893845,0.02770127678217372,0.02934252927599888,0.027539504787059813,0.036696005176430006,0.028894883378202896,0.03625382349322402,7,10,0.003523814965184887,0.05936172980283583
YDL067C,0.8108554195405571,0.7978204595402096,0.7732194601961189,0.7865088186277039,0.7463794881115658,0.5955301566043285,2.344656321424717,2.424101747174318,2.5673503279271865,2.4909913087625086,2.7150287289654567,3.4286670630670457,6,8,29.57451436765433,5.438245522928725
YHR075C,0.8458935755853333,0.8781945208147707,0.7749966478557923,0.8115372149816475,0.8121152769923526,0.7017290344858615,0.025534448072531312,0.022701236612354438,0.030853937622619846,0.028237673041671178,0.02819433381675631,0.03552397804777179,6,10,0.004305120817668509,0.06561341949379342
YNL112W,0.5329678063013994,-1.082744101255345,0.3534204094044906,-1.1093946707892037,0.22638061900001294,0.00967240193641028,0.0617597582462804,0.13042178342659813,0.07266799438668696,0.131253562602652,0.07948695287725005,0.08993352558273988,8,7,0.00831031515359428,0.09116092997328559
YOL144W,0.7784180370496511,0.7614502536501769,0.7952471010141098,0.6474091764508857,0.6813438298543557,0.5586414346120558,0.026155564360887916,0.027138533274631883,0.02514270051190915,0.03299380438523456,0.0313659220382658,0.036914132966428904,7,8,0.0031415713166409905,0.05604972182483148
YOR194C,0.44066947850024496,-0.031399969736014555,0.3908724924337028,0.22691981054524657,-0.06048382262173457,0.16559157279181524,0.0315219470490478,0.04280478628672666,0.03289522657172867,0.03705877404068592,0.043404104441978765,0.038500654879500225,6,9,0.0018076347836408894,0.0425162884509089
YEL016C,0.2928034497308667,0.3363028012615987,0.3270300770538621,0.2776874045619302,0.3927241054516447,0.35906372143417986,0.08657547008798973,0.08387060656662107,0.08445446575139134,0.08749583610780548,0.08022649389246435,0.08241992572575912,6,8,0.010784567204373326,0.10384877083708466
YPR058W,0.7447491730024542,0.43754901492269405,0.6967425867858448,0.4155641080113833,0.6529808689977532,0.514868132309348,0.02888426809220728,0.042876579225554906,0.03148353587134024,0.04370651995993983,0.03367863625237585,0.03982058998400722,7,9,0.003325896381458903,0.0576705850625681
YMR164C,0.8318315626734791,0.7882157129451508,0.8119247409383924,0.7499001222756454,0.8310363649274347,0.6654892255179163,0.025478184339457487,0.02859190543875438,0.026943999734610116,0.03107083830637893,0.02553835110159731,0.035933646128649605,7,9,0.003927765944355099,0.06267189118221261
YOL001W,0.7636800168898856,0.8374725491925481,0.718536328301614,0.7326658113218869,0.7034702551447202,-0.35932677821050585,0.026043264796243106,0.02159775274726936,0.02842211403470719,0.02769953348607657,0.02917288198686972,0.06246074204443202,7,10,0.002920408099921391,0.05404080032643291
YLR164W,0.7504118844024039,0.7600513457630903,0.7744678429410301,0.529291060968364,0.7594781717911065,0.05017204380614648,0.07921716916386348,0.07767236465012464,0.07530288315502957,0.10878865080129377,0.077765078699949,0.15453606223706048,7,10,0.02558396624058432,0.15994988665386517
YOR335C,0.8363686928577273,0.6553152752096633,0.7808217860905788,0.3576144417390904,0.8316110617185212,0.5742110328982732,0.07159000785479822,0.10390351241287003,0.08285484362438211,0.14184600041120374,0.07262330170548711,0.11548256252908638,7,8,0.03187069677269409,0.17852365885981078
YLR356W,0.29969924654895586,0.3507670204923873,0.41017854994738434,0.4515856329157679,0.3766592846207085,0.2864045864095178,0.5812406507925331,0.5596467292965748,0.5334257356356092,0.5143610751150367,0.5483734641853117,0.5867319102804017,7,7,0.49088584034973964,0.7006324573909916
YGR207C,0.3634607441928296,0.2759364104682569,0.3631871264989741,0.12698987702918485,0.3812440252252285,0.22789378061750343,0.03703868564374696,0.039503113388653824,0.03704664536564428,0.04337631066075071,0.03651763753816865,0.040792610275078245,8,8,0.002193002261940504,0.04682950204668531
YBL002W,0.15961734844214193,-0.07357302593142623,-0.2430143509959497,0.1500150231060029,0.37336677838423116,-0.54927847428709,0.29286532474529625,0.3310131221382264,0.3561783243199103,0.2945337317389326,0.25289260083848564,0.3976437478520197,8,8,0.10385130731277341,0.3222596892457594
YBR155W,0.7922450487575677,0.7840103249744355,0.7857234397328602,0.7729127009492676,0.6845130763531473,0.6317981938348013,0.0254417258706962,0.025941039382290133,0.025837959345829605,0.02659912191051663,0.03135173352068362,0.0338698937901567,7,10,0.003170260085952084,0.0563050627026743
YNR018W,0.6396705659869651,0.698343484545265,0.7033997795725908,0.7917531664876398,0.6886965419020357,0.368957249990956,0.16673344988371072,0.15255597487676667,0.15127201824605102,0.1267541156947425,0.1549761397592137,0.2206491492350213,6,8,0.07850528071812451,0.28018793820956056
YNL202W,0.6149147185482935,0.6570577258997317,0.6039892319150495,0.5187437312476015,0.6212359821503577,0.5520357883342483,0.08798435759745271,0.0830304744163323,0.08922375676763367,0.09835924976123236,0.08725922774181097,0.09489616618874072,6,8,0.020455361228579192,0.14302224032848596
YPL263C,0.6659103272431603,0.5107357926461498,0.6474516062177904,0.44362683804087166,0.46414656509600627,0.3076603357725368,0.026651272533589912,0.032252111135045315,0.027377626542101963,0.03439295655356484,0.033752771108546235,0.038365956616220234,7,8,0.0021633460128063133,0.04651178359089569
YPL052W,0.7815142968281056,0.8398279448668394,0.769716135915807,0.6300778259362809,0.7265247770101462,0.33513548011284,0.030717842997352213,0.02630101920735793,0.03153631599018668,0.03997002195912862,0.03436672890082501,0.053585314415160346,7,9,0.004394521026725056,0.06629118362742557
YIL049W,0.7266448152088408,0.751973532434056,0.7082431365063206,0.6109423312488285,0.704480260118123,0.538503383920671,0.030381736681292744,0.028939961669001313,0.031387698935544786,0.036245652936416524,0.031589458796830686,0.03947600524513364,8,9,0.003435983051869902,0.05861725899314896
YPR192W,0.5951727608237112,0.457817150839154,0.5346609052026765,0.5953553153347886,0.5868401203383189,0.5677039155044235,0.4587169823115475,0.5308634717556624,0.49180702232705653,0.4586135427587368,0.46341386813498003,0.4740243006906586,6,8,0.5288993683387132,0.7272546791452862
YDR333C,0.8316819270705071,0.8247641209610412,0.7808862805224214,0.1737888887533755,0.8546395159598146,0.4079372240665017,0.02176241685040966,0.022205127202549628,0.024829989459888225,0.04821556555457883,0.020223900964196486,0.040815547656827836,6,9,0.0028631007925121904,0.05350795074110193
YDR035W,0.2657965366149002,0.4180030484923535,0.17432675557203747,0.39185767330520616,0.2550016002234867,0.23847931831359448,0.13402531172553445,0.11932706713700723,0.1421290055762435,0.12197792109382632,0.1350069983416751,0.13649585488262886,8,8,0.024894898565952304,0.15778117304023412
YDR037W,0.8789405036781459,0.7122110136879165,0.7985349404414225,0.5553549286388603,0.774423298166752,0.685320396783044,0.13022133050878928,0.20077969110576394,0.16798966548358377,0.24956831016149544,0.1777582713724869,0.20995053901567953,7,8,0.14253401929624918,0.37753677873321057
YHR076W,0.8114496962670195,0.6932761826507523,0.7733115783474787,0.6749022704078429,0.7553679398451225,0.5710424007349678,0.01775833823038413,0.02264970007791669,0.019471677798002584,0.023318234931257772,0.020227648193247,0.02678526135227899,7,9,0.0017018863240231851,0.0412539249529446
YPL021W,0.07250037712798107,0.5148599089896971,-0.0576430304587956,0.5132394402821849,0.17952602326618927,0.49101728883603146,0.5818138905684467,0.42078553058313717,0.6212934437735044,0.4214877002757569,0.5472170496655226,0.43100144891367304,6,7,0.3713706411704656,0.6094018716499529
YPR034W,0.7496304184197378,0.7642056516259346,0.7220346693347846,0.6808939607855128,0.7396291474596834,0.5918456102263641,0.020888004675984305,0.02027089247721576,0.022009059785657772,0.02358162267390714,0.021301115970402105,0.026669717175820656,7,9,0.0017732316994281295,0.04210975776976317
YGL258W,0.8412381183636665,0.8363757513897799,0.85832482679447,0.8376031451563359,0.7800442712172942,0.6836378356577981,0.026354515324682384,0.026755048806211653,0.02489595504344083,0.026654511153035753,0.031020554295582554,0.0372026763440534,7,10,0.004451608548969332,0.06672037581555826
YNL044W,0.18341371640658444,-0.26426022679270544,0.18159753446152338,-0.07427890632444889,0.19211228552363768,0.07223630771324419,0.12838660326227114,0.1597485431308605,0.1285292972606598,0.14725742184704366,0.12770096244528964,0.13684765341061494,8,8,0.020539528738436928,0.14331618449580957
YJR072C,0.6833168554030138,0.6219973440951009,0.6188975117042649,0.4719683960750275,0.4923454886856653,0.46663799844314635,0.02861434855387018,0.031262147965278334,0.03139006975910453,0.03694888583229364,0.0362289305030182,0.03713491418223449,7,9,0.0026308489584213834,0.0512918020586271
YDR363W-A,0.7200105949643592,0.6697377536400475,0.6718155902668658,0.5090734895278044,0.6486206178173954,0.41720781683903385,0.43770991706103135,0.47538453880732084,0.4738867443139465,0.5795939320640365,0.4903472285508937,0.6314986792500886,6,10,0.6962806290431656,0.8344343167938179
YLR188W,0.6484507241115625,0.5805729551363707,0.632865439027612,0.5015658262438762,0.6652176814364267,0.597155077716031,0.02266757967428572,0.024759408334978986,0.02316459341476413,0.026990812141371254,0.022120416678257978,0.0242650390176776,9,10,0.0014872268996779852,0.03856458089592035
YPR079W,0.363096820093881,0.4456533368688055,0.4016345105002136,0.39584111902977137,0.4123552431610904,0.38369019282383565,0.07713848745582379,0.07196562958164722,0.07476832977447272,0.07512941241089063,0.0740955017162187,0.07588115794376879,7,8,0.009506528586158625,0.09750142863650063
YER082C,0.7259876604227322,0.6461534464282496,0.7225242175083897,0.5350569312280831,0.6237594063255947,0.39669014482509724,0.025140017196624644,0.02856853662856566,0.025298399846802617,0.03274766951507123,0.029458683573160758,0.03730359778694805,9,9,0.0023470057734110467,0.04844590564135474
YMR158W,0.7671001621500861,0.7028302188161181,0.7311983290572537,0.5306095625010062,0.6994754688557681,0.510075808590178,0.02629902502626533,0.02970690295595738,0.028253420767734568,0.037335517397922235,0.029874113000504108,0.03814340836591611,6,8,0.0030217828248142974,0.05497074517244875
YDR096W,0.2013257516219038,0.3099421521311091,0.18169372575635268,0.3413489636229714,0.31452115962505367,0.05963277953477775,0.15175857951780453,0.14106236528413157,0.1536124275920445,0.13781487697250075,0.14059356347299162,0.1646710114190419,6,7,0.029342016829519285,0.17129511618700424
YDR138W,0.7971891104652724,0.7754421157983068,0.7558207600206822,0.5757362708806245,0.7381890543506491,0.5364939917952352,0.02288339911479569,0.024079033680831415,0.025108991471100194,0.033097321820366746,0.025999727728509357,0.03459414364378218,7,10,0.0026272593034133316,0.05125679763127357
YMR290C,0.7060652619944479,0.31224957898845473,0.7387492185460034,0.4440396801338572,0.39736076477309723,0.3798028444272281,0.04186575687972984,0.0640396459136054,0.03946956032859887,0.05757784252254995,0.059946273549101696,0.06081327251925157,7,9,0.006067644347960566,0.07789508551866778
YNR058W,0.7842209992257485,0.8160839598984886,0.7137341556899521,0.09285376817236812,0.7517925111929946,0.6824276373185691,0.02880519116541146,0.026593529248492086,0.03317805629221813,0.05906154769830313,0.030893962374935222,0.03494519940562636,7,10,0.003912780485013944,0.06255222206296067
YOR322C,0.7265150899781515,0.7563191216002325,0.7062326781111294,0.4451013859121151,0.7540730496321052,0.6428948491920019,0.020851474977909727,0.019682525500129004,0.021610849508458273,0.02970139975766421,0.019773026990800288,0.023826933582525123,7,10,0.0016176826660978172,0.04022042598105864
YLR274W,0.898713050616698,0.7341881778995227,0.8899658412532974,0.3553542735538143,0.8523888475967258,0.6556867392227246,0.023747127852538675,0.03846993842651172,0.024751305390365907,0.05990939018135002,0.02866777124498829,0.043783575008115194,6,10,0.005665285851340452,0.07526809318257273
YML047C,0.8231332508042312,0.8020203928157303,0.7611265748626759,0.7869556872603244,0.7086225273563758,-0.27028099188217936,0.0315427088823604,0.03337229854285796,0.03665724391918657,0.03461870862975003,0.04048590735209945,0.08453290437363405,7,9,0.005724069784358542,0.07565758246440697
YLL046C,0.5273521722405066,0.5744401539831525,0.4245105047984561,-0.007658417657784744,0.4257401928296207,0.4090465431487832,0.12684256353690693,0.12035842587114437,0.1399635269794266,0.18520505926428785,0.1398139121607977,0.14183153929006684,8,8,0.03463741659486886,0.18611130163122513
YNL292W,0.7006515673514919,0.6525603874278527,0.6572330635779478,0.5077932867386654,0.6435573723822164,0.4615476869836176,0.0249388713907045,0.026867543910348523,0.026686263057341935,0.031978792991046855,0.027213419694949083,0.033447366172102456,8,8,0.0021141205146547634,0.04597956627301701
YLR176C,0.8600999666505127,0.8511755792088248,0.855153162483599,0.7724416864468108,0.8322361423159035,0.7382140457417475,0.024279022874806763,0.025041445567474924,0.024704541840177695,0.030964826328875223,0.026587132339571617,0.03321203339833102,7,10,0.0042874367720972355,0.06547852145625492
YER111C,0.8735351810545297,0.8421132750171773,0.8627733760242212,0.7864106561217905,0.8829795304670984,0.7703484758562269,0.016947081896165946,0.018935765778156352,0.01765343628289547,0.022024185470831213,0.01630200353764026,0.02283729862829377,6,10,0.002310858044273486,0.04807138487992088
YIR008C,0.8255399703358464,0.7670561674191018,0.7467924547124569,0.715684556735803,0.7785332757654448,0.7135447292943573,0.024603339405545353,0.028429661913766384,0.029640423758423944,0.031408436059465944,0.027720453297282503,0.03152640828268354,6,10,0.003530573941924446,0.05941863295233614
YLR404W,0.8481082566092446,0.7645920674959732,0.8264720945036369,0.5815985998338637,0.8250360140372301,0.7471346284580542,0.023981374426571448,0.029855031447173525,0.025632540298757396,0.03980187679459316,0.025738386517195545,0.03094223399405637,6,10,0.00385271701327834,0.06207025868544725
YOR180C,0.34454044837358233,0.5094564801326027,0.31084768639697336,0.33637724102196775,0.48600089296403126,0.34383948376992524,0.08274167758347473,0.0715797447151018,0.08484162593785628,0.08325532290273203,0.07327107374469957,0.08278590875608376,7,8,0.010628106195853413,0.10309270680243784
YHR184W,0.06654877936152115,-0.053729157141418016,0.05518614873955274,-0.07415781965623647,0.2163027109191784,-0.08548004467572334,0.21412552656626507,0.22750300039016638,0.2154248284451853,0.22969771619650148,0.196199005749734,0.23090511416144385,6,7,0.04998024697922038,0.2235626242895274
YCL008C,0.7193493619014397,0.7018399733794678,0.6345723056710234,0.5589807544557696,0.7416604501316462,0.577296254038244,0.036113002414276514,0.03722247862442814,0.04120797835903009,0.045269880795198184,0.03464782914921141,0.044319885343278985,6,9,0.004728400969933323,0.06876336939049252
YFL036W,0.18297506290443444,-0.8037233555380976,0.03768555305047272,-0.12157423336095974,-0.4212871234517279,-2.2574919911682296,0.04467797095371876,0.06638359222331693,0.04848800192417775,0.05234675889595977,0.05892732083157964,0.08921080610700989,7,8,0.0024860205172951566,0.0498600091987071
YNL045W,0.8466618094715334,0.463415230888504,0.8621013714439268,0.6213982195379576,0.8294143966719068,0.6628738305723489,0.039013107296234424,0.07298011538895546,0.0369969011013879,0.061302290404764745,0.04114874205309876,0.057847102183742075,8,8,0.010100058474737689,0.10049904713348126
YOR155C,0.7808508431535778,0.6115273817132678,0.7217995806797222,0.38321722497596444,0.7718017432294766,0.47966446169812393,0.02642492183478211,0.03518228283613778,0.029773006992070215,0.04433124493714476,0.026964971805416873,0.04071791708242808,8,9,0.003242207129634739,0.056940382239977445
YGR203W,0.7516648224050503,0.7446692904298247,0.7513074471830136,0.688057998220849,0.7712500444063807,-0.7327272625281656,0.02946763595481195,0.02987980097105872,0.029488831536158944,0.03302654183116008,0.028281776342226467,0.07783793011342383,7,10,0.00355799625301741,0.05964894175940936
YFR013W,0.8117519907484357,0.7843203558888189,0.8018190121503335,0.5528306986141113,0.7795194621589949,-0.2440818110181311,0.02111362414029296,0.022599673719570685,0.02166349805197537,0.03254120123557475,0.02284981666239584,0.054277777985572054,7,10,0.002409618661020912,0.049087866739357416
YNR075W,0.7851900219676554,0.8288036032767465,0.7639380850459837,0.7246028479902109,0.7381319097798722,0.4549512868607486,0.03134388637769742,0.0279816247896147,0.032857807572628475,0.035489946228958284,0.0346072355915095,0.04992789753446537,7,9,0.004653764215639346,0.0682185034696551
YOL069W,0.8535342198365902,0.8456235565565293,0.8147432344172967,0.7781414122173136,0.7857941607892095,0.7279959666725826,0.022179884089847054,0.022770979026340853,0.024944696616043642,0.027297904476871526,0.026822968546415398,0.030225873439086153,6,10,0.003417712392163406,0.05846120416278992
YER171W,0.7402344343737006,0.7529100787962126,0.7340331388684289,0.5593141858692317,0.7450149153165659,0.569785132300045,0.025161356754682514,0.02453978653434185,0.025459919671821953,0.03277236630553412,0.02492875869430342,0.0323806805862141,7,10,0.002479931403720807,0.04979890966397565
YGR109C,0.2988088534211346,0.27169262928615556,0.24199614419199977,0.3468584760768778,0.34135263068747235,0.29554601489279464,0.08392463907505568,0.0855319991220026,0.08725834621056905,0.08099811608301558,0.08133879814389833,0.08411967485905181,8,8,0.010221053896296482,0.10109922797082321
YBR291C,0.7101762238617544,0.7202709124487576,0.6714510793135777,0.4506118222169959,0.7463734666414479,0.4649845211304173,0.025477725040390857,0.025030092546593573,0.02712649381388918,0.03507787659115412,0.02383367340436659,0.03461599460838618,8,9,0.00227897950695849,0.04773865841179965
YPL028W,0.5048567642473833,0.37986914652064807,0.45109176313210053,0.3684135697340576,0.4884345596255014,0.2687733772517976,0.1783095476967466,0.19954959139926548,0.18774096552636615,0.20138428082788798,0.18124238638247797,0.21668815442406283,9,9,0.06533884966893284,0.25561465073217704
YPL012W,0.6006581133268922,-0.4119394151656828,0.6486255092721191,-0.3786225999684303,-0.013303716757715023,0.09119466711423174,0.040816097465263865,0.07674800172061666,0.03828636719190334,0.07583710439485213,0.06501728997324495,0.06157359049640947,8,7,0.004244936804103301,0.06515317953947682
YNL116W,0.8004435683101402,0.8433612139973146,0.7701061863285596,0.6257817863597921,0.7206831932947583,0.6351050977676789,0.0734629517027066,0.06508563757828421,0.07884953775145374,0.10059999749848403,0.08691286043007744,0.09933891387561865,6,9,0.02751846192394207,0.16588689497347905
YAR019C,0.8320867334973912,0.8721857235701791,0.8189764775228505,0.7582040082035115,0.7377941979650512,0.714485431999998,0.026073995716868963,0.02274860488466022,0.027072763564134763,0.0312888523168414,0.03258263725719576,0.03400002379158415,6,10,0.004119868055088588,0.0641861983224477
YGR090W,0.8789578900246072,0.8204486869400536,0.8144899496526794,0.7095827468313642,0.8509088572754475,0.6971831057186613,0.026710196795063892,0.03253142876898281,0.03306683030738165,0.04137328946923509,0.029643860901643435,0.04224729385644188,7,8,0.0059975078895679965,0.07744357874974526
YJL054W,0.6243732353540125,0.5910858901530895,0.5611548396221124,0.33411074682583985,0.5448560962789335,0.4279564026491379,0.025593694110552657,0.026703658074528958,0.027663706412274943,0.03407655737424266,0.02817273922321513,0.03158415590878904,7,9,0.0017744450642979135,0.042124162475922454
YHR087W,0.7068538108079767,0.6294264520033548,0.6883036630722099,0.7456943808455792,0.750457684725113,0.8347329656456535,0.2114761743858842,0.23776970927585275,0.21806459952131935,0.1969687356675605,0.19511534180479342,0.15878608316147172,8,8,0.15523576128663952,0.3939996970641469
YAR027W,0.7400027591957303,0.5640550191589779,0.7286892114399591,0.5035995148633329,0.7258170708145713,0.5567700473456805,0.04909096502238227,0.0635671939644763,0.050147666819551205,0.06783179325437674,0.05041240375081942,0.06409612147571135,7,9,0.009431646995303295,0.09711666692851076
YLR060W,0.9122459311166383,0.8645843740660359,0.8653886222649754,0.8448243836146043,0.8790385302398233,0.8307564712495555,0.05356705320427827,0.06654240839772714,0.06634451281208062,0.07123211906395197,0.06289087719107538,0.0743909595480965,6,8,0.03327218998626182,0.1824066610249248
YGR063C,0.697754157785454,0.6697893080398559,0.7070105624473484,0.5983973158375964,0.7387533496551515,0.38914132146726077,0.05027564357675926,0.05255003827469942,0.049499801011262536,0.05795298023014195,0.046741520557655535,0.07147396007359737,8,10,0.008509579107951578,0.09224737995169065
YER080W,0.8341191581265123,0.8066911704566166,0.773777758294028,0.506526777848842,0.7847817149220426,0.5484177851306975,0.03172757643661093,0.03425031967110438,0.037051554578980586,0.05472308582543945,0.03613918605217551,0.05234885636228492,7,7,0.006174911039604348,0.07858060218402725
YKL208W,0.8416929652808185,0.8714206396069958,0.7906124072892579,0.7551038374449198,0.7017336633572624,0.7112072803594793,0.023119069396962084,0.020835593321509187,0.02658861487637066,0.02875485828136717,0.03173382055720026,0.031225784766106792,6,10,0.0034355290168969674,0.05861338598730641
YOL105C,0.7369467278167625,0.7435119435547389,0.7033249267097536,0.7492616359063459,0.7515211290395805,0.5947311812392491,0.04478315893373026,0.044220784597633206,0.04755907505323129,0.043722326652706554,0.04352488206870702,0.05558587747893175,6,9,0.007757805357136438,0.08807840460144835
YCR002C,-0.0834287984896569,-0.16605145280593403,0.0056267891220392885,-0.045334681185030146,-0.002618880310692351,-0.01655944664204667,1.34413455136531,1.3944450803423962,1.2877076181990228,1.320292745079937,1.293035642936146,1.301993893927171,5,7,1.696829681356738,1.302624151993482
YNL090W,0.6426766807526982,0.6115215137047632,0.5972799750415541,0.6098362948942193,0.5867326088166213,0.6349818571339465,0.03431250737591881,0.035777110455398435,0.03642699850496667,0.03585462699256828,0.03690093280764734,0.03467999298414779,7,9,0.0033527153947460198,0.057902637200269384
YNL048W,0.7234726375799044,0.6922527719092957,0.6426231240433276,0.41733045259701806,0.6960949520308102,0.5568654375882722,0.02299439104632784,0.02425771739006797,0.026140631873968166,0.0333782849196511,0.024105814714275496,0.02910855650451476,7,10,0.0019456237193496966,0.04410922487813288
YHR104W,0.7467868359064487,0.10273522760598452,0.6405380320810367,0.471467737439489,0.7037586160534783,0.7327943677125708,0.17129424705144133,0.32244819181366297,0.20409206086284679,0.247477311052986,0.18527742287928325,0.17596343908496578,8,8,0.1179104813964918,0.34338095665964324
YOR260W,0.7887860427587794,0.673581654956108,0.759125895006318,0.592353829014088,0.756704310495899,0.4405781091888129,0.0330285316250093,0.04105964960922308,0.035271425867039144,0.04588488454866338,0.03544827995536405,0.05375237872695197,7,7,0.005255439696603424,0.07249441148532364
YHR114W,0.8361485412985862,0.8014272856435966,0.8075140986455238,0.7195761964985228,0.8183660707669721,0.7199991089741824,0.020315004498400898,0.0223641065632759,0.02201867743831382,0.026576586818154804,0.02138898893449257,0.0265565389284316,7,10,0.0025629295679478695,0.05062538462024629
YJR086W,-0.0033640275559583266,-0.00566152753923288,0.11045829194062218,0.17926814377328593,0.16383377929417953,0.1319506804754792,0.1493486065059071,0.14951949773405765,0.14062258246727682,0.1350742474952671,0.13633840876089892,0.13891339066455813,6,8,0.022620227097369147,0.1504002230628969
YEL002C,0.886878439287338,0.857859894177579,0.7384714129718088,0.601768623182537,0.9019084376752822,0.6947085315716834,0.04403199928314564,0.049357599329687585,0.06695072660286562,0.08261586390922541,0.04100261324996459,0.07233575935334591,5,9,0.017439922867833735,0.13206030012018652
YML017W,0.7033973932401435,0.4853838900502463,0.7099279335479446,0.5566925534051257,0.6361314751411253,0.6507800711606567,0.029228410191968465,0.03849988219318918,0.028904846423252792,0.03573306135691711,0.032373522511931936,0.03171518299238509,8,8,0.002930816052104023,0.05413701185052628
YIL154C,0.759465104666209,0.7038839654864667,0.7157259421444426,0.6585184760861063,0.7922674600322965,0.684936320559829,0.10522081551187014,0.11674642240080498,0.1143882017971547,0.12537074997892747,0.09778334374638356,0.12042365064409154,6,8,0.04683584658369034,0.21641591111489547
YKL217W,0.3940665624813251,0.36638316276417215,0.21855727899336364,0.12218765761803563,0.5074590131356405,0.2543592719252593,0.30541295289693915,0.31231176676176325,0.34683551973952825,0.3676002803634275,0.27535703753837404,0.3387971929657868,6,8,0.15664016173458734,0.39577791971582665
YKL067W,0.657485571798057,0.6433984231704967,0.6711775916963838,0.7200020420036135,0.6298377671125421,0.6005233092825681,0.33525574739095115,0.3420805849336404,0.3284864800489055,0.3031197461558807,0.34852412830462753,0.36206164334725405,7,9,0.3339079282271488,0.5778476687044336
YLR357W,0.8035782224872172,0.8123708524805445,0.7620333903725516,0.6421866742927012,0.7255122418395127,-0.07733544640790924,0.02234209202782833,0.021836305950478488,0.024591613781930165,0.030154856992809616,0.026411344377345616,0.05232442837453358,8,10,0.002585896710768635,0.05085171295805713
YOR373W,0.8212598506593423,0.7956249850756618,0.7621098032576021,0.7382536370652237,0.7308587593267863,0.5946279855812898,0.023314635566014548,0.024930527856551702,0.02689712404361167,0.02821356077076185,0.028609330719657575,0.035111101528510345,7,10,0.003094484303366232,0.055628089157962565
YLR265C,0.7174527333789908,0.7726541500440431,0.6760411915319777,0.7435086624132865,0.7021411818868231,0.5783945681849663,0.029735309892222044,0.026672911822512146,0.031839908446516296,0.028331088778360776,0.030530375426268384,0.03632285797406207,7,9,0.0031842485924635827,0.05642914665723364
YBR098W,0.7791062560236024,0.7824185793285822,0.7480639737103716,0.6211357636813473,0.7097275485645889,0.6354660340576541,0.02594340393745855,0.025748157296931404,0.02770641832245238,0.03397637607401804,0.02973980796527108,0.033327616084218394,7,10,0.003100442182543025,0.055681614403167455
YNL166C,0.801625920118202,0.8105536878070769,0.8034392857437304,0.7064372031589843,0.7764345917042438,0.6247591053382192,0.021820877200547397,0.02132420359697393,0.021720914364370705,0.026544848493096587,0.023164986217447132,0.03001130109035665,8,9,0.002442376558587798,0.0494204062972756
YNL136W,0.5606265530647683,0.45923006631714314,0.5480615410950023,0.47500264123251834,0.4743482817157837,0.4692266225495423,0.03321509862301551,0.03684893252171991,0.0336866863421983,0.03630757155313387,0.03633019148264424,0.03650675307622151,7,10,0.002554997168803871,0.05054697981881678
YOR142W,0.5248061733456089,0.5835256547914454,0.5456441170711677,0.507250013972901,0.48048641564835437,0.3460265935662653,0.34133203373399323,0.3195477621146149,0.33376418413090153,0.347580147911673,0.35689470724667277,0.40042547323611355,7,9,0.24948040743743713,0.4994801371800856
YDL148C,0.6912439596161817,0.3798418674768077,0.6015153357533007,0.40265342126726344,0.19900672635782302,0.2433263163950744,0.030407544978818892,0.04309479787310547,0.03454454148010388,0.04229478452870104,0.048976535527356216,0.04760230047912153,8,7,0.003047196008793152,0.05520141310503882
YDR536W,0.750072173352955,0.6815719534455766,0.714956768882604,0.6170156255438775,0.7083495588554106,0.6256446486320649,0.028760846782173378,0.03246384965969904,0.030714944034814753,0.035602860273008685,0.031068885960738802,0.03519949112838878,7,10,0.003367765644203429,0.05803245337053595
YDR146C,0.805629143656936,0.7650204137947139,0.8129803647152499,0.5817518339499933,0.7302358241738376,0.5777428746870102,0.024637611635601367,0.02708931968784004,0.024167216571053658,0.0361409907382339,0.029025196523704347,0.036313785544865716,8,9,0.0031777461417373002,0.05637150114851742
YNL326C,0.8328810018491299,0.8555171114195984,0.7704072599268574,0.6934077616597727,0.8041768010047452,-0.3183618666182866,0.02169517318771494,0.020172439307154788,0.025429000199311956,0.02938534457641055,0.023484552015185064,0.060935099685984075,7,10,0.002865850670907435,0.05353364055346353
YKR013W,0.4923935076555721,0.515834487934088,0.4806509697057295,0.5296847611725812,0.5204714481209456,-0.01053315795157439,0.22530984560426334,0.22004601665839713,0.22790100924563655,0.21687580853962174,0.21898976690629487,0.3179009824338489,7,9,0.10176215835257162,0.31900181559447527
YDR458C,0.7431447757961337,0.7226435403076763,0.7120192582951912,0.5709492771650816,0.7047939686707139,0.545673215018829,0.02391837530688158,0.02485459078223131,0.02532615132568963,0.030913045528767096,0.025641893239943026,0.03181058422348869,7,10,0.0022663557752696448,0.04760625773225244
YGL078C,0.774425595101753,-0.20461863652095214,0.7723167719846982,0.2457379290020162,0.31700954635736533,0.3322995198012306,0.037702542021820856,0.08712654880722943,0.03787836656200618,0.06894247290894089,0.06560441077687848,0.06486591771357143,8,8,0.006412163430323557,0.08007598535343513
YDL123W,0.714739591700414,0.5844989111028217,0.6926452882714507,0.3897951747615602,0.7409276722502943,0.5738742346787189,0.08865536328924127,0.1069966910876373,0.09202465578264864,0.12966479650689314,0.08448795098438192,0.10835604905943683,6,10,0.028036362458166243,0.1674406236794591
YDR003W,0.633137224695235,0.34705085138714076,0.6089786741317151,0.4030154663496692,0.6654824321256554,0.482647477069142,0.03213148281628114,0.04286655913093862,0.03317257360641382,0.040988354561818235,0.030682335163350526,0.038156824987500726,7,9,0.002863591250170538,0.05351253358018603
YLR388W,0.9176469917844754,0.7068593680060211,0.8800927060384124,0.40917435169666183,0.8922799333741691,0.8421614407864509,0.624037257000932,1.177358694236182,0.7529975901544415,1.6714771941063598,0.7137055795659427,0.863927581244254,6,10,4.811657526092271,2.193549070819313
YDR226W,0.845836613334467,0.8500450588415825,0.760860385124797,0.7282275306374564,0.8646700870206727,0.6973400165771939,0.14049243731563452,0.1385615446387135,0.17497986955959918,0.18653702921911655,0.1316313171353992,0.19685199824560343,5,10,0.1302800118175707,0.36094322519971295
YJL131C,0.7473123661703415,0.7672861671448764,0.6827349524615265,0.6922740943836166,0.6283167076942685,0.5503234728699211,0.026565101159782934,0.025493565479131702,0.029766693411960567,0.02931578371600502,0.032218550618707285,0.035438031415742914,7,9,0.002841790756421487,0.05330844920293112
YPL018W,0.6579691515734778,0.6248145054373566,0.6569214315927949,0.6091382562347323,0.627626738780731,0.5691726753032023,0.04139106006247012,0.04335078139723755,0.041454406806481804,0.04424716939485797,0.04318800614848488,0.04645425830071233,7,10,0.005096839509551733,0.07139215299703275
YPL140C,0.7868493200914313,0.7952103808365432,0.7596323066643957,0.5893597309412055,0.7659394150992684,0.633196868029914,0.0255286526063911,0.02502294961999809,0.027109566954273447,0.03543360179612885,0.026751533058979857,0.03348891290408803,7,10,0.0031111589691605675,0.05577776411044608
YPL215W,0.6362130103237811,0.6890084027468916,0.606117703459885,0.46110752236983565,0.6022131371128177,0.3354346295701959,0.02398649990883324,0.022177757304099446,0.024958962575886184,0.029194050828236295,0.025082366953306977,0.032419935962241096,8,9,0.0016093100972495002,0.040116207413581614
YDL019C,0.7236771746667634,0.3979715532646114,0.6182515716551331,0.5390519183354224,0.7114407261442235,0.6951672492622678,0.03789646015036785,0.05593694853251321,0.044542941524318695,0.04894589459805354,0.03872645849498336,0.03980348305398762,8,8,0.00528851410825558,0.07272217067893105
YDR256C,0.6763712716112912,0.5994684718155664,0.6210098275765843,0.6136509284098064,0.7547731779502325,0.5027524102161159,0.09296304368424167,0.1034201479783875,0.1006006473277225,0.10157263931090076,0.08092277852091703,0.11523201186091436,7,9,0.02717232121694927,0.16484029002931677
YDR244W,0.8484267139175281,0.8255398078805625,0.8389688041489686,0.8154140087415203,0.835223490603592,0.7733496302349879,0.026025958561334446,0.027921810422712818,0.026825659635234828,0.028720683423776275,0.02713582627348243,0.03182538138881305,6,10,0.004547198779476976,0.06743292059133266
YHL028W,0.14063905108978947,0.14795230926606284,0.17662872253436146,0.4476989203512367,0.19344870480755139,-0.00827229213275249,0.15809906956969183,0.1574249117977563,0.1547531020441929,0.1267445964249146,0.15316428336550994,0.17124993807913608,6,7,0.029596213492497636,0.17203550067499915
YER126C,0.7166215049164423,0.3862924588439083,0.7275218295422312,0.32870126598623106,0.43664186770397884,0.47961907442785645,0.04557016266712656,0.06706221041759923,0.04468512645979694,0.07013826976848155,0.06425240941338474,0.06175296557745359,6,9,0.007456712623064151,0.08635225893434492
YER167W,0.7523535965630695,0.682712206770296,0.7361474878730292,0.500912538523953,0.7701675625843707,0.6726969244642718,0.02881555551463226,0.03261652327291438,0.029743467727799525,0.04090715850185901,0.027759819973201715,0.03312729895648887,7,9,0.0034117335456537263,0.058410046615746905
YBL019W,0.789812355381609,0.7662432052951473,0.7514032914467874,0.5377740331165601,0.7915738418360923,0.6521657645128635,0.026219479619868858,0.027650475106070282,0.028514657753612595,0.03888191495501719,0.026109381735044932,0.03372924645821268,7,10,0.0033280825524343947,0.057689535900667416
YKR056W,0.6841769139444223,0.5526490478549426,0.6340785546201612,0.492211433204763,0.40657235713518736,0.3406559094388548,0.02725593131100665,0.03243868740326865,0.02933817001413536,0.03456054231707632,0.037361385741453285,0.03938176249411399,8,8,0.002393488345437096,0.04892329041915615
YCL061C,0.8096161259320127,0.7806020127803872,0.8195675505387974,0.6111026961212565,0.8531703046184681,0.6697799005472118,0.023880596443337326,0.025635772514159556,0.023248097164209364,0.03413088549162718,0.0209718642798513,0.031450810475936467,7,10,0.0030479884509713247,0.055208590372978414
YMR041C,0.6446106146166536,0.41554883174525836,0.6298372706831692,0.4835923022154496,0.6195641739665806,0.47884782263482917,0.04701416633116285,0.060290742009839846,0.04798139359179847,0.05667256470772349,0.04864264894361468,0.056932308183841186,7,9,0.006328578398293245,0.07955236261917835
YGR118W,0.9001694137444209,0.8722997459127648,0.8725150383942637,0.7520167066581044,0.8861213964272558,0.8786657182345141,0.377569300798685,0.4270323197129104,0.4266721965843291,0.5950809896549515,0.40326072949914443,0.41625228135963777,6,9,1.4530577252070567,1.205428440516921
YLR205C,0.5195611604657915,0.5868036225162708,0.48010880378356824,0.47908452210076513,0.46217392057799034,0.39244510048638503,0.13719283850405492,0.12723032593386358,0.14271467033438262,0.1428551882871608,0.14515543975209214,0.1542784087361404,9,8,0.039863728102399944,0.19965902960397244
YPR110C,0.8610973478197874,0.3755205700445966,0.7996264250302483,0.49733036395043295,0.7861870717926622,0.5357865567322031,0.04225598979643829,0.0895967133109938,0.050752008411746624,0.08038487413061866,0.05242639442668086,0.07724882219227464,7,8,0.013080343761358198,0.11436933051022988
YMR183C,0.825880151700063,0.7274777132059072,0.7105560438258492,0.5144597946068038,0.7946359137333796,0.2749535516011534,0.044071514170676805,0.05513594773574017,0.056821942276469854,0.07359468159405792,0.04786257726265855,0.08993251660965988,7,9,0.011350651809315769,0.10653943781208801
YNL239W,0.6856987589684536,0.7144432444734731,0.6793287906869324,0.6409288231657482,0.703194216705874,0.612001226375021,0.10653599846032233,0.10154757389116506,0.10761016996324003,0.1138711233613371,0.10352840234678963,0.11836914454716413,8,7,0.03674513124872148,0.19169019601617993
YBL097W,0.8587129480679349,0.8886620731003523,0.8142274267872126,0.8262059175926514,0.807458318596629,0.7198737808056278,0.023081641018874225,0.020489769173685987,0.026467096388933402,0.025599589017060557,0.0269449809363895,0.032500674974670914,7,9,0.0038369323241882773,0.06194297639109923
YBR186W,0.7866522315756053,0.7210115709788303,0.6196730206448127,0.6046556401369401,0.6287920282957736,0.8015298976496804,0.049985934804879166,0.057160610924043447,0.06673940541887279,0.06804426696274199,0.06593445385201947,0.04821157427708144,6,9,0.011916827974843319,0.10916422479385506
YCR069W,0.7091777260542526,0.3109823374981925,0.6711067176288987,0.24966992670144483,0.7437359409994981,0.4785295743111935,0.06555074037850403,0.1008971608569171,0.06970938799572994,0.10529068352368001,0.06153293331952981,0.0877765707706022,7,9,0.015034212158955399,0.12261407814339836
YGL127C,0.7491665749809935,0.7942406341843403,0.7383431900322159,0.5024050727447742,0.7006059232955112,0.46408475066840094,0.04570653040410106,0.041396665232250024,0.04668222764723261,0.06437593104227701,0.04993524130915339,0.06680879035474573,6,7,0.008474698175360701,0.09205812389659426
YKL038W,0.7699435272697881,0.628115217072637,0.7306565486032732,0.5013485276199114,0.786512979545226,0.6434619473707726,0.027673193859027268,0.03518408498359589,0.029942997049298124,0.04074183728142372,0.026658014205744315,0.034450458087700545,7,9,0.0033871720108561475,0.05819941589789495
YEL047C,0.6544114050521955,0.6109651332612278,0.5810968854429045,0.5002681506787319,0.6152865306122802,0.48721326191570624,0.06267791891431167,0.06650114616115217,0.06900676400591817,0.07537084460889039,0.06613076754875141,0.07634898359320419,8,9,0.011567056922692135,0.10755025301082344
YMR022W,0.7357994470009495,0.7484137759245503,0.6842729077417142,0.4899572838599957,0.7443815059697463,0.5691364179070093,0.04886920986204994,0.04768830479894481,0.053422521317212514,0.06790030592444772,0.04806894516890713,0.06240772482360991,8,9,0.009197928940061509,0.09590583371235302
YDR031W,0.6825203339058774,0.6851939788119656,0.6540952606465857,0.5548316681170499,0.7006896436298345,-0.1979836398416952,0.030613513690361447,0.030484335782713586,0.03195460678580081,0.03625077974817479,0.029724605095190284,0.05946763472038782,7,10,0.0030037485967624247,0.054806464917584535
YIL119C,0.8660068841003479,0.8843271542430732,0.8809928191533668,0.794342067891777,0.83614461394078,0.6149816723505623,0.02578754843978939,0.023959873656531076,0.024302748761658038,0.03194784332133681,0.02851669392918936,0.043712889513895535,7,9,0.005049992870972481,0.07106330185807919
YNL225C,0.22840443269721333,0.101038693470624,0.31429203218912005,0.18308044477952878,0.3730173338857289,-0.09753728010305251,0.10448844858016511,0.11278307165029004,0.09850153919344463,0.10751351606329936,0.09418921687991055,0.12461865491662187,7,7,0.014397927279432583,0.11999136335350383
YDR108W,0.8155946665107696,0.8296239620412069,0.7750984329461961,0.4526648204429973,0.7727954423554164,0.6479204522097206,0.024938756653640835,0.023971340225790397,0.027541291338896597,0.042964992476060705,0.02768194350916958,0.03445945920173341,6,10,0.003431857567807904,0.05858205841217859
YDR202C,0.8451229762170391,0.883500292195154,0.8548018441291211,0.662732054552608,0.7884953167616673,0.790841229385781,0.025170968711867987,0.02183075977408944,0.02437176505749203,0.03714445291116095,0.029414835686145405,0.02925125291393946,5,9,0.004162612683237944,0.06451831277426545
YHL001W,0.9085469215100193,0.8631717708621679,0.9191946987712418,0.8341039480637188,0.9233616734003132,0.9043527238813553,0.0882093762156322,0.10789552670326358,0.08291545973466531,0.11880469715757867,0.08074926778749081,0.09020941979437416,6,11,0.08657336741723222,0.2942335253114985
YNR033W,0.7728608721924218,0.6839446191790546,0.6908228452048244,0.48235231864060735,0.7690985490579816,0.588727788865405,0.026999193321044387,0.031848311031478324,0.031499851745488916,0.04075885245664253,0.027221881719684544,0.03633034271240952,7,9,0.0032655982992457317,0.057145413632641875
YBR069C,0.36599654141975635,0.21251141517144334,0.3303903982657006,0.24615725795571708,0.35861616782056405,0.2659250762264158,0.15178026253078195,0.16915764088081264,0.15598409675050293,0.16550452230002358,0.15266113616354815,0.16332011630020093,8,8,0.03697363164811163,0.19228528713375764
YBL004W,0.7846586727071507,0.1777646439788475,0.7211472873733289,0.13991655092545185,0.29998603326384465,0.420976142429601,0.034453259806829256,0.06732319215763945,0.03920613789852702,0.06885522813288046,0.062118359657194665,0.05649562994136148,8,7,0.0056090122761941015,0.0748933393313057
YDL021W,0.8135188620849049,0.6472260275963282,0.7894004607515368,0.6807797948343463,0.780762354477457,0.6846239982294419,0.037607578469329536,0.05172567690986709,0.03996562632032594,0.049204304928199,0.040777019580621056,0.04890713659296807,6,8,0.007717363700710873,0.0878485270264156
YJR095W,0.6958669441466483,0.747665539991558,0.7307434784278561,0.6573053359294188,0.7698589785403771,0.6835545353089647,0.11363289501176822,0.10350481189246959,0.10691911958940702,0.12062183460449191,0.09884831637503827,0.11591021097815885,6,8,0.043201383474261626,0.2078494250034424
YGR009C,0.7726122285607465,0.7677982004650123,0.708397740505852,0.6900893031006744,0.7120684656556984,0.6995926284790768,0.024343399531784476,0.02459973704744064,0.02756722917473252,0.02841946889851009,0.027393169832124257,0.027980338678522117,7,9,0.002651847139743379,0.051496088586837144
YLR351C,0.511710680818688,0.5591083827385336,0.43726326074349975,0.2717886974059295,0.5524289311500078,0.5836736819174485,0.0410653899103351,0.03902143705223991,0.044084911501699076,0.0501494351871783,0.03931591082398604,0.037918772612275296,9,8,0.0035142108456219815,0.059280779731899456
YDR214W,0.8174978505694154,0.40239641717520236,0.6996797261115978,0.614278828616749,0.7376738822990426,0.6425225108098457,0.11130921579788944,0.20142052677503833,0.14278725901743047,0.1618206233028908,0.13344979074870944,0.1557835084977518,8,9,0.06907921603783142,0.2628292526295949
YNL138W,0.5618183302547533,0.3905592324015046,0.47177104789639546,0.32919853166981417,0.6221552944140152,0.5424160342958262,0.05262584264305113,0.06206370685832823,0.05778073478567995,0.06511318841938618,0.04886845743192224,0.053778335816697165,9,8,0.006431274662661319,0.08019522842826322
YNR046W,0.8721764933721186,0.616716036160174,0.8309874755159482,0.3507054210881926,0.84541736736868,0.6548202586397815,0.03212547249791455,0.05562941396076413,0.03694057103179294,0.07240441494328467,0.035328443997365004,0.052791841284331925,6,9,0.008215641088242161,0.09064017369931592
YPL137C,0.806989920930976,0.6925816922505887,0.7863207378154876,0.6898575666820255,0.7799872680356785,0.6927150662979991,0.025338179126678486,0.031977924403415056,0.026660395970373167,0.032119294888715295,0.027052618908223615,0.0319709868076445,7,8,0.003384729396774659,0.05817842724562653
YOL017W,0.8473336105660286,0.8032463754113529,0.8663385623283717,0.7958634123202282,0.8471008771586781,0.761080005628662,0.023702589505441546,0.0269082496752152,0.02217824322356405,0.02740845172298405,0.023720649419174934,0.02965174972657471,7,10,0.0037445643104888006,0.06119284525570617
YJL031C,0.7106836154197544,0.8270593881500455,0.7690166256481845,0.6189192356523114,0.7403499621931404,0.41732274562252747,0.032370553042525584,0.02502719054750124,0.028923707794125262,0.03715113774107388,0.030666047193217208,0.04593858745866278,6,8,0.0036853636429984207,0.0607071959737758
YBR213W,0.8445867733905541,0.8925795479428146,0.7483984533616646,0.6731614708499847,0.743001907412777,0.9073789242605207,0.08406503751076234,0.06988997906309667,0.10696164556482846,0.12190963928067149,0.10810265803837506,0.06489725579946702,7,7,0.04626962534633342,0.21510375484015481
YJR155W,0.6673997169383972,0.31025920157370057,0.581806157213672,0.2713483966721476,0.7011517721885614,0.16763754591741553,0.045127250383186476,0.06498610727170306,0.05060184855666447,0.0667940116243673,0.04277626955191888,0.0713894122425828,8,8,0.00623029009356523,0.07893218667669881
YEL070W,0.8658085527989131,0.8504996152601112,0.8501150717055299,0.8682683174199635,0.7832585559807106,0.6824879588234186,0.02587841497330227,0.027314698401931743,0.02734980515276621,0.02564013892138513,0.03288866427858031,0.039806624709461495,7,10,0.005078128036789631,0.07126098537621853
YDR324C,0.7015861590830861,0.13967585373311975,0.7603644609393976,0.235412324770219,0.33718774748873737,0.29027181965645,0.03159866305848172,0.05365253947994382,0.0283161914432614,0.05057930683695199,0.04709279757465325,0.04873099191544506,8,7,0.003404643089345494,0.05834931952769881
YBR223C,0.8099606572261298,0.8098052143546335,0.8046570286215209,0.6727499829726383,0.7978633012661575,0.6662422025474909,0.027835291276421075,0.027846672901737052,0.028221032904271286,0.03652698693263994,0.028707580719695744,0.03688839169326558,7,10,0.004148596136727946,0.06440959661982014
YNL287W,0.9252796934690871,0.8969502896336505,0.7369940314725785,0.6296905882025308,0.9418643070199338,0.7978444279894739,0.0381643524942991,0.044818979504344554,0.07160137759734525,0.08496126129521571,0.033663556984689674,0.06277423576161764,5,8,0.019834912542530524,0.14083647447494035
YOL063C,0.7781580629414004,0.7648005189171725,0.7495184819010647,0.39265033813451067,0.7544915708466222,0.6035120183885372,0.027328934850687225,0.028139673921449202,0.02903947257877805,0.04521892962718307,0.028749750808216207,0.03653557062605594,7,10,0.00342574395327069,0.05852985523022153
YAR015W,0.6763891591485588,0.5677864211141535,0.638597667601345,0.33246122804368217,0.6403266264854504,0.24038342933235335,0.13431713735982187,0.1552276561272554,0.14194345494902283,0.19291151161166045,0.14160351716087097,0.20578660927583786,7,8,0.056727406753625496,0.23817515981652138
YBR201W,0.7755933878367175,0.885435216689527,0.7561017119775754,0.6618393399074349,0.7432771173307857,0.3251133412500643,0.03682114039790142,0.026309038675724785,0.03838696584999038,0.04520026194700918,0.03938326345955749,0.06385498862944626,8,8,0.006147689982526939,0.07840720619003676
YNL221C,0.7876589417676974,0.718884074045453,0.7067724769188153,0.5703820900201964,0.7073510882522922,0.5432546864234513,0.023149999087537194,0.026636472775021063,0.02720422483282942,0.03292874497003981,0.027177371204997632,0.03395244383983362,7,10,0.002568154320574286,0.05067696045121773
YMR083W,0.6831781761136388,0.4884759561483931,0.6376604972540307,0.6325388953755664,0.693690186865226,0.3679525705942597,0.09408372546907419,0.11954735926306952,0.10061547992972013,0.10132407535270432,0.09250973060892889,0.13288678541011867,7,7,0.028429358500799674,0.1686100782895248
YDR435C,0.8391289136768035,0.8540351135949907,0.8244463601843903,0.7228215302961105,0.8259118098248712,0.13402280118638998,0.023880926378061607,0.02274764119047551,0.024946929034287343,0.03134670658880428,0.024842587472085533,0.05540709760624078,6,10,0.0036072603058625316,0.060060472074922384
YNL119W,0.7175203296038781,0.6502507977057572,0.7343606555159248,0.5590844778532044,0.6159073327266541,0.4333889665831926,0.027302365566582144,0.030379809397645348,0.02647603084625732,0.03411020838093832,0.03183645379786312,0.03866777581685186,8,9,0.0026851372832866023,0.05181831030906549
YPR013C,0.9181892933349756,0.8617538969359706,0.9115752430707899,0.7573043825018406,0.8108172156216849,0.6241455333552374,0.01886054593639285,0.024517469103202582,0.019608127624187184,0.03248479681347706,0.028680716336881674,0.040425839323043375,7,10,0.0044243707567705225,0.06651594362835517
YDR240C,0.8346804689480294,0.82680933093067,0.7217071001583344,0.6346265290066586,0.7797285135206746,0.6516176400997671,0.024200762271477463,0.024770182603691872,0.03139915974278436,0.03597787169415561,0.02793483461324192,0.035131366396346314,8,10,0.003604848888486283,0.060040393806888734
YER166W,0.7757465733338678,0.7943158009540245,0.6805363983939663,0.5433805090394026,0.6561911447082451,0.6971371130689235,0.047917185800125744,0.045890440318113485,0.05719162699810432,0.06837525871656713,0.05933081157688456,0.055685841732983535,7,9,0.010418295167840087,0.1020700502980188
YDR530C,0.7149485809564021,0.6200973376745396,0.6976430159675888,0.7121015363074656,0.641197759874705,0.7087678449616335,0.025951740655380723,0.029959948145644885,0.02672790328621474,0.026081019419614326,0.029116050350697704,0.026231586078744373,5,9,0.002404157499922425,0.0490322088011791
YBR183W,0.6806941998962782,0.18449929059088965,0.6073037370960757,0.2609946672814889,0.6270240533275211,0.3812057426658493,0.06280105010670123,0.1003634712069587,0.06964531165459444,0.09554045123972191,0.06787407350798687,0.08742520096285879,6,8,0.012568404277586095,0.11210889473001727
YER055C,0.9042751432377867,0.8756010874557918,0.8587133701431736,0.7422223591532868,0.8489714191896819,0.5043290732492067,0.09321702926957022,0.10626523027622634,0.11324875301429958,0.15296973632666405,0.11708802119734944,0.2121190233835009,6,10,0.09236744471744675,0.30392012884546943
YFL007W,0.8500385922075622,0.7573016709444357,0.8497145184514538,0.766156464293365,0.8760341526697367,0.7234746348768986,0.038221709046183244,0.04862434240157164,0.03826298622603226,0.04772907659806753,0.034751325510873454,0.05190244716582499,7,8,0.009912742698642799,0.09956275758858228
YOR163W,0.7601156846305388,0.854087948528066,0.7614775677385882,0.7737266525196365,0.7607866179901897,0.7408423021149589,0.060193475057348365,0.046945511119725884,0.06002236516538196,0.05846085880449455,0.0601092384353046,0.06256487003570822,6,8,0.01536915950991045,0.12397241431024263
YDR321W,0.8954889150076469,0.7115997813692632,0.87896899556882,0.6154024267319576,0.882700318939651,0.6855778948529629,0.024230591851851162,0.04025136722268248,0.026075411018026986,0.0464821399397953,0.025670318650048044,0.042028063484104684,7,8,0.005716350185794717,0.07560654856422634
YJL062W-A,0.5783765908556966,0.29428614016950394,0.3751669690013377,0.10857259178265821,0.5196173137852239,0.1784345351969976,0.08319220786505536,0.1076303161538876,0.10127500714953132,0.12096598998379629,0.08880020445924149,0.1161291855172093,7,9,0.016702970843749266,0.12923997386160857
YOR161C,0.6481138246841094,0.5306422431214537,0.7474925795880765,0.4625989011885445,0.6384761161937256,0.46327554117665015,0.1480964756865128,0.17103918598007503,0.12545289673576476,0.18301761695258625,0.15011086172765264,0.1829023622166961,8,8,0.06342206525256022,0.2518373785849913
YJL026W,0.8060234916892853,0.8855501869693949,0.7830338848715908,0.8150049743027236,0.7997068005524972,0.8670319078449664,0.2214245323697628,0.17008213983998863,0.2341785560548824,0.21623759019919112,0.22500090729905542,0.18332634761630304,6,7,0.2571908256752296,0.5071398482423064
YGL094C,0.7074447375554938,0.6426289995140075,0.6375704215888963,0.46800941164688126,0.641617023630872,0.6399872908681812,0.025881607990720024,0.02860532930327775,0.028807071771454126,0.03490111262925186,0.028645801864277193,0.028710860824468713,7,10,0.002329848777198282,0.0482685070951887
YLR249W,0.9094293046287109,0.7351920719858228,0.8992469144330876,0.7305949530696302,0.9029795144674253,0.6696467886870804,0.6437427266189559,1.10073804086219,0.6789654289336143,1.1102514468004068,0.6662699188874607,1.2294411654643929,7,8,4.655754868692772,2.157719830907797
YDL134C,-0.07417208159870858,-0.3501132326004799,-0.09914419388918527,-0.029977153245170474,-0.04561296183015373,-0.03890425228395733,0.04577655161023805,0.0513205427148672,0.04630559601585523,0.04482496293817114,0.04516391928840146,0.04501879905959376,6,10,0.0019850224589509596,0.04455359086483333
YLR448W,0.9189036276310134,0.8580876523319239,0.8908370972687618,0.7852757097426369,0.9296682563823537,0.8904537646375505,0.1773922666429196,0.23466269902982115,0.20581238570004715,0.28865199079925136,0.16519985481608299,0.20617343080709566,6,9,0.39483993907651577,0.6283629039627624
YNL223W,0.4279602356157095,0.511740570341072,0.40517911129314765,0.41895926401878814,0.44347249914716436,0.36577974388738776,0.09133165004109159,0.08437883290288434,0.09313250836672432,0.09204739134774839,0.09008479805005577,0.09616748284774974,6,8,0.01483780046752727,0.12181051049694878
YLR084C,0.6075862323902166,0.6082664023469425,0.638908358982375,0.5825852965656928,0.44627465897377194,0.5528874081746447,0.03796010951870256,0.03792719716185719,0.03641363681134614,0.03915067104373744,0.045092315647107334,0.04051947308898911,7,9,0.0037364899237468793,0.06112683472704013
YKR054C,0.7548757979300916,0.7771500129833359,0.7257248230733062,0.4646449622628389,0.7515645454786981,0.643832479092757,0.026901451879850782,0.025650092152201827,0.02845613254731598,0.0397560813004833,0.027082541073507584,0.032427224618692456,7,10,0.0030041276614636513,0.05480992302004858
YLR451W,0.7890615433426199,0.8075159169374896,0.758863696181886,0.6851926433741171,0.7088095299943916,0.6220847923632373,0.023325776049008918,0.022282074956057336,0.024939602053153563,0.028495787002760908,0.027406072247794504,0.031221617864673677,6,9,0.0026246389953421346,0.05123123066394301
YCR005C,0.5020675212306064,0.2610666598910548,0.4361178860403149,-0.310628912167511,0.37427444606221183,0.3215818047711575,0.9012076836972152,1.0978481878779998,0.9590335887193526,1.4621082593724493,1.0102563852903703,1.0519337810396945,6,9,1.6597109320540209,1.2882976876692829
YAL005C,0.8169245189263912,0.38088428962982246,0.7312647045735478,0.6137831868390945,0.7122696769294079,0.4288246605589793,0.4937412070375292,0.9079672724152623,0.5982003150203006,0.7171332686507895,0.6189806875723834,0.872105462304726,8,9,1.3549451124521135,1.1640210962229651
YER172C,0.8398735254079752,0.77527281658714,0.8039862892325529,0.5485150040921832,0.8174187937763908,0.5634472160577411,0.022489339774023315,0.026642375142493367,0.024882176137152632,0.03776302672025007,0.02401447910207657,0.03713329740281941,6,8,0.003213981758830796,0.05669199025286373
YPR026W,0.7019969757034576,0.5883127493024864,0.6660339947078273,0.47827058931710864,0.7519266070858154,0.4729838488116548,0.05307519436122664,0.06238281472913239,0.056186552879388556,0.07022696777593573,0.048425191934188414,0.07058187967914514,7,8,0.009618683902040766,0.09807488925326792
YGR147C,0.7472563409469763,0.4927643294292645,0.7014949714102814,0.3898939559491833,0.6728643764522784,0.2683328857085905,0.029264984870884206,0.0414584501884536,0.03180416481816681,0.04546852158684964,0.03329446872391488,0.049792615266112755,7,9,0.0034480176251634833,0.05871982310228364
YOR214C,-0.017518163789756125,0.24305091190058348,0.06601711597982551,0.4163881959363922,0.14428367079673443,0.34264993839585767,4.886232845909427,4.214406358558963,4.681365306111264,3.7005400354488165,4.480928180925301,3.9273664650720432,5,7,23.87587435777614,4.886294542675067
YEL036C,0.7872470806704874,0.6601007407708206,0.8047680751344564,0.6105672924193695,0.7587823122098375,0.04861161399135305,0.026945830320879972,0.034058766543362866,0.025812449821304703,0.036456084207632716,0.02869183877261727,0.0569813493564648,6,9,0.003472647898467161,0.05892917697089584
YER004W,0.6109549694052365,0.6588201905059662,0.5871221076214826,0.6712661356396264,0.5221470761064708,0.5093000744307933,0.16171672160937606,0.15144211058655285,0.16659647461272578,0.1486542105636664,0.17922645561446246,0.18161971441974198,7,9,0.06840110578937245,0.2615360506495662
YHR012W,0.46570352819534044,0.2127564181215148,0.46022403796237943,0.4323371593955323,0.46054917901674597,0.35447013221331325,0.033771132425073805,0.040992936985131276,0.03394386102689472,0.034809653770994944,0.03393363622434532,0.03712039947295097,9,9,0.002172011293764779,0.04660484195622574
YKL013C,0.8320130441594882,0.7881153430274759,0.8271362939434348,0.4341809526779946,0.8368640436553548,0.7966464357582379,0.04961105443887857,0.05571734741843979,0.05032602018372815,0.09104989707166038,0.04888949195461859,0.054584152549193375,7,7,0.014908518655554192,0.12210044494412865
YDR332W,0.7788733143241122,0.784893307530884,0.7455977988906699,0.6477298103520355,0.7483169759170674,0.5989854538311787,0.026474328371193626,0.02611147073322465,0.028396499392088496,0.03341506571609485,0.02824433375262982,0.035652044185601056,8,10,0.0032252388598665214,0.05679118646292329
YJL065C,0.7169072941012407,0.7419929790837256,0.6341356529181514,0.5300266822257542,0.662963172313789,0.5945557815696427,0.024987935460816218,0.02385513056389987,0.028407046416114207,0.03219605323447872,0.027264950589791098,0.029904158898119617,8,9,0.002244322221167682,0.04737427805431637
YDR329C,0.7003719788665359,0.5763766089513739,0.630444402806275,0.37457739286219327,0.6384367394885091,0.5721652542352453,0.027419444563375642,0.032602988154764416,0.030451404776677213,0.03961450447252531,0.03012032038487559,0.03276464494189972,7,10,0.002553218707799277,0.05052938459747236
YHR029C,0.6898163101883089,0.5084680722717612,0.6164790796761419,0.4715788844810709,0.6910164947776112,0.4116894613826263,0.027058693120547768,0.03406224001122836,0.030087899358310084,0.03531729395167867,0.02700629368348532,0.03726495939728069,6,9,0.00240186069091497,0.04900878177342271
YPL227C,0.7881837610054423,0.5205678322392147,0.7889535922767104,0.6309211087994413,0.7561709868656069,-0.027133262544998704,0.01903735514830746,0.02864115783678363,0.01900272869147419,0.025129658644586564,0.02042535794706717,0.041921844474835546,7,9,0.0017410334261417438,0.0417256926382504
YLL001W,0.7529271011886679,0.6997950484256701,0.7575973459834087,0.6019343083327495,0.7103431012763177,0.7161784017412467,0.03055434515126177,0.03367978810671249,0.030264193857339375,0.0387826784163742,0.033082807900812236,0.03274787662639712,7,9,0.003844802073765539,0.06200646799943969
YBR227C,0.7764054537132223,0.7529606079213143,0.7231730275877672,0.6577609185685728,0.7069544263374096,-0.055489074941845073,0.02511843138281593,0.026402497883011574,0.027948989659050356,0.031076114454157925,0.028756067506101806,0.05457437650233778,8,10,0.0028712893553247214,0.05358441336176707
YNL086W,0.7994865291717014,0.8453418589115032,0.8268010836182984,0.7541237668054164,0.7554271991817957,0.7282049834224387,0.028319928799709126,0.024871774573190734,0.026320429091188643,0.03136018784659707,0.03127695450550986,0.032971683675885204,7,10,0.004069995205409191,0.06379651405374115
YJL121C,-0.008850192390772449,-0.17889538838730967,-0.08945664966027089,-0.29463520104170526,0.12912699734399224,0.09210665766578452,0.0651657728084919,0.0704439733019797,0.06771910136944098,0.07382099848070299,0.060545744399880023,0.061819234805416255,8,8,0.00428317241329637,0.06544595032006464
YKL218C,0.6910058050926827,0.5108156282581553,0.7089182662466622,0.4312699853000843,0.6033562931553955,0.39010866262122657,0.041622972122744815,0.05237140376598079,0.0403985152964789,0.056469117718468444,0.047158307721821384,0.058476875603559304,6,9,0.005705175306322438,0.0755326108798209
YLR244C,0.08784932756154462,-0.1489645399589321,0.09377563063238104,0.13644739289171015,0.06342828953852087,0.08764249174272332,0.0663835265041509,0.074504128877624,0.06616752601538789,0.06459091373178698,0.06726630099329244,0.06639105251558483,8,8,0.004915947032066891,0.07011381484462881
YNL016W,0.5846261548339531,0.6482692504155505,0.5676840224201932,0.6581734985283154,0.46127522706406743,0.4116180131532756,0.0852646409404023,0.07846113078316894,0.08698613556733199,0.07734856468818004,0.09710304915332164,0.10147967749024467,7,9,0.01780950817060304,0.13345226925984827
YGR024C,0.7277785282221909,0.7494890311979245,0.6963783989551932,0.6869273326722602,0.7417171945341918,0.3670892215746505,0.023190509222820035,0.022246539726731258,0.024491502517216393,0.024869764506928994,0.022588991592337068,0.03536065834485649,8,9,0.00201025583034292,0.04483587659835503
YJR069C,0.7737809989747237,0.5367068352048784,0.7214283577141309,0.24367566227361415,0.7518357554284286,0.5468760736884763,0.02533852602024368,0.03626141557093688,0.028118053950212957,0.046330911610122975,0.026539113508355642,0.0358612402176169,8,9,0.0028879306042889816,0.05373946970606411
YDR281C,0.10543527672261299,0.09107288591009544,0.13325621771327034,0.20502298540287445,0.21649405460816384,0.011574842375656091,0.174155919595089,0.17554840435738542,0.17142640762140401,0.1641759896126554,0.16298720225765334,0.18306454989162416,8,8,0.034499901212676126,0.1857414902833401
YKL207W,0.412931037298926,0.5481808728672446,0.4239118671557467,0.35398826858347443,0.5168804696037403,0.4324601079834691,0.032322655633952736,0.028355987816206792,0.032018939200880545,0.033906477773802374,0.02932174227612869,0.031780496043190894,8,9,0.0018108316969496375,0.04255386817845867
YLR150W,0.922918653463284,0.8393179818041718,0.7881204784359558,0.6843872259080966,0.9262264451225057,0.8601479736095876,0.35029864385563314,0.5057634588333542,0.5807755187795134,0.7088283773923317,0.3427000478980521,0.47184373322458506,5,9,1.6198722184421666,1.2727420078091893
YMR306W,0.7795568798029718,0.8671180341642761,0.7721644253177024,0.7722236689548847,0.8391060464166911,0.6734566658920189,0.07810279283595556,0.060638899550878096,0.07940156408384612,0.07939124009625985,0.06672493369428283,0.09505800610251215,7,8,0.02815721624004466,0.1678011210929315
YDR268W,0.7861798405803033,0.7875667315022228,0.8119545657781808,0.6576560372465472,0.769226745148821,0.6326251231745832,0.025816765439480683,0.025732902236674363,0.024210786670730552,0.032666969059500346,0.026820708259750425,0.033840146240807834,7,10,0.0031718171775782854,0.05631888828428954
YOR067C,0.7787081625215775,0.752655453471983,0.7396748938537665,0.6110222125234125,0.7564129425182002,0.6640601402353999,0.02496325274687255,0.02639183857139828,0.02707550112521521,0.03309640918323127,0.026190608034220093,0.03075737337275499,7,9,0.0028654318951314224,0.053529729077694974
YHL009C,0.8111380992000279,0.8088079999699674,0.7993391091538546,0.7497942855993887,0.8126986327287671,0.6307186343255033,0.02558330971407014,0.025740644014067785,0.02637035147614748,0.02944646476423755,0.025477395219411,0.035773649446883285,7,10,0.0035263242076655306,0.05938286122835048
YAL016W,0.9039005958057175,0.7438824150374703,0.8587168293941185,0.6716929077811855,0.9345246277151905,0.8870413459432746,0.03434554711571052,0.05606990114808879,0.041644275191620575,0.06348194489136012,0.0283497399594283,0.037236585110796395,6,8,0.012490312972577494,0.11176006877493183
YGR097W,0.7436618196677918,0.6696908773983667,0.721977107557837,0.5104199336118258,0.6912553440672711,0.5173209441859338,0.04067354866916115,0.04617061940064076,0.042358999654043814,0.05621047821624685,0.044638042488151064,0.05581290709240807,7,8,0.006566953955706059,0.08103674447869966
YBR118W,0.4854911201027924,0.5572786053514871,0.520301284700907,0.542763487870521,0.4878096200435359,0.38333774108300755,1.405688560354229,1.3039409610196646,1.3573034433977595,1.3251441534756911,1.4025178000180625,1.5389211129767035,7,9,3.9078553897681583,1.9768296309414624
YDL207W,0.7242720483664598,0.6452109425680252,0.5903918049886763,0.3056624276318425,0.6065791500650679,0.48208299291455836,0.022959919660188698,0.02604444308022742,0.02798428952183591,0.03643470857655138,0.027425758847601612,0.031467341476542114,7,9,0.0019454186346521656,0.04410690007983066
YFL029C,0.6471291902182839,0.7274836447584839,0.5818033226268288,0.6964523399795403,0.5788063681587903,0.6068106153555637,0.036152852051800806,0.031771007185847355,0.03935727178504775,0.03353112630396942,0.03949804452396608,0.03816239206326965,6,10,0.003768968707198171,0.06139192705232644
YGR032W,0.43377264250779735,0.26831670974664956,0.4891022468226882,0.2351591846961072,0.3682200386762262,0.3910055975238014,0.3241689280313012,0.36850003127159076,0.3079235868020025,0.37675713737520955,0.3424198116252022,0.33618831231399754,7,8,0.18884481232186437,0.4345627829461059
YLR170C,0.7499264137383321,0.6385162865816404,0.7592047793167287,0.6227644192605343,0.7096355776363261,0.5298606983353138,0.024061471725084545,0.028928948203720634,0.023610881838729086,0.029552525493022484,0.025927460274252103,0.032991461530542686,6,9,0.0023557526626422874,0.04853609649160393
YNL133C,0.7870450450161836,0.8140601900177278,0.7814477577142891,0.7446349501909937,0.7081165625627607,0.6362032832657717,0.027596283660821588,0.025786530734173137,0.027956600401166837,0.030219512534319894,0.03230810247356632,0.03606916704999269,7,10,0.0036388704068188336,0.06032305037727149
YGR181W,0.6547363361355959,0.18255462706242276,0.6629487657348905,0.30786192568447335,0.5626572551631734,0.3124944257767105,0.035855193420448815,0.05517038341407687,0.0354262018763645,0.050766006654812665,0.040354093449284714,0.05059583225792167,7,8,0.0037888411916374635,0.06155356359819847
YGL141W,0.6544646208425988,0.6774820080647446,0.5622356018849314,0.5107572584644516,0.6590142930636094,0.5532592937433976,0.04880366286017919,0.047150155711493814,0.05493212216710634,0.0580722099237928,0.048481298728811115,0.05549245275670162,6,10,0.007013995023267952,0.08374959715286964
YNL270C,0.4579215435716162,0.5689178362443696,0.4973518228214594,0.48296196228173494,0.47830886231262715,0.3655796025415887,0.07919832800962896,0.07062605793017045,0.07626354610599906,0.07734748316404222,0.0776947491515177,0.08567882621692856,6,8,0.011773972481839931,0.1085079374139972
YPR083W,0.8496471120007106,0.8195685993832541,0.8049555285276401,0.7095145585071885,0.7359707272874936,0.6274793701857818,0.0247875240513943,0.027153969230906298,0.02823215851165928,0.03445398394759957,0.0328475741033422,0.03901686991162304,6,10,0.004158221892662561,0.06448427632115104
YGR057C,0.7359733849810828,0.7661786610169312,0.7001524720094521,0.5198625926036474,0.7444761329484753,0.5966881707653017,0.0260398812792323,0.02450514166608251,0.027750153025479906,0.035115424067345635,0.025617154150791074,0.032183674413019864,7,10,0.0026132648670100403,0.05112010237675625
YLL024C,0.8734364729298131,0.7778522435438497,0.8639690157635905,0.6911079159065627,0.8118922461371276,0.773444202402542,0.5893859025442647,0.7808478609601529,0.6110325970242041,0.9207650975895847,0.7185364567008692,0.7885569237903282,6,10,2.792827140374527,1.6711753769052866
YDL010W,0.8086291261822605,0.31000755191937857,0.5048603588868066,-2.0335514463622495,0.7386315662458391,0.4060496810643788,0.050689659082308075,0.0962506384859877,0.08153522972640558,0.20181671494058828,0.05923904083844408,0.08930103868812829,5,9,0.013662055293157487,0.1168847949613528
YHR142W,0.4087772823481075,0.41188184303205433,0.4413223910859295,0.41260350481231267,0.4170795026518641,0.29687593043687843,0.06333598916605014,0.06316947896042815,0.06156808332772832,0.06313071039726323,0.06288972045923737,0.06907024292980034,7,9,0.006904037470342884,0.08309053779067074
YDR368W,0.5706727750868001,0.3970956583576468,0.4755558163311603,0.3640804532745693,0.48600149793114533,0.41233616922639005,0.057256183480091476,0.06785039603954673,0.06328165342833449,0.06968338970638208,0.06264827364887436,0.06698732912047481,9,8,0.0077697939275655796,0.08814643457092056
YML067C,0.6110740752188836,0.5415101359361114,0.5300653963672386,0.46033292456119457,0.6164837628045033,0.5058346397450579,0.022350534484586574,0.02426718138074021,0.024568190979188748,0.026327973258237998,0.022194550025565248,0.02519362242112366,7,9,0.001306959323469618,0.03615189239126519
YDL135C,0.17551433074829748,0.1925500612836788,-0.024297101208015537,-1.5948055039284297,-0.1059145836065889,-0.30461948014366613,0.06418025096571156,0.0635137358146829,0.07153569932599499,0.11385766172382916,0.07433111506739572,0.08073312897972751,6,9,0.005083617294469445,0.07129949014172153
YGL070C,0.8570677296239965,0.6091049191013957,0.8556959460204098,0.5627249980374136,0.8322558616511635,0.5657353172090691,0.022449123173715037,0.03712481851968214,0.02255659296473796,0.03926553886581317,0.024319683198695773,0.0391301481614993,7,9,0.0035877453591336233,0.05989779093700888
YLR285W,0.019673155801129383,-0.09257328348099336,-0.005707544938711839,0.0643281062788833,0.1424608195729472,0.07190457545828899,0.12595132654453012,0.1329666069974036,0.12757135033918177,0.12304928385178539,0.11779972709184407,0.12255008427027747,7,8,0.016465985730465815,0.12831985711676044
YPL204W,-0.08276951621740869,-0.040779663480605244,-0.07097216889480285,0.060973579463632355,0.028244621411064652,-0.01214555128512873,0.3624307857624381,0.3553337582130664,0.36045094044795484,0.3375172519118232,0.34334881036297465,0.3504116654703641,5,7,0.12344323053150456,0.351344888295681
YLR047C,0.7381677905193751,0.6146500857729078,0.7503794832657129,0.45384349137894453,0.7529783331022373,0.6882136319384258,0.02682244726127006,0.0325397714384277,0.02618948773368894,0.03873873381141492,0.02605279899454771,0.02926950826783093,6,9,0.0027959336913970824,0.052876589256466634
YGL186C,0.60768584146075,0.4964529480950738,0.6022169041267492,0.41603923549908284,0.593801752890234,0.5535272074484626,0.03346406805548698,0.037912443196121824,0.033696508671485534,0.04082757431743984,0.03405107021858015,0.03569926240899948,8,9,0.002904535075697556,0.05389373874298902
YGR124W,0.8003124433780877,0.7828403460026176,0.7508541251149073,0.6327390040309679,0.8363879828213968,0.45985675069258625,0.18265469917935576,0.19047804231675527,0.2040244420318777,0.24770955103139078,0.16533429501848146,0.3004068453459549,7,8,0.17000583771689617,0.4123176417725734
YJR135C,0.8499709502671928,0.8758619240696457,0.8069504343377312,0.6671914089334401,0.8022197104582861,-0.893912050825745,0.025021746961457106,0.022760534335161717,0.028383396431352938,0.03726723851282923,0.02872906241158889,0.08890165631675352,8,10,0.004246323088745013,0.06516381732790838
YDL015C,0.8979916891939689,0.8414597820477104,0.8684734630895985,0.8197090106276403,0.8947246035889134,0.6984751154332938,0.03375730840745255,0.04208426618994231,0.03833158045863167,0.04487836686649495,0.03429363144637968,0.058037889782723694,6,8,0.011367192241644218,0.1066170354195061
YDR276C,0.7382755345816026,0.7499753353804357,0.7372257350226376,0.7427985680448701,0.6330168290186442,0.5294218040194062,3.597012201054243,3.5156948834888677,3.6042189457184417,3.565795571900851,4.259345059513663,4.823204215988609,7,9,50.30285542839697,7.092450594004654
YHR191C,0.670740430050344,0.6411334806362045,0.5826782529023196,0.5216130286315996,0.6816416263189002,0.6819120053495566,0.029740398176524928,0.031048744723256007,0.03348213042975,0.03584819118657119,0.02924392855089997,0.02923150760449744,8,8,0.002733432090608433,0.05228223494274545
YOL095C,0.8290321240201701,0.8273088572895207,0.7970117713684216,0.6124655355857356,0.7843953332678884,0.6693085253123888,0.02503368553333862,0.025159532436327757,0.02727739930025399,0.03768970168680918,0.028112315146240574,0.034816012829580946,7,10,0.003729822860750511,0.06107227571288392
YPL233W,0.8742598420394405,0.8479358279311842,0.8690308424798193,0.6786673990482204,0.8567838742866515,0.6937169398403891,0.021993053563040318,0.02418588491381953,0.02244569452374028,0.03515814280360313,0.02347169707988174,0.03432495842892867,7,10,0.003914264780357571,0.06256408538736558
YDL147W,0.5328428509830769,0.4818217797739659,0.5411435699183946,0.49567308382398945,0.5306308536179981,0.25884816658114296,0.3798145869526465,0.40001816919495387,0.37642507994729535,0.39463555789786975,0.38071273941055245,0.4784028232819844,7,10,0.31421970643797914,0.560553036240086
YIL074C,0.8255447876690291,0.8607123883457553,0.7102532398275125,0.6368627292152853,0.7430430114268243,0.8567079167324759,0.16922084452355216,0.15120568817453284,0.21808268101560718,0.2441446972044069,0.20537241034369674,0.15336384267194147,5,6,0.16702324013316053,0.4086847686581438
YHR048W,0.7649779665514591,0.7472022211259025,0.732296080405321,0.7380498926593979,0.6841255626284133,0.6186721468015921,0.025983801406751553,0.026948526608452567,0.02773165339358577,0.027432013692594123,0.030123514480938293,0.03309768838341456,7,10,0.002923142147683478,0.054066090552984114
YOR156C,0.8323882585092224,0.8708113445821997,0.7642001576137863,0.6314647421394974,0.7723830720281278,0.7851068162954533,0.024391983381370268,0.02141445792377366,0.028931213584358437,0.03616882646618876,0.028424784123011266,0.02761888974320912,6,10,0.003611959985320278,0.06009958390305442
YBR254C,0.7093572903774072,0.6619219275387407,0.7086115051135237,0.560350889490912,0.6281689969473689,0.46762982166248657,0.024435772072749905,0.02635450420700782,0.02446710291739939,0.03005380388425154,0.02763879774159626,0.0330714478520547,8,10,0.002090479125472677,0.045721757681356445
YDL020C,0.3867284967375916,0.11837302979793196,0.43377855846679925,0.3479914940926184,0.36850404524667457,0.2518977410336567,0.11112235261870441,0.13323473691425264,0.10677465837019547,0.11457811305417796,0.11276136422054839,0.12273135190894668,7,9,0.020488171834657218,0.14313689892776502
YMR119W,0.7198476280431892,0.4465481356522806,0.6801555830161443,0.44438732179087825,0.5837102099209779,0.47034156778051783,0.026672296605064417,0.037488942291443506,0.02849919856558862,0.03756205408113206,0.032513306629992876,0.03667424698434536,7,9,0.0025839235377349765,0.050832308011096415
YGL181W,0.5019773379063521,0.5520570833582166,0.4062987947423238,0.4788129737943194,0.38338737017654845,0.5415341716791274,0.0522529367723235,0.04955614193469385,0.05705190057836129,0.053454337282811716,0.05814232031652238,0.05013484042920172,8,8,0.0055786028033745355,0.07469004487463196
YOR171C,0.8722330674537965,0.7969646834917373,0.8655527684773039,0.3418911782341535,0.741834846294968,0.6350742557703799,0.0175736438498291,0.022153297510284976,0.018027210023801237,0.03988425118817966,0.024980515579116753,0.029699889788823968,7,10,0.0024595650374559107,0.0495940020310512
YOR184W,0.7520229722917657,0.7261182947840636,0.6894628058704935,0.5776710394061697,0.7514929892630638,0.6296134582463081,0.07203929091684283,0.07570860010402675,0.08061586469160163,0.09401326510343368,0.07211623196274583,0.08804228455636372,7,7,0.021295142301581065,0.14592855204373498
YKR057W,0.925118113129528,0.8241022755605367,0.9322992228226789,0.5313178103847984,0.9225316501227172,0.5169821049289642,0.4334534458493221,0.6643304832370623,0.41214581789823335,1.0844094544799918,0.4408757615937236,1.1008690972970891,5,10,2.5530615107653456,1.5978302509232154
YDR152W,0.6849717536196996,0.6465651617879697,0.6917026009392061,0.4990433771731093,0.1572813991917218,0.3641001651395367,0.032163314366619726,0.03406753616830459,0.031817860847051786,0.04055889449266457,0.052605037885065216,0.045696233384214795,7,9,0.0033413751111555446,0.057804628803890305
YDR471W,0.9303147292943159,0.8621639338443667,0.9082611706098346,0.7982383161115848,0.9053624288349791,0.8174829311178076,0.18198492879762787,0.25594483052971934,0.20880530310792572,0.30965940449651863,0.21207853769867355,0.2945212738294256,6,8,0.4835963258095208,0.6954109042929373
YLR376C,-0.48070947420057886,-2.6584172452910715,-0.08298893931563955,-1.489610251030765,-2.6058837881207984,-5.415657077916506,0.10875569579988555,0.17094787298781236,0.09300988218512618,0.14102066731650728,0.1697160622355821,0.2263797911573268,7,7,0.008128067568817966,0.0901557960910887
YER174C,0.6147880413375053,0.31303891972392495,0.44044818637446326,-1.1000921573221651,0.599306286396668,0.18642037099798026,0.03063813191475956,0.040914614879617166,0.036926024631610266,0.07153714071418868,0.031247743834423105,0.04452587206500623,8,10,0.0024795789468946665,0.049795370737596344
YNR006W,0.6949072422164764,0.6081361073197228,0.6779990976403355,0.6636039282986694,0.6868240937155305,0.6631327836586267,0.03954668189108296,0.04481895490437053,0.04062773822983546,0.04152594830867592,0.04006713346083671,0.04155501803330593,6,9,0.005216045129579392,0.07222219277742398
YER127W,0.7559205101672344,0.555210430137963,0.7597888939547592,0.35649177539159427,0.6861906024108266,0.3801455725905145,0.026800887818927546,0.03617935622810246,0.026587657704491084,0.04351716436729127,0.03038900706147366,0.04270988393788659,8,8,0.0029944716985972034,0.054721766223297316
YJR131W,0.7853073326377847,0.7217568788813967,0.7912619187983255,0.6336097222636089,0.7173170649684745,0.6318236871307839,0.02557049506946851,0.029110036415857975,0.02521339769516669,0.03340430967089914,0.029341365849471605,0.03348562834058543,7,9,0.0030989473591712473,0.055668189831996936
YMR316W,0.8633631630562166,0.9019596652377153,0.8174006683674961,0.9001458255219209,0.7928810043817092,0.7540036431008765,0.0524712501790303,0.044446739184673165,0.06065786269278422,0.04485600842896383,0.06460222523590807,0.07040473199391561,7,7,0.020503507512877463,0.14319045887515502
YIL136W,0.6600725925151028,0.3661045784083571,0.668299116950634,0.2854856095106497,0.6408920268598317,0.5412279783813294,0.48499570436548284,0.6622982515639275,0.47909111296595264,0.7031537399242845,0.49849100358288545,0.5634342758431172,6,9,0.7041136115179083,0.8391147785123966
YJL056C,0.7913469964678864,0.7942078195252584,0.7508556062317797,0.7444178344632819,0.7110284826249529,0.5587459252128073,0.029200939744830314,0.0290000630539713,0.031908770276935575,0.03231839469669609,0.0343646580682689,0.0424647793943788,7,10,0.004158360659211286,0.06448535228415277
YGL245W,0.8634434646852798,0.8057167691957593,0.7984822688497106,0.512494963762183,0.8816374990314644,0.5415127145869949,0.08162944071804946,0.09736620313118342,0.09916244095181673,0.15423400268114032,0.0759972089489504,0.14957335131463956,5,8,0.04965171917294893,0.2228266572314653
YCL011C,0.47146945044743616,0.47368997322075557,0.5124990728865321,0.4033786775050795,0.5192356688188102,0.29777015868890455,0.06558418377450725,0.06544626889286162,0.06298712610908354,0.0696808525481766,0.06255041421092614,0.07559685197591721,7,8,0.008280971285870697,0.09099984222992201
YOR179C,0.8006132522681778,0.7790428106613749,0.8145203946894299,0.670361503342306,0.7160722844108189,0.07554924272148744,0.023121901805259013,0.02434049893259627,0.02230095643323186,0.029729963098834924,0.027591753524449505,0.04978715374156823,7,10,0.00272837432092639,0.052233842678156374
YJL197W,0.7617512660025867,0.735443717520996,0.6634682027651784,0.4064686160411013,0.7245844350879448,0.5711223667728897,0.024962553704172826,0.026304663534909806,0.029667897087630422,0.0393999395408808,0.026839100196936777,0.03349194815152543,7,10,0.0026613412212038016,0.051588188776151095
YDR399W,0.9002464673331829,0.7728785911783584,0.9031873985463791,0.38612121457624604,0.8143232593512524,0.6234257251155293,0.0760520229814015,0.11475606957222544,0.07492255401650215,0.18866352345115378,0.1037589051254797,0.14776512743164397,6,9,0.05899923692913645,0.24289758526822874
YGL124C,-1.3693316451767834,-3.591792150701841,-1.7266494557117054,-2.901355715780997,-4.482001355652106,-7.919037907020487,0.08435849089594828,0.11743755075418798,0.09049623855846797,0.10824893928833698,0.1283173682479318,0.1636721846691356,6,8,0.0030562219240495817,0.05528310704048373
YJL036W,0.739778458751092,0.7446734990769899,0.7517992802911251,0.7119819712093869,0.7716006979781052,0.6876663895070896,0.09152440300726983,0.09065948113110948,0.08938544376777423,0.09628865475269206,0.08574576286813594,0.10027083768257154,6,9,0.03275545998544343,0.18098469544534265
YJL159W,0.6593537841929198,0.2431108655527059,0.5935747539278036,0.17370304955900706,0.4795183128445307,0.3659268587154936,1.2634155540104142,1.8832612489601694,1.3800180712861858,1.9677164204959676,1.5616983868390175,1.723709651962717,8,9,4.768063246948063,2.1835895326155192
YIL122W,0.8744158352773685,0.8979091836166819,0.8626618340225041,0.8518070271107724,0.8544061681692227,0.7361978372451494,0.025378466658768205,0.0228818574971477,0.026539550318331273,0.02756841155165757,0.027325582358706857,0.03678215025061316,6,9,0.005218539972022481,0.0722394627057987
YKR068C,0.5127617004716782,0.46096733631948106,0.49527406730925827,0.3142340572196066,0.5240967206486101,0.2970651581220063,0.03233523468362371,0.03401048689484212,0.03291039671918572,0.03836129541770431,0.03195690095454798,0.03883853528487727,9,9,0.0021835530803513024,0.04672850393872355
YLR191W,0.7798543444033929,0.843581398913186,0.7376406414339014,0.6190485934424572,0.7113740840931642,0.6520356410402854,0.024253520367585633,0.02044390827945709,0.02647695304940946,0.031904689017480364,0.027770735824403415,0.03049208392341013,6,10,0.002718895951780657,0.05214303358820483
YFR046C,0.8066236041568537,0.8014646893354435,0.7697298742314824,0.7093140794683701,0.7943158679855338,0.680512576665733,0.02499157391014961,0.025322743557572247,0.027271603627695172,0.030641066373253763,0.025774620004735203,0.032123196950818736,6,10,0.0032865246347924806,0.05732821848612148
YDR457W,0.9619056715390806,0.922387005886995,0.9355270638557259,0.6828627539045355,0.9118041435024019,0.857968242961131,0.021141630616569804,0.03017696356094633,0.02750407502194537,0.06100029634947971,0.03216861852856208,0.04082263645482573,6,8,0.011939050166414035,0.10926596069414314
YLR233C,0.7969738536532716,0.824986777342475,0.756313887508353,0.7148616981949445,0.7829527142664676,0.6717274533077714,0.026302076287181543,0.024420214725493945,0.028815717464376365,0.031170360618844196,0.02719513549765395,0.033445009957522455,7,10,0.0034672186713491002,0.05888309325561201
YHL039W,0.5538697867600506,0.3605890100115742,0.5322020934256977,0.058791296584916664,0.32862674357200994,-0.017691468962819812,0.027542219267631615,0.032972977158928794,0.02820312618313399,0.04000470578377607,0.03378703893250542,0.04159835726058306,10,8,0.001730172340495479,0.041595340369991914
YIL034C,0.22313089158274324,-0.5228739676820966,0.1495773216803441,-0.09405151260429001,0.24992122916031578,-0.0445619252127849,0.055998585293875254,0.07840343866644128,0.05858960171992132,0.0664541358139707,0.05502455845498652,0.06493371118715133,8,8,0.004107328100016219,0.06408843967531289
YDR487C,0.39868233824849575,-0.1443303869461776,0.4800076764657327,0.24618039556062987,0.26808446425688526,-0.13044570951894885,0.07013391621838178,0.09675018975095284,0.06521906620639104,0.07852533975562566,0.07737605668888344,0.09616144153862824,9,9,0.008323488010447628,0.0912331519265208
YMR170C,0.4135355896755819,-0.5133587463678515,0.2333319137107155,-0.7245710348263608,-0.6738963421433879,-0.7476601127866427,0.05722333279106114,0.09192280385013975,0.06542684977342662,0.09812798051145895,0.09667553796753879,0.09878267999115084,6,7,0.005681431469132082,0.07537527093902935
YJL096W,0.8130836454479478,0.5702956611683858,0.783172972255011,0.3994613019135803,0.7802853952846432,0.4768799943673706,0.029479131102034452,0.044696744961465626,0.031750292869472396,0.05283984395818539,0.03196100965872866,0.04931643695538417,8,8,0.004730806584636646,0.06878085914436259
YOL158C,0.9203884405733141,0.8464330428740132,0.891990378441451,0.8046575300549609,0.9332359440636674,0.8315982915072139,0.041522291411338494,0.057668962212948816,0.04836425126953261,0.0650416550777307,0.03802459549885465,0.060390203522623455,7,9,0.022036348453714036,0.14844644978480973
YKL152C,0.8163842881102481,0.925470152150135,0.8163432679475588,0.6179865290474427,0.864567707186064,0.4549654173671439,2.1187794455505884,1.3498824407555472,2.119016102378822,3.056118357647718,1.8196671135647497,3.650420211962696,6,9,24.87796196031959,4.987781266286603
YBL069W,0.8273043441097461,0.7917913775740201,0.7952300163752235,0.7182721073568756,0.7611651787539562,-0.736193133763811,0.02251834088666956,0.024725497460242305,0.024520472266474105,0.028761438672808275,0.026481617328056612,0.07139942262988612,8,10,0.002987751707619288,0.05466033029189714
YDR409W,0.7705159575095339,0.7796833180796777,0.7380578911766615,0.6303247858324226,0.7790381773908307,0.6767966390625489,0.027863465879267475,0.02730125313734611,0.029768815225467368,0.03536462499576933,0.02734119626387732,0.033067154517741046,7,10,0.0034424759841964786,0.0586726169877949
YLR237W,0.5522296511456254,0.4254328353201656,0.5076109866910892,0.22159827352234251,0.5164606546247369,0.2951605728791372,0.10725030322676601,0.12149020494707174,0.11246698168673269,0.14140760224268153,0.11145171921032412,0.134559993597602,7,8,0.026139354817433177,0.16167669843682847
YLR315W,0.8304483428550816,0.8426273693250574,0.8197467166318733,-0.31758401081006316,0.8019901622848844,0.7428628092008653,0.02751635710937505,0.026509682116626576,0.028371448542982028,0.07670595400331312,0.029736051595592998,0.0338861606314452,7,10,0.004543944030234181,0.06740878303481068
YNL210W,0.8952524227528714,0.881760165034509,0.8772045548223115,0.8460544909762752,0.8327098760912219,0.7195835998058171,0.020629636662262172,0.021918028793407696,0.02233627328815151,0.02500938992009066,0.026070822758074874,0.03375369257679252,7,10,0.004134207868815533,0.06429780609644106
YOL155C,0.7599902616185364,0.7244000408070128,0.7291614453149599,0.6897768575268315,0.700388410412725,0.6240571083378397,0.04570302634425474,0.04897451024434407,0.04854961283882049,0.05195981828629006,0.051063412123462354,0.0571993990445832,7,9,0.008855522528900137,0.09410378594350036
YJR062C,0.7523979221387145,0.7126136786547095,0.7028460220219738,0.24427769253889897,0.721832386962815,0.6301464384593318,0.025051438152620564,0.026989110228793016,0.02744392947884519,0.043765978371086416,0.0265527069472527,0.03061754910127976,8,10,0.0025790762295563167,0.050784606226260305
YBL039C,0.796448302618216,0.1482089028855612,0.7977672302977676,0.29988043091541994,0.6056559251426838,0.471005507256937,0.06058390984039549,0.1239328627475275,0.060387311982129314,0.11235852822988268,0.08432524143177397,0.09766647396443191,7,8,0.01834818053492693,0.13545545590682914
YDR308C,0.7655256415249756,0.764076913321002,0.7385621027947165,0.6401030165736377,0.7178397855094243,0.5379231976780106,0.02411706194968993,0.02419145231233095,0.025466015066663225,0.02987898388641788,0.026456026030166026,0.03385585639417588,7,9,0.0025241001318374386,0.05024042328481557
YGL169W,0.6585057799841105,0.6777736083499555,0.6199683136490384,0.5372885675231494,0.6024040913206277,0.43761753621703914,0.024711377484632372,0.024004122268180474,0.026068448279941318,0.028764735917642777,0.02666405703521429,0.03171181952851144,8,9,0.001819548726915792,0.04265616868538233
YCR046C,0.5190420326203535,-0.02913568302117131,0.586691282817689,0.39047177960992907,0.04158028402000591,-0.3289458898333557,0.03909070920530186,0.057181600408391334,0.036237420080499794,0.044006506883482656,0.05518205345158312,0.06497909181722496,8,8,0.0032329062722695505,0.05685865169232868
YDL111C,0.7629231698492132,0.732336543122081,0.6244426799521187,0.5212257343605808,0.6220858139112057,0.4335216986926439,0.02321059489223086,0.024662452228184868,0.029213247045231452,0.03298428809985509,0.02930476972575284,0.035878423780620554,7,9,0.0023122594835754046,0.048085959318447676
YGR121C,0.7015245642314716,0.4729371280888145,0.6291600483067136,0.5522899185925301,0.7028346629704898,0.40657618215551494,0.09398601184233961,0.12489358614410874,0.10476161425931127,0.11510849104234766,0.09377951852178111,0.13252304633296952,6,9,0.03011417609558917,0.17353436574808223
YOR187W,0.7925386922075192,0.6588769556052668,0.8018415958542473,0.37190902089002076,0.779951404311038,0.39777130407808103,0.12484898273040487,0.16009286689529467,0.12201766236581486,0.21723396564969796,0.1285806903305988,0.21271453918173602,8,10,0.07645150562418648,0.2764986539283446
YHR128W,0.862795958549841,0.3805593681628193,0.8084262773004639,0.3159672722668292,0.8291252306144855,0.457421072504707,0.09219105303686703,0.19588679846128684,0.1089364686845019,0.20584663134727785,0.10288315987296022,0.18333137049566492,6,8,0.06303239153666966,0.25106252515393385
YLL005C,0.44030197025455664,0.4827324924813571,0.4528674546177297,0.3640713031040732,0.4633464189097608,0.35565635088432224,0.05930956665027527,0.05701714420493305,0.058640023577350556,0.06321964801082233,0.058075756767247334,0.06363655164532389,6,8,0.006395122405273695,0.07996950922241361
YFR051C,0.7537758118953922,0.7741533391528419,0.7484847292986416,0.6250072845103416,0.7357746931817353,0.7802049729416778,0.05559351673625357,0.05324338120467278,0.05618766308552005,0.06860728070771739,0.057589856438931934,0.052525200822201294,6,7,0.012772347290344065,0.11301481004870143
YFL013C,0.7983982425736034,0.8414810920241709,0.7719500528927585,0.739303929181294,0.7538203084299319,0.16960786945814954,0.02547724506156466,0.022591540367760263,0.027096942864417665,0.02897160467194882,0.028153436854765665,0.05170671175711823,7,10,0.003276149813858776,0.0572376608000255
YIL070C,0.7765953338372465,0.46222720433710185,0.7288358307835556,0.3466334888858251,0.6289103551912447,0.33169647804904556,0.028401481617765872,0.04406505240232804,0.03129039372472963,0.04857058248682671,0.03660448443828557,0.049122645927040805,8,8,0.0036740316309353495,0.060613790765265206
YGL002W,0.6184931973619348,0.630950007920589,0.599629881059885,0.6544602727237936,0.5868223236728536,0.5097084721195293,0.026156201343611008,0.025725636500854184,0.026795036760330432,0.024892729609417654,0.02722024019174044,0.02965177684782972,7,10,0.0018247366509799732,0.042716936348244514
YOR030W,0.7306122767629208,0.5933412861211786,0.7352526898205561,0.44166414487728667,0.720577021962667,0.5138252215595116,0.026970948649630844,0.03313770013451708,0.026737641778091608,0.038828899459397,0.027468717363247623,0.03623293665568792,7,9,0.0027476903116649054,0.05241841576836241
YMR302C,0.6477255170761709,0.4282078079376743,0.6427582602447431,0.4840669905599797,0.6581184546005743,0.5716546098164059,0.037403018812041666,0.04765244326740524,0.03766579691702938,0.04526502036691463,0.03684714911200345,0.0412442215758787,6,9,0.00404096662139795,0.06356859776177189
YOL054W,0.8082345693196678,0.7316464926766819,0.7374700486731673,0.6907135776325213,0.7923523131273176,0.6040095288987621,0.02549993533812824,0.030165293621423454,0.029836188899979094,0.03238428751197787,0.026534900769771833,0.03664344416361137,7,9,0.003450332715249591,0.058739532814362685
YIL093C,0.8754438151895634,0.6554198220692181,0.8659295864258674,0.46524935260600786,0.803600797985158,0.4379844621360419,0.020896904673876237,0.03475717403134822,0.021680324964519396,0.043298711485136476,0.02624032274772625,0.04438880712550922,8,9,0.003567399637528371,0.05972771247526872
YIL004C,0.5947128197040206,0.49870601348907173,0.5772373605068168,0.05684162765359091,0.48630790963370363,0.5061644133522322,0.029358416582786626,0.03265107185776693,0.029984685335494133,0.044786127013130964,0.03305237219570918,0.03240726546223024,7,8,0.002163991389742464,0.04651872085238871
YJL044C,0.715769092410312,0.6282724852690664,0.6778784906761657,0.5295623149423963,0.7192032491427256,0.5286296776058306,0.023387516009362088,0.026746120748272987,0.024897647249384286,0.03008842805570031,0.023245799413095805,0.030118238270865044,6,9,0.0019581683720404776,0.04425119627807227
YJL154C,0.8122606449008907,0.7083373062335159,0.7826174811934676,0.5067546531764517,0.8000865955277017,0.5646469852617038,0.03243135774776564,0.040422941336824135,0.03489793893456596,0.05256769912989213,0.03346635608212637,0.04938649990715001,7,9,0.005700698572032693,0.07550297061727236
YGR174C,0.6958002251999658,0.544583562368866,0.6361340084290067,0.5482412942862105,0.7434875615375378,0.6517570647598663,0.07897027288343936,0.09662478610357517,0.08636841066809901,0.09623597703995893,0.07251676289704903,0.08449389914355168,7,9,0.02086034693993101,0.14443111486079102
YMR224C,0.8065148324324813,0.8220838691246137,0.734888422102064,0.6914081423042773,0.788793921023888,0.7195331278801798,0.028674596099550698,0.027496735309080204,0.03356509012293014,0.03621309982017123,0.02995895615092535,0.034523455303616196,6,10,0.004324143307178478,0.06575821855234885
YIL018W,0.9322179232096532,0.8807183620954366,0.9063047671633099,0.8140413820013935,0.9371214913415936,0.7732017701750581,0.4097507468678401,0.5435620341964088,0.4817492704711239,0.6786884732312765,0.39465120627276323,0.7495181405870238,7,8,2.520448189236312,1.5875919467030286
YDR263C,0.48013065128971344,0.4831514978503364,0.48853141825351853,0.512954090184053,0.5116913853169289,0.31529436927172017,0.06381447392705167,0.06362879785996935,0.06329677277231366,0.061767075251396526,0.06184709142571558,0.07323590233517258,7,8,0.007970715576700428,0.08927886410960004
YMR121C,0.8273141098902699,0.8685618721020028,0.7944782155391481,0.8154337419444848,0.8019382227141085,0.6027539055656956,0.02784743560480477,0.024295031358101408,0.030379856115171636,0.02878942130612697,0.02982339753244335,0.04223637135155348,7,9,0.004569479160975007,0.06759792275636144
YBR283C,0.7750838005850262,0.757037257099031,0.7456120819473798,0.5975475224848132,0.5932771230914762,0.3761824254677337,0.06501303517401442,0.06757093284864543,0.06914142310572984,0.08696557570827332,0.08742575149051102,0.10827267747164034,8,9,0.019121998740274256,0.1382823153562098
YPL076W,0.8027167150751756,0.7503165119525914,0.8079562033651431,0.7065030854326263,0.7413037086018903,0.6369508492147775,0.02395489924312609,0.026949090605697765,0.023634659222572116,0.029218032860951672,0.027431168292942613,0.03249615037806236,6,10,0.002959726249639268,0.054403366160921215
YGL097W,0.5501777050663003,0.4388554074654061,0.6129346926677712,0.45360346607810076,0.39992690555868593,0.23206668943672537,0.029310808482801324,0.03273743886475751,0.02718938804254109,0.032304370099137635,0.03385395297857563,0.0382973798635325,8,8,0.0019434248719104158,0.04408429280265723
YOR320C,0.7329920419656971,0.7473523086296545,0.724970365491221,0.6025528891702856,0.7302744472952878,0.4581058794096604,0.020891725362685343,0.02032216028441536,0.02120322642816175,0.025488946016030453,0.020997773715141988,0.029762501127509666,6,10,0.0016633266602488447,0.040783901974294275
YKL164C,0.7468316278763512,0.7510565436845966,0.7293335250296139,0.6942315289294985,0.7014788938020886,0.5475136881662521,0.16699136077800122,0.16559210870891053,0.17266587452991908,0.18352094209216507,0.1813329806462157,0.2232502747823868,7,9,0.11208092233924101,0.33478488965190917
YHR185C,-0.03347884849265381,-0.03797521075135735,0.03512794163491362,0.1778596844125402,0.06164748155227817,0.007194693152467457,0.3395883557829369,0.3403262785208869,0.32812313994112097,0.30288304765573526,0.323582484958962,0.33283886997007256,6,7,0.11354215314563722,0.3369601655175834
YNL278W,0.7225476709169514,0.8360453472102456,0.6711855923906065,0.579450255552554,0.6309040676243755,0.6957461354702714,0.031815979333822186,0.024457551762808363,0.034635904044166506,0.0391705613248728,0.036696169909530924,0.03331725095311549,7,9,0.003712405050114314,0.060929508861587864
YOR120W,0.7285981571969495,0.4343079019896663,0.6366701678784541,0.41560552400452977,0.6480058988469957,0.408330949519207,0.15947102198146101,0.23023186815824812,0.18451254979595108,0.23400677556996927,0.18161138652917339,0.23545873561285982,8,8,0.09534631231496134,0.3087819818495913
YJR103W,0.8074413187156573,0.6951796655988425,0.7416482428443412,0.5989509340948512,0.8148351365158146,0.6588667779831561,0.0300500838212999,0.03780820889433366,0.0348072607025649,0.04336735057772163,0.02946750907004094,0.03999688269726791,8,9,0.004771790962845548,0.0690781511249798
YDR127W,0.7723546835370291,0.5836883916270771,0.7040655017339119,0.33887776645828527,0.8012636163482849,0.26656728357459625,0.06082572428871981,0.08225592483256547,0.06935147894634429,0.1036570417888289,0.05683248168316932,0.10917873765288483,7,9,0.016537467219472177,0.12859808404277326
YER057C,0.6227753383728869,0.5593906188985045,0.5756006792217483,0.4969410083755633,0.5283717527302751,0.20672857215857687,0.10091527060347567,0.10906457718600784,0.10703952923117671,0.11653766395964084,0.11283835715033189,0.14634158561782118,8,9,0.027470517344796476,0.16574232212925122
YPR043W,0.9400826483831691,0.8580880861393905,0.8939836650585997,0.7674688321793723,0.9439877424535036,0.9373309723759263,0.3391639371511985,0.5219666939803328,0.4511487482426555,0.6681499649086362,0.32792528305978025,0.3468644901123333,5,10,1.9535290105601009,1.3976870216754897
YOR334W,0.8194915494430868,0.8073623314210885,0.814368535487123,0.766198655652983,0.7383674926020989,0.614875420824155,0.02322204747105953,0.023989563512659247,0.023549274652079167,0.026428665932779122,0.027957452199290134,0.033919727743368926,6,10,0.0030398812355636883,0.05513511798811796
YGR171C,0.7985314600415201,0.782039211211716,0.7609968424374346,0.595971151406359,0.7493362901626979,0.6209838242995179,0.02563263224013655,0.02666114350479729,0.0279184566378292,0.03629909312080923,0.02859139322438755,0.035157538390177295,7,10,0.003318427333636832,0.05760579253544588
YLR378C,0.7081887288474679,0.584352295218848,0.6193178889002144,0.44514530191084745,0.7201316617658138,0.5719091222207485,0.10141689159650807,0.12103806092551905,0.1158351855597393,0.13984562943716886,0.09931987144143296,0.12283644835827631,8,9,0.0358650686330523,0.18938075042900293
YNL297C,0.8295177602328031,0.7418349804707052,0.7578463507814373,0.4497916059296836,0.761548913467816,0.6346819868688361,0.024446412678265275,0.030083216265761163,0.029135406155984717,0.043917658105784886,0.02891180595533742,0.03578583136448335,6,10,0.0035670095577444837,0.05972444690195535
YGR189C,0.6308745479721838,0.43565895835043533,0.5889460753147496,0.43966476658145914,0.504141897929834,0.3551732155319155,0.14641646344537007,0.18103966381669773,0.1545084786547359,0.1803959912568507,0.16969991455501568,0.19351937426595017,8,10,0.05909612047880505,0.24309693638300967
YBL105C,0.7776294489757916,0.6594812828974157,0.7473334218230182,0.42904483303981256,0.7725089949258799,0.6298450734779657,0.02412730125782737,0.029856617551868248,0.025718403764298185,0.038660824749518256,0.024403506030794525,0.03112876406198023,6,9,0.0026637493669183854,0.05161152358648585
YIL047C,0.806403011767792,0.529321053504231,0.6533701507878475,0.09342791873278644,0.8205249759713693,0.44156694225477666,0.03490355749896172,0.054423038100772134,0.04670392442132754,0.07553036195913754,0.03360643199995084,0.059279694312973835,8,9,0.006403153739590434,0.08001970844479774
YDR145W,0.46080422896363626,-0.092258324216546,0.42664013515767907,0.30958991961851035,0.3674564924826992,0.492720314100646,0.036221663769934,0.051553462331316795,0.0373515647979421,0.04098724408726556,0.03923199177496457,0.03513329577279514,8,10,0.0024759590086489264,0.04975900932141763
YKL059C,0.701555402897028,0.7732368109942696,0.7258389575461743,0.6939161079889495,0.6365231856456501,-0.0342438783479182,0.03258321860025428,0.02840196576063596,0.031229497263609803,0.03299760041017536,0.03595840984745144,0.060655976815130526,6,10,0.0036197400338077563,0.06016427539501956
YJL129C,0.1752354288692768,-0.14161742945742106,-0.19212911450615477,-0.06933409847056016,-0.6112558266664059,-1.3424530623949655,0.03707842468517054,0.04362310467540473,0.04457772730829338,0.0422194900883899,0.051824906396696055,0.062487294944615294,8,8,0.0016961555968407903,0.041184409633267666
YPL209C,0.8867873051851618,0.9128105375214761,0.8741102038817836,0.8480963613407504,0.8978855974618384,0.666983225971795,0.02408772233033299,0.02113879233509285,0.02540056852613642,0.027901802525159013,0.022876610217493206,0.041312476226253024,6,10,0.0052149419959168965,0.07221455529127696
YMR278W,0.7885535909270188,0.6366571682217292,0.7618455953913661,0.7221508453529768,0.7710374687426698,0.7412608859281115,0.03311976845685615,0.043415562601856646,0.03514928085935896,0.0379657230017401,0.034464290615213354,0.03663685437839811,6,9,0.005278705188754692,0.0726546983253987
YNR001C,0.5919163263567986,0.7037854855031054,0.6204310913645539,0.6818413445367781,0.6298529809541988,0.3068384307618124,0.6139601397702115,0.52308074519872,0.5921215697284992,0.5421100237228585,0.5847263891257583,0.8001709941457859,7,8,0.9399056717936076,0.9694873242047095
YPR036W-A,0.4438516058797931,0.624816301236967,0.47706778186617715,0.49410443131087234,0.4631208419186996,0.4914499594908761,3.593919508804453,2.9518547439419978,3.4849431860753444,3.4277050165350165,3.531110228036718,3.4366859630943987,6,9,23.631927345940554,4.861268080032262
YFL030W,0.5529185397959115,0.48197963881384687,0.6482614168012666,0.5319333850520638,0.3656813808686873,0.34039017720288556,0.5455653143473326,0.5872551526453854,0.48390869511160994,0.5582223925888252,0.6498410628601955,0.6626694936490953,8,8,0.6774230651317339,0.8230571457266707
YGL033W,0.7950150444020725,0.7397729795807608,0.6721564063402767,0.5864416374416783,0.7554431100796414,0.728086912416152,0.09023339810503571,0.1016675863501214,0.11411419462369131,0.12816655831518572,0.09855899584254942,0.10392532094431062,7,9,0.04041715829787005,0.20104019075267027
YHL016C,0.7551020272460475,0.6626952649317462,0.678948762019792,0.5592825390582213,0.7885169222230617,0.6002589367365012,0.036394021182307175,0.04271187800379481,0.04167010769968407,0.04882222604317056,0.033820128982940185,0.04649720311444361,8,9,0.005503361418087932,0.0741846440854705
YKL006W,0.9339181420318825,0.8427573774321222,0.9414864710422082,0.8158775009157426,0.9100500115931858,0.8405573218450751,0.2752027377140056,0.42451864234763237,0.25896422560502297,0.45937256864452114,0.3210792081235246,0.4274781464800554,6,9,1.1662090105067624,1.0799115753184436
YLR239C,0.7569063114032273,0.6626861590560973,0.7468684567333714,0.6152547288462006,0.7277400202876514,0.587787884390219,0.02426676211191308,0.028585255078221003,0.024762707312807074,0.030528933743948602,0.025681293540968087,0.03159987518015278,7,9,0.0024649216532438203,0.04964797733285637
YEL041W,0.774741922319811,0.7976040372018575,0.7213787297720611,0.7367521607075457,0.8043915935268386,0.7466876147849839,0.03921435762740262,0.03717113661336302,0.04361260743786751,0.04239233378464326,0.036542535367274885,0.04158465765904244,5,9,0.006946450970313305,0.08334537161902457
YDR030C,0.8303657285886406,0.8135682032577359,0.8185695785298659,0.7698010123148984,0.7745253916950106,0.6895763099950498,0.028832518731137263,0.03022635484605743,0.02981815985487756,0.03358748524581146,0.03324104012037434,0.03900346695432579,7,10,0.004986601987183956,0.07061587631109563
YDR284C,0.5523082268204034,0.4336531509738002,0.5129804619903897,0.4050045785491103,0.6102473116681877,0.43888626389001173,0.03797674003158736,0.04271391401061563,0.03960967845833834,0.043780925359526435,0.03543420426993224,0.04251611518078404,9,8,0.0032780033069132464,0.057253849712602264
YIL123W,0.3122075325208755,0.21960234754418473,0.27300782107327104,0.23172884626171963,0.4332216347405762,0.3174354642598969,0.0821607306027389,0.08751722972877789,0.08446960323275947,0.08683460806744117,0.07458340679261202,0.08184788185297726,7,8,0.009986752976269086,0.0999337429313497
YGL178W,0.7267544303994621,0.7356143027126025,0.704218113899755,0.6115765927928329,0.7096414324091183,0.6341848428082724,0.028670094576909125,0.028201456565425193,0.0298289762305317,0.03418261297541753,0.02955424598519917,0.03317289767720122,6,9,0.0030609642689921964,0.05532598186198051
YKL049C,0.8496299890087311,0.9224029252299786,0.8406638981548883,0.7592526280837781,0.8785909213010086,0.7243915520959422,0.034912018316043715,0.025079392703025727,0.0359377956607432,0.04417485355818551,0.03137039035059729,0.04726510246185374,6,9,0.0082478702429769,0.09081778593963244
YLR348C,0.5894568261629292,0.42030490157377454,0.557865438314989,0.29633284379527625,0.6047317171549863,0.34390580065572096,0.047062814911288296,0.05592400887269839,0.048840006644165025,0.061614385600230574,0.04617899375317566,0.05949515233710986,8,9,0.005489718830301122,0.07409263681568583
YOR008C,0.22850821431374857,-0.3627162682973921,0.08311649610611682,-0.0365990947044017,0.42925122065214516,0.4888675816663839,0.05823768340851981,0.07740003522255819,0.06348856595882381,0.06750622935733987,0.05009114207392365,0.04740292617009882,7,9,0.004473320486852491,0.06688288635258269
YHR002W,0.8189000970283448,0.7877935965269206,0.794029668949062,0.6829316559300711,0.7769206334592067,0.695588627329542,0.02535809648464065,0.02744964824814928,0.02704331174997328,0.033553202921737836,0.028144092042292367,0.0328766817655101,6,10,0.003613002151272267,0.060108253603579825
YHR038W,0.8223130176284044,0.8084551724982125,0.7771821602003084,0.7435292852391526,0.749508185831948,0.6007866965354969,0.024819704721885195,0.025769382914460667,0.02779353480478868,0.029818630645271536,0.029469011859479168,0.03720242991298267,8,10,0.0035276927039379906,0.059394382764180575
YPL063W,0.7731351202323644,0.6629032973603293,0.7940604239037139,0.6077637099659275,0.7850034918053587,0.21275320295201205,0.044239367357741914,0.053926536154040576,0.04214976720127682,0.058170012793489455,0.04306663864105025,0.08241015372407162,7,10,0.008778163871571635,0.09369185595115316
YDR395W,0.8507167566563201,0.7277707625353295,0.8685786316060865,0.6145190155571342,0.8328483722383758,0.6371142217147456,0.024822131738395432,0.03351976216829418,0.0232898417518294,0.03988733538810165,0.026265692182853417,0.03870067317104732,7,8,0.004199718953867355,0.06480523862981569
YGL174W,0.8515201216758733,0.8667188084373458,0.8576304876386827,0.6874133903808245,0.8609805232386911,0.7453301594458741,0.02480082559207789,0.023497235529240938,0.024285152529133235,0.03598466979088448,0.023997729933957518,0.03248037950538362,6,10,0.004215196368513387,0.0649245436527157
YGR084C,0.6844127284633144,0.6222197773642455,0.6863831585332913,0.5266809438159137,0.6084296161933355,0.6080112878310955,0.024643716381363586,0.02696286714082755,0.02456666201610794,0.030180293404712736,0.027450570896704767,0.027465230185891094,6,9,0.0019581504787865773,0.04425099409941631
YGL238W,0.8521166662090518,0.8711005454303926,0.8036459005692878,0.5388265868498611,0.7972127750925735,0.39885273555497924,0.03340746908629686,0.031189578005387256,0.03849496644122196,0.058995120156620076,0.039120487218766035,0.06735570660838575,7,8,0.0076792897748108845,0.0876315569575874
YJL085W,0.8571386005759332,0.8712255014224528,0.7964760958917825,0.5220785331429956,0.7040564130851136,0.07187139635217388,0.020182598424795636,0.019161723223938252,0.024089475352178674,0.03691457716455557,0.02904852571208221,0.05144269443143156,7,10,0.002901298383630894,0.05386370191168533
YIL057C,0.5351862844414803,0.04877631857019127,0.55367375604509,0.10425481277875248,0.6021269513567697,0.3539530857892381,0.2297515055528698,0.3286701216928951,0.2251360855548938,0.31894157930651384,0.21256470751852005,0.27086377501946024,7,8,0.11555558360460474,0.3399346754960499
YPL011C,0.5775075286633401,0.6172651996714331,0.591179261046533,0.5303048894201245,0.5851429859134841,0.5204997851687899,0.029920034436494727,0.028477481478477906,0.02943195164461674,0.031547185646848046,0.02964843817406599,0.03187476597774784,6,10,0.0021560475844457612,0.04643325946394202
YHR111W,0.749407531722023,0.6854930061269549,0.6944407449073865,0.4033914051695101,0.6595944640198055,0.5213461868067555,0.023208501731894732,0.026000293563464876,0.02562777007982044,0.03581029103024908,0.027049634731448117,0.03207553133756767,7,10,0.0021871538494327588,0.046767016683050874
YJR019C,0.7767980750160127,0.4867751676629837,0.7464834263280908,0.6045656254870699,0.7452194285698488,0.6876607547515403,0.039217622719691564,0.0594683826263893,0.04179607257626925,0.05219988015360486,0.04190013767549424,0.04639226479278468,7,10,0.007011609657062031,0.08373535488108969
YPL004C,0.7039520818652306,-0.007511728203824841,0.6448803664625704,0.5375803797450277,0.6678023873380863,0.7368311499973428,0.22919842235353763,0.42282014751960256,0.25102556898984424,0.28644994591378814,0.2427889247615324,0.21609656302604044,7,8,0.18055701834261745,0.4249200140527832
YKL182W,0.8369868596854653,0.7178034652442773,0.8548156789109763,0.7113740562442339,0.8692893076029462,0.7901169821716039,0.23380005953575095,0.30761616158529004,0.2206445321432148,0.31110070372074083,0.2093576660593126,0.26529066022952197,7,7,0.3412084350711819,0.584130494899198
YCL033C,0.6621221694456896,0.6564810157707324,0.6317504890170971,0.6266208394534568,0.6303063605139059,0.6368389877563596,0.042036391031151504,0.042385854818304,0.04388505673738826,0.04418965513573618,0.043971022431018844,0.04358079855006082,7,10,0.0053216252410422035,0.07294947046444
YCL024W,0.7758577549528036,0.7872560691925776,0.7566835673025762,0.6017167875112738,0.7486390280007338,0.6098671925717383,0.026187035933045,0.025512503364681787,0.027284135999435355,0.03490763980589006,0.027731503041985836,0.03454862136042702,8,10,0.0031131647803997876,0.05579574159736375
YHR021C,0.9353371820215554,0.9082093319902296,0.9052177440317175,0.6742561379855987,0.9287782235947487,0.8412987400922016,0.34908460671214664,0.4159131485390912,0.4226364070966511,0.7835045187099863,0.3663614639793782,0.5468819281955354,6,10,1.9176083312755938,1.3847773580166574
YDR229W,0.8316589665794449,0.804557964636641,0.7677597958323655,0.7091483883713352,0.7815792498700587,0.5984143986312986,0.023699747738218715,0.025536285037280275,0.027836679630856325,0.031151894703025082,0.026995767308294314,0.03660477952826126,7,10,0.003395084561345353,0.0582673541646208
YKL114C,0.7988051107052477,0.7520184419726225,0.7223048943547485,0.4927814531618946,0.6381401323907139,0.6087183237226546,0.018213620601768045,0.02022076144321565,0.021397938064855404,0.028919140163195915,0.024426318936493472,0.02539993285856826,7,10,0.0016777558615022805,0.04096041822909381
YLR068W,0.6406312123529565,0.5439745158946304,0.6551195855643601,0.48749921482152503,0.26383170041776705,0.5907078834398156,0.04331993431682221,0.048799140038719525,0.04243770387926018,0.05173266835343523,0.06200206703239585,0.046231107995446406,9,9,0.005313593931955225,0.07289440261059298
YLR220W,-0.04626235361231501,-0.117293063267357,0.008126747836757375,-0.07916153314557506,0.04102179837586939,-0.10801641735513101,0.5823099950468081,0.6017519362590662,0.5669725520119259,0.5913943531173668,0.5574915805103217,0.5992486203372347,6,7,0.3297775051993607,0.57426257513385
YDR063W,0.606712036389202,0.5186616431370923,0.5485304175843866,0.481693895323578,0.6909301331107727,0.5616695613139238,0.03709772818925576,0.041040932772019915,0.03974717206360278,0.04258779444947971,0.03288670175693604,0.039164519468648754,8,7,0.0035607141661735,0.059671719986719836
YGR271W,0.8013782912906176,0.7788136191921204,0.7723033606062824,0.6220995831796228,0.7170408226835355,0.6189558652482797,0.024996200992093636,0.026377877224215966,0.026763256825735708,0.03447857727110552,0.02983475963811674,0.034621692264007596,6,10,0.003200917202047701,0.05657664891143431
YIL021W,0.665725178789912,0.6305871860616377,0.622017084143681,0.49884448753857535,0.5924146091824027,0.37575412395338537,0.029284110862242432,0.030784789452722817,0.031139834149969698,0.0358563819643989,0.03233623960839598,0.04001824610209963,7,8,0.00261043904887596,0.05109245589004271
YLR289W,0.8051166183628844,0.801632612905412,0.7860645971046314,0.7110912451351001,0.7395086443052534,0.6576235031463311,0.02578606897864109,0.02601554168434298,0.027017120902709326,0.0313962723598567,0.029812225295606877,0.03417824106464322,6,10,0.003471751334510044,0.05892156934866929
YML102W,0.7357877936792505,0.635834034701264,0.7141556596872355,0.3452689260087086,0.6960277387452618,0.6694066589054519,0.0299726840969277,0.035188347712520364,0.031175540834021877,0.047182470191861704,0.03214890420956183,0.03352711996065889,7,10,0.003459804291013802,0.05882010107959525
YMR199W,0.7904371265273322,0.7273346276785426,0.7580883589230974,0.6577739991745608,0.7387963148955101,0.46235208560573837,0.025340403752617077,0.02890489203772777,0.02722605651797568,0.03238268527818089,0.02829085076399904,0.04058871859366298,8,10,0.003117926360101672,0.05583839503515186
YNL094W,0.5925048553613073,0.6303562759684362,0.616904571846956,0.5562637561137882,0.635384087192139,0.47693872352976063,0.03389528306307135,0.03228268989715647,0.03286484061854405,0.035370442846035244,0.032062387243225646,0.038402043085461815,8,10,0.0028688591704022263,0.05356173233197584
YDL107W,0.7976654535542739,0.8278217340048872,0.751888377422399,0.7229262269952506,0.7201854865028907,0.6847192098989939,0.025317762233921126,0.023354977957170224,0.028035857979052854,0.029627022424611255,0.029773193179081572,0.03160378160403415,6,10,0.003223544958220914,0.05677627108415024
YCR072C,0.7737907454139847,0.7106091864056366,0.8047664785040446,0.6699579270498168,0.7317815383850512,0.5039595217207358,0.02652792112731831,0.03000477702264875,0.024644795980737922,0.0320429643355418,0.028886329905486008,0.03928317594087597,7,9,0.0031655501960486812,0.056263222410813635
YFL031W,0.06806825357536805,0.04404915242582952,0.0223928162978837,0.10201906854422615,0.12621705136888606,0.1268570274383457,0.775013297782616,0.7849371468638745,0.7937784298549619,0.7607652352288439,0.7504450267085979,0.7501701559121559,7,9,0.6558240519178837,0.8098296437633558
YCR019W,0.8403752611899719,0.8571528701619757,0.853383849729252,0.8201338324417133,0.8068119044907152,0.7427942136985002,0.023256815539536384,0.022000670049499856,0.022289024133848194,0.024687373581840075,0.025585289124446953,0.029521642434778218,6,10,0.0034478902620912245,0.05871873859417643
YPR161C,0.8447126042986562,0.8260018794604633,0.8284630186226961,0.5281722404930128,0.7729378083260824,0.6651012627156982,0.01860789838896667,0.01969706423501454,0.019557264269697755,0.03243552762071167,0.022500990450206603,0.02732662377698485,7,10,0.0022688802937262356,0.04763276491792425
YFL024C,0.5974557868627481,0.686460343372252,0.5681315649118979,0.47269414505783847,0.70752949923733,0.3564870775912683,0.03597355867572582,0.031748473423861834,0.03726081415296657,0.04117256324439577,0.03066321180629859,0.04548364327831777,7,8,0.0032711944070360974,0.057194356426452576
YOR327C,0.2593054523307132,0.31584640143730325,0.36569391514971084,0.25489813418994645,0.23833791023213413,0.27163515793860016,0.17900992038060307,0.17204194086254526,0.16565592135031346,0.1795417074260708,0.1815259404800742,0.17751375575500578,7,8,0.0440218397893816,0.20981382173103277
YER175C,0.7948314971030545,0.6584908840893271,0.7847042624574639,0.6649392578909995,0.7405953974568703,0.6427790735365428,0.025149949796477087,0.03244762604465664,0.025763181528659407,0.03213982818640001,0.028279427711934726,0.033185642015058664,6,9,0.003137015708259814,0.056009068089549696
YDR243C,0.8362854158559672,0.8233201862442567,0.7710741035739337,0.7662739730290277,0.7816816025820746,0.6771796435108484,0.0252416076955997,0.02622205925287606,0.0298483816962082,0.03015968952094203,0.029148653346894364,0.03544490236524727,7,10,0.0039600420171126685,0.06292886473719884
YBR072W,0.5240470255619921,0.24658625421016578,0.5628766642831624,0.3169208794844266,0.48048793287976077,0.6925100481798323,0.7750106233992177,0.9750848363414246,0.7427242927312097,0.9284555962428757,0.809698720193145,0.622932654137805,7,8,1.284116433328209,1.1331886133068092
YHL022C,0.8305056322712624,0.8760627110614719,0.8304093080864842,0.6805036653586487,0.7614982583989455,0.8027076686473023,0.030798493942010285,0.02633618354132554,0.03080724413971047,0.04228484902543128,0.036534033409782,0.03322821000878185,6,9,0.005694516115712928,0.07546201770237082
YDL203C,0.7849028360467103,0.8248282142452115,0.713835444280816,0.5821178804533946,0.7639724593958455,0.6055546386755286,0.025877357948144147,0.023352569311678117,0.029847675307644508,0.03606861660841874,0.02710715453457238,0.0350425754961556,8,10,0.003167804125713601,0.056283249068560366
YGL246C,0.7849265080175736,0.7088537478882919,0.6531309814782906,0.4015134696039372,0.7658371786855583,0.3909743531656399,0.022514280779049108,0.026195110611347237,0.028592187979444322,0.037557080497574814,0.02349219546700294,0.03788632021142952,7,9,0.002398183481693452,0.0489712515838982
YOR009W,0.7890835844827261,0.6895335057273899,0.7858885627307988,0.8110868251230362,0.801104944330249,0.6597955545421578,0.03721707005779245,0.0451538054921371,0.037497897912665105,0.03522233249147499,0.0361409015948692,0.0472668848808869,6,9,0.006682317642258781,0.08174544416821515
YIL066C,0.8490749126479453,0.8442113110183387,0.8182490420021195,0.7720900608974888,0.7818064414465506,-0.9072028661884579,0.027080795295442748,0.02751367846809565,0.029717963895632308,0.033278391676062884,0.03256129425905799,0.09626737767074375,6,10,0.004944410621495021,0.07031650319444946
YBL011W,0.5115134788052653,0.05073252886954316,0.33953221962610647,0.28562386414958907,0.3479077903648804,0.5357869616322535,0.021098474800498496,0.029411628288551317,0.024532995955389873,0.02551456910253087,0.0243769448634709,0.0205675914159841,8,9,0.0009272624563147528,0.030450984488432434
YML063W,0.9304960212809213,0.8041413601034125,0.8973402383026954,0.7651328605923091,0.9341131538177342,0.7315526740797655,0.5516178322644527,0.9259868755818987,0.6703993584689734,1.014015499286699,0.5370723867005951,1.084084176001943,6,9,4.454716454590167,2.1106199218689676
YPR135W,0.7769937907124029,0.7732249576813783,0.7304339543462608,0.5515924273036712,0.7672273144389005,0.7067077907117896,0.025839353896105345,0.026056783267046395,0.02840898819166765,0.036640352358598874,0.026399103634313664,0.029632850897921337,7,11,0.003046488075279581,0.055195000455472244
YLR134W,0.5215579957655735,-0.5366309217935341,0.20926127013711093,-1.7076495418188324,-0.3620398393956299,0.3632378317169159,0.04367804873470402,0.07827685389779686,0.05615198112494497,0.10390699948669038,0.07369592654781641,0.05038916996336361,7,9,0.004057423067520234,0.06369790473414517
YAL027W,0.8021356913977964,0.8498049085508264,0.7829372744962508,0.6807822654750595,0.7310324302344986,0.7357339420374926,0.026654743137587516,0.023223017029284133,0.027917941747513487,0.033855893227156965,0.031077117533819722,0.030804308492690557,6,10,0.0036537150956732277,0.060445968398837216
YLR413W,0.7548998669540317,0.3514529854982045,0.7988922805475593,0.39120149591865305,0.8402391838383123,0.516102627598499,0.07041759162509019,0.11454605228848164,0.06378576443007583,0.11098037357077783,0.05685184054832018,0.09894321682707796,6,8,0.020585997987196934,0.14347821432955224
YDR242W,0.8172409604510409,0.7907386877054083,0.7966830857555617,0.6292311043838108,0.7143659089562975,0.6768357785401817,0.026841750419718865,0.028722079013867422,0.028311192011486366,0.03823165047093819,0.03355648173279842,0.035692998742267154,7,10,0.004011399708504891,0.06333561169282957
YKL110C,0.7592799024163251,0.7144652418747695,0.7483842862974013,0.661219042345536,0.6312042617851308,0.5955902121026245,0.022960794244607476,0.025006921029942432,0.02347467624509641,0.027238941507368445,0.02841997413118271,0.02976059162725209,7,10,0.002228510069231784,0.04720709765736275
YDL056W,0.8299311418121887,0.8373963657326539,0.8382118776274557,0.7307347714357288,0.775752615758454,0.6729148170738564,0.0229191512229378,0.022410485036168448,0.022354216337333595,0.028838739194729426,0.026317814718535358,0.031784586626739025,7,10,0.003142862652951996,0.05606124020169368
YLR305C,0.9052500484991406,0.8523674770159494,0.8800901143054082,0.5576587683521247,0.8983971348600691,0.7935366784208795,0.022469411969463608,0.028047440131065807,0.02527724298738317,0.04854907057980397,0.023267792721328753,0.033168334438135716,6,8,0.005421975558114586,0.07363406520160751
YKL134C,0.8187183077018457,0.822893755480679,0.8250974272417267,0.5575860931890524,0.8122107929669026,0.7671183053027428,0.02675331719004647,0.02644341874191001,0.02627839063019336,0.04179410700388956,0.02722926880565385,0.030322732986007052,6,9,0.004017486891282805,0.0633836484535468
YBR094W,0.7962444297528745,0.9044412480748711,0.8258616927202428,0.7910640733442407,0.8017251195772168,0.6643284816161515,0.027727889344081144,0.01898879043345024,0.025633577764072043,0.028078158990100046,0.02735243000725636,0.03558928914834005,6,10,0.0038395229869304967,0.06196388453712773
YOR140W,0.8378396657022646,0.8853772807562531,0.8453043648954434,0.8045413508557053,0.8552019638490688,0.7271117870744874,0.024849872887511944,0.020892346002486545,0.024271179714299564,0.027282194611234906,0.023481897712114237,0.03223622992319856,7,10,0.003874867442053403,0.06224843324978873
YEL059C-A,0.7622197360246422,0.6566189873381996,0.6913948565025939,0.5329713595430061,0.6173729407155244,0.5412436606029787,0.050460370420542,0.06063881006086967,0.05748626756116996,0.07071870333440342,0.06401037505041379,0.07008959833720446,7,9,0.010896278666912033,0.10438524161447361
YOR189W,0.7246445394782505,0.7590486599589651,0.7447512242151932,0.6078710411683866,0.7578888094100501,0.5456343734943421,0.029068721279182398,0.027192162948230233,0.02798729432404692,0.03468914048855246,0.027257530881253038,0.03734064500977701,7,8,0.003122563652491394,0.05587990383394905
YDR212W,0.8312408693101967,0.7602638602785321,0.8199019494625063,0.5593863043783662,0.8091347685766958,0.719325560213374,0.05182725011501215,0.06177194563409066,0.05354008206087964,0.08374396562360545,0.05511730041918301,0.06683838672695662,6,8,0.016195792017793437,0.12726268902468404
YHR195W,0.6954912666742576,0.5449839993982541,0.6427520919129226,0.6108338938654018,0.6675345162103488,0.5933268368704123,0.027939572872171962,0.034153343066510404,0.030262495185688236,0.03158547341529016,0.029193970722872255,0.0322881114044939,7,9,0.0026085124279576918,0.05107359814970639
YOR356W,0.6590444638595317,0.6819326458277793,0.6364160600149096,0.5108052023327323,0.5883383191355238,0.5008714369439871,0.031516020147503924,0.030439817497991583,0.03254504242102107,0.03775056110300354,0.03463001803052122,0.03813192304573116,7,9,0.002964272535641407,0.05444513325946964
YKL183W,0.8071582607134526,0.8161579967755747,0.8056468773481471,0.6933226371158605,0.7119570828155546,0.725118948697875,0.027248780367057773,0.026605346553114133,0.027355352147880763,0.03436271012395496,0.03330237054674041,0.03253261323096723,8,10,0.003917835840175849,0.06259261809651238
YER071C,0.6620583531457704,0.7134840184751436,0.627930432392624,0.39361025988653797,0.5516540582593694,0.6229505411845297,0.02588560246294749,0.02383481826414492,0.027161233802666437,0.03467475023115564,0.029815633454559478,0.027342396701674206,6,10,0.002017567048237181,0.044917335720601026
YDR280W,0.6408737840256581,0.5709151128364255,0.6548387690635193,0.47324953261947356,0.5833131088189182,0.46848334114432,0.026361533413118636,0.028815006603632808,0.02584390397826746,0.03192637268849011,0.028395664297722868,0.032070486979768574,7,8,0.0019690074815229223,0.04437349976644757
YML125C,0.20797374508511413,-0.16844286697992406,0.18379429447704065,-0.1485876841288989,0.046236379306305087,-0.2726552577822281,0.041963272429978306,0.050968669900862074,0.04259899688532578,0.050533762739628264,0.04604897163226157,0.05319305669459847,9,9,0.002262310736746117,0.047563754443337596
YFR014C,0.6884822740821054,0.5924353977474428,0.6247307287233661,0.5493269684415933,0.6751668681422269,0.5069856155271146,0.035192614486215544,0.04025393852626746,0.03862617040670628,0.04232928526657302,0.035936875070164714,0.044273101346773376,7,9,0.004045511483243055,0.06360433541232119
YBL052C,0.7849004712080351,0.7868733970484394,0.7378978748446628,0.6793060608011329,0.7574007087524752,0.6010285856003124,0.0240830991383563,0.023972397773207636,0.026584464407776922,0.029406139969341667,0.025576281768716038,0.03279922138063938,7,9,0.0027437113877032005,0.052380448525219794
YNL020C,0.7618106235844453,0.7403500295403318,0.6668284163255156,0.6058878989645105,0.6596218133634588,0.5247543068129851,0.03058593547478821,0.03193410236097209,0.03617383479702336,0.039343270536816764,0.03656296733001196,0.04320357340790825,6,10,0.003996449103758242,0.06321747467083956
YOR173W,0.6587084609175691,0.32677548008493307,0.6457555216833746,0.49108759182066886,0.6714885686022294,0.3931214578119949,0.11234145028319276,0.15778191684005394,0.11445342936935182,0.13718252274578965,0.11021799552533831,0.14980563721973228,9,8,0.037627699610760255,0.19397860606458706
YDR348C,0.7017148796946944,0.5899588555967626,0.623597705730704,0.3595144689541967,0.7156191291824525,0.5064468896249322,0.028938100727855784,0.033928756876642374,0.032507259652134315,0.04240420162695638,0.028255592535882466,0.03722384026144018,8,9,0.002856680014154374,0.05344791870741436
YER162C,0.12821454344907768,-0.8751667603410775,0.12569193078798857,-0.5351074260037598,-1.626180194876826,-2.8298231383581403,0.053613362814712386,0.07862998388947073,0.05369087503448708,0.0711438928100098,0.09305302579263337,0.11237186739266493,6,8,0.003354977525655103,0.05792216782592916
YML075C,0.9342187890515571,0.9007299169210294,0.9120538833777472,0.9209661044354887,0.9249041764544431,0.9273456446975484,0.05976190729214472,0.07341464619099292,0.06910060521447371,0.06550586892038388,0.0638530151658846,0.06280646411934941,6,8,0.05524591524322616,0.2350444963049043
YDR429C,0.8937589690931984,0.768817150685318,0.8839948771618881,0.7044767365364364,0.839607628121227,0.864140107928641,0.06536728780773397,0.09642555199858682,0.06830506545013833,0.10902100085168424,0.08031676036242691,0.07391965994079985,5,9,0.04092435028036146,0.20229767739734794
YGL251C,0.8450381187959393,0.8147399551457785,0.6912445871610673,0.6334070256346833,0.8436777863844941,0.84368047472973,0.028854868871110023,0.03154986806602338,0.040729957324372186,0.04438116863926257,0.028981243322796404,0.02898099411981818,8,9,0.005467218965006456,0.07394064487821604
YHR069C,0.5647751216920367,0.4868407488240263,0.5445929648492461,0.37288913373881605,0.29081262712146627,0.390539305165462,0.027888198906634763,0.030282358208036715,0.02852748454078317,0.03347617072630239,0.03559951720725481,0.03300171141439705,9,8,0.0018183620543848476,0.04264225667556593
YPR171W,0.6922947245793911,0.6889813907276796,0.5423787128450737,0.41487742063066735,0.48560587424072255,0.4831571059150631,0.02585614372180189,0.025994978924277885,0.031531845597514756,0.035654940074278496,0.033430608553041065,0.03351008712256053,7,9,0.0022107808912689084,0.04701894183484895
YOL020W,0.9046511364928775,0.8317487629974819,0.8530488474030482,0.7577631724317789,0.9064433267836464,0.7351004085960114,0.021379379008947794,0.028399876986241385,0.026541399825478845,0.03407669059590638,0.021177501010041885,0.03563509904090063,7,9,0.004877842685210634,0.06984155414372331
YBR145W,0.7034104727607282,0.5543146324648254,0.678951943216536,0.6229579494700724,0.6199428189575302,0.48870502441420594,0.027934541168950246,0.034243474552025636,0.029063549913075238,0.03149622692563042,0.03162191069950108,0.03667747240335652,7,9,0.002677197500593346,0.051741641842845944
YBL088C,0.8010058267326715,0.7935626051117679,0.8062027316498033,0.5134373022484612,0.7922878820202134,0.6779227334889321,0.028281042130681663,0.02880510175349358,0.027909307092950822,0.04422263680575451,0.02889389869777063,0.03597951166812334,6,10,0.004089814359197803,0.06395165642262758
YML113W,0.7806192987881118,0.7779980866396883,0.749057260165576,0.7041984767136698,0.6387774511441242,0.6252543717393986,0.026829998432296567,0.026989808050715353,0.028695166883957075,0.0311545613046828,0.03442776766926049,0.03506628229594162,7,9,0.00333884310892009,0.057782723273657584
YLR341W,0.39000464109922306,0.3146618118637131,0.39417841640330165,0.3781534253762444,0.41590889582283175,0.3712429190681956,0.0750981210002093,0.079600953782132,0.07484075781853525,0.0758241287289382,0.07348625262281352,0.0762442769084265,7,8,0.009407727922218268,0.0969934426763906
YNL081C,0.7723844306433469,0.5830096168747931,0.7498463585890636,0.2730701445481648,0.7260953189180628,0.2527078065133658,0.035656355730757296,0.04826129717839115,0.03738000764014157,0.06372094739468148,0.03911431225533666,0.06460724080970905,8,8,0.005683620608937691,0.07538979114533804
YDR140W,0.6666130961513986,0.736175797605094,0.6485078225128016,0.5402828025484431,0.6575468847548045,0.5949035027882821,0.028138555073983718,0.02503138277918108,0.028892515614577955,0.03304250008657332,0.02851859234044348,0.03101749840324495,7,10,0.002416619007518085,0.049159119271179844
YAL047C,0.8172763710821427,0.834625498077051,0.7885931166460636,0.6689597929230526,0.7647695192426008,0.6754314140664328,0.02718004401566365,0.025857532212614952,0.02923562358795798,0.03658416712122287,0.030838951068557958,0.036224803763675525,7,10,0.00411394742728908,0.06414006101719175
YGL017W,0.8302574222717554,0.823266852225667,0.7641528616400182,0.6612919858842194,0.786905240920384,0.7100670181805164,0.024634192043138412,0.02513633365941205,0.029037433737812177,0.03479811046895695,0.02760128557686245,0.03219524521496973,7,10,0.0036378014380958916,0.06031418935951881
YOR110W,0.773646465482442,0.7663458786750014,0.6940520831912695,0.6432134917725874,0.7210016891935203,0.6617615164173075,0.022326973800097658,0.02268417272163187,0.025957327272071624,0.0280311189413076,0.024787744412456608,0.027292777319673504,7,10,0.0022409160285323183,0.0473383145932797
YLR228C,0.787490106635799,0.8668373940520271,0.7877946113011765,0.8001374584105909,0.7194602157564126,0.12370859317137439,0.0247467282176065,0.019589319733990206,0.024728992112695972,0.023999042506865596,0.02843318045289751,0.05025190018302741,6,11,0.00293230784242848,0.05415078801299645
YHR013C,0.7133630938770517,0.7229107769103854,0.6658822000955503,0.6843681860598556,0.6257935322913549,0.6779664529085094,0.028820596150599714,0.028336533702971595,0.03111621134716736,0.030243168681263668,0.03293006218840199,0.030548329333223077,8,8,0.0029486752883632924,0.05430170612755452
YBR006W,0.7492621866265948,0.5373378703877159,0.6996946601539503,0.5230864248265148,0.7563083011276407,0.5038413828597457,0.04183782809636133,0.056831771071899746,0.045786847365714846,0.057700430896497186,0.04124578578467207,0.05885311893218412,7,9,0.007103486608197303,0.08428218440570524
YMR037C,0.6160718161681729,0.14923347141739285,0.6134822388765304,0.15884048203739787,0.5133619107390925,0.5954344276325679,0.027077084008067576,0.04030715011430141,0.027168247363497138,0.04007892615767905,0.030484560931751812,0.027795299397313285,6,10,0.0019431526902192549,0.04408120563481964
YPL145C,0.802206550579134,0.7944075601021178,0.7657583172149417,0.6156199701778147,0.834077734196248,0.6778062725943048,0.06958481525120479,0.07094341604019344,0.07572523259744464,0.09700384173429749,0.06373248628326357,0.08881106271841585,8,8,0.024909797126338406,0.15782837871035235
YPR182W,0.7352837805953008,0.7424453167110997,0.7591278440486602,0.6767504165862676,0.7089718832925513,0.5567825802483582,0.03921277283024637,0.03867871196021735,0.037405079098464016,0.04333175355375205,0.041115421987618875,0.05073944214838823,6,9,0.005910547242447754,0.07688008352263774
YOL044W,0.8386849098267852,0.8532341183095964,0.7964563772373545,0.7248241019629251,0.7941929663930288,-0.634036244644655,0.027329622180553893,0.02606805833308721,0.03069904604255637,0.035694501938353,0.03086926128152909,0.08698151603789414,6,10,0.004711350321899594,0.06863927681655449
YKL029C,0.5079362640777241,0.6042469394667288,0.5345347181388793,0.4802994410101534,0.40797019008723934,0.26255636182587305,0.10585152350014822,0.09492892752304719,0.10295088397551756,0.10878349939689318,0.11610695106321832,0.12958384137511272,6,9,0.023169998437955537,0.15221694530490204
YER184C,0.735883537703276,0.7417898407403287,0.7032833808070345,0.6610329077076498,0.7458558524666753,0.5219735294023458,0.029420145102494327,0.029089331267781092,0.03118300832171693,0.03332927322630032,0.028859388938162884,0.03957975009315949,7,10,0.0033346271909853093,0.057746230967789657
YDR464W,0.7303235097147771,0.7350555455284544,0.6783326430342185,0.6312255008019703,0.6873789328070792,0.5259059324123179,0.02690240852071025,0.026665334528403046,0.029381442565250028,0.03145937284467074,0.028965347306463766,0.03566989903599946,8,9,0.002730815612159139,0.05225720631797244
YIR037W,0.6745750963929367,0.5897402522129223,0.6378168766883369,0.6801630786617521,0.6424513746706362,0.6998785259648812,0.1248064004662613,0.14013316141014742,0.13166658461359218,0.12373021388556935,0.1308214690772814,0.11985606103124516,6,9,0.04870528274104045,0.22069273377490353
YER096W,0.7029594654574897,0.5074475431584251,0.6784455534273907,0.8509269235906648,0.658593375958149,0.7570659105072126,0.07133574724233054,0.09185982226581461,0.07422096826560293,0.050535778805582646,0.07647778964871942,0.06451245757552819,6,9,0.017432185946255917,0.13203100373115367
YAL063C,0.9121173775221747,0.7733969341506417,0.9057002285750264,0.5603066028218651,0.9206454251247442,0.2748905979895243,0.1538343829835278,0.24702152618223452,0.15935189408046496,0.34409382729009086,0.1461799788062928,0.4418793211030152,5,10,0.2740040346161317,0.5234539469868689
YPL165C,0.7668986761882678,0.6735102998627559,0.7166658939438819,0.5570455443264021,0.7075039302837761,0.5302907917628006,0.03406739085811365,0.040318210297516574,0.03755916520238305,0.04696194121522723,0.038161595221574286,0.04835941519946537,7,9,0.005066244490207364,0.07117755608481767
YGL172W,0.7875466376525075,0.8152212194433631,0.7549277340032688,0.6816971307710828,0.7058047012424924,0.6516841940007128,0.022298736333292123,0.02079574561611674,0.023949449276110913,0.027294096624434383,0.02624014992988986,0.028551901664174626,8,10,0.002381496972795763,0.04880058373417026
YGL142C,0.8117113493354113,0.7459556112982642,0.8282780042878505,0.5667669864590341,0.7694431087338187,0.7532876766434284,0.03010065805980849,0.034963807623299384,0.02874596432110015,0.045658820737927,0.033308338722819575,0.034455562175598045,7,9,0.004896446066564326,0.06997461015657269
YGR060W,0.6849485093904952,0.5036721229750807,0.7318320223634434,0.39144336401728563,0.685137964215628,0.5044139791957807,0.42768021449141785,0.536800268269725,0.3945770742721478,0.5944001236776075,0.427551603347688,0.5363989433038013,7,9,0.5907584163290354,0.7686081032158296
YFR032C-A,0.9718660935023291,0.43083986386870343,0.9597463988556867,0.2766122546762826,0.9548820522895779,0.581956289234578,0.4161088799242402,1.8715834721719775,0.4977305908006801,2.1099761079579267,0.5269466311123563,1.6039942647104535,6,8,6.262346098813842,2.502468001556432
YDR489W,0.8104871894602719,0.8113415185975308,0.8106950802169369,0.7204919602713236,0.8169024741269968,0.7499693789080117,0.025255777555324654,0.025198786371717966,0.025241921279904052,0.030671753819328268,0.02482462492811364,0.029009353978745604,6,9,0.00342480661011798,0.058521847289008055
YER075C,0.7471695812405693,0.7562851101370773,0.7816304288008847,0.6505920136676631,0.6863609169405367,0.5534021387497207,0.025763979921893523,0.02529527013653099,0.023943870264554728,0.03028758902684688,0.02869547233850258,0.03424180182868491,6,9,0.002671466410486802,0.05168623037605666
YDL013W,0.8650809607978269,0.8453199663006821,0.8308278583715356,0.7965734591106531,0.8477355206341338,0.71182480009421,0.02209961040001657,0.023662745161633688,0.024746422372529036,0.027136373284799464,0.02347725399388359,0.032298049746408077,7,10,0.003683402113995657,0.06069103816870871
YNL132W,0.7541282143401039,0.1622615102521504,0.6955859180139252,0.12239328591453924,0.3266803943551383,0.3685145595891729,0.029971564238957582,0.05532345530676117,0.03334935443372316,0.05662458480415753,0.04959817449966364,0.04803267049339026,8,8,0.0037176051573657677,0.060972167071261026
YOR042W,0.590756768276689,0.4433992892623153,0.6168210813121966,0.5519654663957627,0.6950211317631363,0.5117414046890222,0.0799301882657511,0.09321632162513964,0.07734297743573562,0.08363264420336007,0.06900093208277816,0.08730618910846381,6,8,0.015885222568783715,0.12603659218172997
YCR073C,0.7488754167678318,0.8010428400026723,0.7248610575298221,0.6329249236792192,0.7119877880419597,0.6055279214587406,0.02923744001487559,0.02602402789510185,0.030603476273107277,0.03534859675772805,0.03131123376632941,0.03664399907716171,6,10,0.0034637185579592875,0.05885336488221627
YBR017C,0.8336295709791698,0.7891690748283648,0.8438911683161364,0.6274499088689123,0.8179972750446618,0.6928729051883253,0.021910443661433444,0.024664951204548865,0.021223980604408988,0.03278728383572203,0.02291669836553015,0.029769543099962423,7,8,0.002936157476331481,0.05418632185645637
YDR047W,0.8465746118877777,0.6970749674732457,0.7557480756966848,0.7225758003192643,0.850488203730667,0.6923727752413744,0.04516438913262852,0.06346219758809306,0.0569857833015843,0.06073229546639255,0.04458463904072813,0.063952850868255,7,8,0.013528454598952412,0.11631188502879838
YHL002W,0.6100386718296443,0.6201310106460042,0.5915975831477228,0.6345503600054438,0.6474238204920122,0.5753913776952447,0.037399214039829494,0.03691208911174294,0.03827329534247694,0.03620474343266788,0.03556134583750471,0.039025287340617255,6,9,0.0036496947920654174,0.06041270389632811
YJR083C,0.8419600191249976,0.847038392281785,0.7751685501327683,0.7261807391974637,0.755372505381557,0.6825234569636094,0.023247713447155424,0.022871148800790945,0.027728430632758184,0.030600516468980293,0.028923403302739695,0.03294978468320904,6,10,0.0034797388917274822,0.05898931167362001
YKR058W,0.8478194420672358,0.8006299402458026,0.81169925446855,0.7704253562548293,0.8304548968117749,0.6946819536221158,0.026034141060140906,0.029798447448599844,0.028959408520528453,0.03197610984633139,0.027479339716827634,0.03687566874603861,7,10,0.004531901616804852,0.06731940000330404
YFL002C,0.7699502030801163,0.7102718891491855,0.7069661905951741,0.5386155512500191,0.7367235021997416,0.4799302398057079,0.023154332441730537,0.025984637027513097,0.026132454492929676,0.03279086048980346,0.024770078528312044,0.03481385678537717,9,9,0.002371350841153206,0.048696517751818824
YOR242C,-0.013934629940031584,0.2098991852415022,0.09331903176246092,0.3357190860008128,0.16587220668067149,0.3188766505714299,0.8905442907779589,0.7861253488790214,0.8421273950526545,0.7208193440286949,0.8077311687367157,0.7299001113333826,6,7,0.7958921646270606,0.8921278858028486
YNL026W,0.28942928778370525,0.28655815780010874,0.23658231654557138,0.1048891757479763,0.22777397864892024,0.04305379345400695,0.12463325746065453,0.12488480001275847,0.12918479556295975,0.13988421143935878,0.1299279273136431,0.14463521885967728,7,8,0.022244043049161537,0.14914436982052504
YKL002W,0.4903125563074322,0.09207953615064324,0.5314140797747957,0.36031825882788204,0.4856144856010338,0.4259878489516493,0.03816084607106097,0.050931906135909484,0.036589851349164135,0.04275117000142813,0.03833631744307989,0.04049734674194942,8,8,0.0029072688367023027,0.05391909528823998
YLR267W,0.6442735397709999,0.5990364747564476,0.5258437214285018,0.7064539395693811,0.5891538234528615,0.44281563276728075,0.13886194921885067,0.14742719602871412,0.1603193430799747,0.12614304197813747,0.14923297492438556,0.17378994001693898,7,8,0.05515736128979124,0.23485604375828023
YFR002W,0.8266823828134436,0.6476768372373266,0.8218218648151965,0.36979434317105087,0.7533074702752789,0.5336227056378786,0.019862716125332844,0.028319649823094328,0.020139305300674964,0.03787550478060993,0.023697104309738398,0.03258261826304193,6,8,0.00231626209347564,0.04812756064331165
YDR287W,0.7812240036763352,0.8013962042122497,0.7138496127948182,0.6019427015475807,0.7777856293455896,0.716628604322705,0.033963377561741004,0.03235972410590678,0.038842592341190495,0.04581248328279701,0.03422922834543009,0.03865351939756102,6,10,0.005365067788436934,0.07324662305142084
YBR169C,0.7406443503291631,0.4545102250018913,0.8145904795620366,0.5736797891065988,0.7475811885913122,0.6521968770781914,0.08636844926227397,0.1252565866608902,0.07302528839920533,0.1107325309743132,0.08520559709658451,0.10001704152895272,8,8,0.029266289811081602,0.17107393083424957
YDL173W,0.7881501071362897,0.7115312458708303,0.6967676918031754,0.41461850217478124,0.8017552099327201,0.7202442180747686,0.04410021980112585,0.05146073906426454,0.0527611636768822,0.07330711454146806,0.04266065518379692,0.05067761470286307,7,7,0.009341280156224166,0.09665029827281531
YMR042W,0.6017161984940191,0.5868549910426196,0.5401240118372004,0.6258454640391096,0.5217351541727108,0.06683230947154883,0.053610183279550826,0.05460120476256248,0.05760647977927916,0.0519608775890069,0.05874693323221468,0.08205986854743856,7,10,0.00734268805499402,0.08568948625703167
YBR092C,0.7490267704188527,0.658085769818107,0.7238132487272204,0.5863419221092976,0.6423448052170104,0.5156440334270367,0.10291985170829382,0.12012794290843322,0.10796596551605352,0.13213145183019656,0.12286203964602672,0.14297752636650346,6,9,0.04294613076710109,0.2072344825725224
YKL062W,0.7510889692138969,0.6045269213673936,0.7304082125619877,0.5425065383385989,0.7505723575578012,0.5998627073996867,0.03705240036780915,0.04670385602888951,0.03856093941645094,0.05023272316519973,0.03709083132858305,0.04697846163028961,6,9,0.005612310507830063,0.07491535562106118
YMR048W,0.9342327874175805,0.7577839769798684,0.8964185533743523,0.6360353840952642,0.8538092956110241,0.7167662361624578,0.016707398345415667,0.032063102558319054,0.020967424876925957,0.03930372312464286,0.02490944142672366,0.034671818572728164,6,9,0.004318782740945345,0.06571744624485454
YPR156C,0.8102698030089034,0.8163075031489077,0.7971373996479153,0.8350797794163867,0.7600835929545374,0.6646475698978154,0.029019597458223807,0.028554125484820506,0.030007108535088235,0.027055783096280255,0.03263270909888884,0.03858103587213232,6,9,0.004516473308957009,0.06720471195501852
YER159C,0.5561998701556785,0.13800262635877747,0.5355879501346044,0.24470290894257218,0.21427642649891787,0.11324320173036562,0.08473692259246228,0.11809511853666033,0.08668235762269105,0.11054468872962875,0.11274930322959373,0.11977915320039192,6,8,0.016463079982299605,0.12830853433150738
YHR003C,0.7527963966935383,0.6667186152938835,0.6424950399527921,0.5926464678407928,0.7160134876817726,0.479658478407225,0.021227045988767967,0.024647205771703786,0.02552720101097503,0.02724883289621784,0.022751551580236822,0.030796857512112266,7,9,0.0018547161886405302,0.043066416018059016
YNR004W,0.7690148904975289,0.7436200733170946,0.7419362017193987,0.6924444550047479,0.7380925992805545,0.6484629195552799,0.028849429849696587,0.030393957522006194,0.030493606043875514,0.0332894809270925,0.0307198526259534,0.035590231542398536,7,10,0.0036664319031347132,0.060551068554854696
YBR189W,0.9157560887741348,0.8049755885620329,0.9015614332459034,0.738245547860869,0.9318703604172593,0.8718974316351817,0.3913794499506994,0.5954883172814606,0.42306918956713685,0.6898835607671681,0.35196283188548155,0.48262262360016545,6,9,1.8501658184635943,1.3602080055872316
YIR003W,0.8310154611478159,0.8140214889695756,0.7482537808903583,0.5573020683640035,0.7593067341959912,0.6585182824976477,0.024126509174594697,0.025310596875440607,0.029447774719252626,0.03905033375785312,0.028794064519379003,0.034296889339779965,7,9,0.00350505748606691,0.059203525959750994
YGR251W,0.7610574064617723,0.7503374937986174,0.7681296891353682,0.6255307424109131,0.6152967219418859,0.539963120517451,0.02368749545840062,0.02421302331901695,0.023334308188335134,0.02965380601495404,0.030056285049468875,0.03286765213458583,8,8,0.0023894494798659765,0.048881995457079865
YHL007C,0.7302367869770132,0.6447645981145809,0.6650477865747452,0.6197440737495136,0.6382531555850735,0.38899228232898764,0.022925471119370266,0.026307829973495626,0.02554573086525735,0.027218544763632453,0.026547845533173374,0.034502475353472194,7,10,0.0019824714909813137,0.044524953576408295
YNR010W,0.8132851032358173,0.8234647741752028,0.7710406357089556,0.7001271916637013,0.7826802008880567,0.662324987086631,0.026315657980815532,0.025588241306805433,0.029140966671160024,0.033349804496823315,0.028390588589612704,0.03538948245674938,7,10,0.0037740064293305146,0.06143294254168943
YPR021C,0.7308145447021135,0.6997398263177967,0.638994744407642,0.4701916511564088,0.7301743321006582,0.5265505841547584,0.02834395231654629,0.02993529065845465,0.03282399031556241,0.03976436141739703,0.028377637975454097,0.03758992040313497,8,9,0.00303684317394851,0.05510756004350501
YBR087W,0.7602614379455013,0.6919068258563796,0.7252782989514248,0.6010288374464925,0.7409793733957609,0.47418628244302263,0.023655316387751545,0.02681642323253266,0.025322483480259457,0.030516207980424242,0.024588214201521286,0.03503287415084819,7,10,0.0023750500383779715,0.04873448510426648
YDL190C,0.8717273399776468,0.7459758276336093,0.8412423601856516,0.7484577852833489,0.8699828079475127,0.6330526805340921,0.01930560995135237,0.02716777048175283,0.021477503275846264,0.027034722571254506,0.019436446545885413,0.03265264275381111,6,9,0.0029565558816679184,0.05437422074538557
YDR177W,0.11091669135207782,0.2657685425886742,0.023735226974163526,0.06418379025177046,0.3050573693856803,0.395487249886327,0.31959121093586124,0.29042907558701037,0.33489403194228556,0.3278829852804805,0.2825517983115095,0.2635277362651052,6,7,0.1168961843553244,0.34190083994533327
YOR252W,0.6826193339907473,0.5723944725805463,0.6928747206017254,0.43017447162816547,0.5574181829004166,0.5275118455681373,0.0312623088977566,0.03628711755176828,0.030753078631648396,0.04188917116436428,0.036917101886584584,0.03814400396454521,8,9,0.0031333922914032353,0.05597671204530716
YDR475C,0.8238623840458777,0.7415796057324372,0.7723809403052425,0.7336570377003087,0.8318750784034562,0.6773102685156507,0.02625539335138184,0.031802104815392376,0.029846731912519384,0.03228591396325181,0.02565124918954865,0.035537350449851283,7,10,0.003982337674416823,0.06310576577791306
YDL028C,0.09951403041855833,0.0953885754547763,0.19476306920305497,0.0335481211947225,0.26998679844353746,0.08965233583006238,0.14270804067192838,0.14303456593254352,0.13494966495471558,0.14784276817138337,0.1284917740143074,0.14348734816648168,7,8,0.023012991357019248,0.15170033407022954
YDR372C,0.3772930199165274,0.34027889428814606,0.36236511142601613,-0.09588830726545128,0.1742180558666847,-0.07053285902955397,0.03880321540235151,0.03993981388434766,0.03926556794283796,0.05147649806368403,0.044684668358771176,0.05087751004729597,7,9,0.0024603949855637,0.049602368749523444
YEL021W,0.9606944758866847,0.17368055898724732,0.931925067030309,0.10401304975047632,0.954029528494021,0.14489695793116164,0.03459651890590245,0.15862790620845302,0.04553016432324615,0.16517961469046977,0.0374149428025264,0.16136703984163886,6,9,0.030985916838433412,0.17602817058196513
YGL121C,0.8075956907723308,0.5474218298740634,0.7817640201169513,0.472421968174469,0.737821255065466,0.543520500788726,0.07217365869312553,0.11069248194326113,0.07686603877931204,0.11951287004544692,0.08425003001868198,0.1111685556476727,6,10,0.02754836232423208,0.1659769933582124
YOR359W,0.7826002848578618,0.7091253337177805,0.7752113810859258,0.6630997834874153,0.7471308670193476,0.6690404724243375,0.026028900116866052,0.030107817891382446,0.026467534693767083,0.0324023848966917,0.02807205727177179,0.032115432531691836,7,9,0.0031710697948140708,0.05631225261711763
YLR384C,0.8080090739780512,0.49299875641999635,0.8332517983981486,0.3507974034632181,0.5319613820758045,0.5252582333746957,0.03158604791962324,0.0513286037347074,0.029436455704143456,0.0580824680665116,0.04931690145415421,0.04966879902551074,7,6,0.005287653820138971,0.07271625554261558
YIL078W,0.8999180323125732,0.8189441175246838,0.9173773549192338,0.7259702769572081,0.9225017750546013,0.6047723138534078,0.11515821955794572,0.15488998717526908,0.10463249255889033,0.19055303044294775,0.10133580030511068,0.2288446184505775,7,7,0.13483020224720366,0.3671923232411098
YOR361C,0.8805723656244185,0.7648664495196431,0.876262198358064,0.6649967382430733,0.8661648698062808,0.755346209987173,0.05689943610179071,0.07983858813242023,0.057917091662933524,0.0952971834822952,0.060233848225229904,0.08143882919487515,7,7,0.02758444388145464,0.16608565224442068
YML027W,0.7133044173650542,0.5796365920626807,0.7201223022456313,0.6005397706026077,0.6229954995296898,0.3960134433514467,0.024347085080582774,0.029481455767977206,0.02405584512537403,0.028739105469174547,0.0279196352320409,0.035338662544904205,8,9,0.002103904794008667,0.045868341958355846
YHR161C,0.7089365216163221,0.4157058114715413,0.7652433306656188,0.570197551861815,0.7185322267275216,0.7193135792239301,0.06670021069738227,0.09450376948685249,0.05990213724765488,0.08105275677055525,0.06559151874400654,0.06550041468394803,6,9,0.015553202782689002,0.12471248046081436
YOR128C,0.5246232809164162,0.27286489500086364,0.44456929091590547,-0.07645790279026743,0.5420555337216783,0.16709816611577943,0.060622352963771185,0.07497584869379789,0.06552828144148652,0.0912246823075606,0.05950044887516537,0.08024366266364885,8,8,0.007866486589246043,0.0886932161399396
YBR023C,0.734298261299174,0.7143694393804381,0.7379889739673697,0.6081068497611319,0.7341822187005047,0.6460575935809494,0.052372815261040435,0.054301403868520864,0.05200780269580056,0.06360519052467041,0.052384250666370445,0.06044703752113693,6,8,0.010504383792457246,0.10249089614427832
YMR232W,0.8442264070810159,0.7311886331985024,0.8195762444848929,0.7412745443121457,0.8306345191907799,-0.040102946601417555,0.026816305823335378,0.0352270151261476,0.02886017036976298,0.03455983112022878,0.02796175853430403,0.06929313249682696,7,9,0.004697396291073781,0.0685375538743088
YDR403W,-0.044335442738772324,0.0666277702121002,-0.04858654305532761,0.20647119375111145,-0.07985751073127223,-0.06602868715765964,0.43543045058859414,0.4116482049148705,0.4363157880638039,0.37955973668477855,0.44277390211340856,0.43992965099385917,6,10,0.1847356505701881,0.42980885352699294
YMR001C,-0.060905281523200294,-0.07580063329367204,-0.030848878277113023,0.07605570411125506,0.07628753812847833,-0.07944844687396668,0.27451779452218594,0.27643822338136714,0.2706011866277327,0.2561858211828785,0.2561536783824544,0.27690649868557327,7,8,0.0722798976027861,0.26884920978642673
YAL056W,0.7526012934125784,0.6199483425541359,0.7040057365112788,0.26874510744352953,0.7484521267092887,0.5245534391640161,0.027614184201510537,0.03422589554251965,0.030204743515904037,0.04747531965004291,0.02784478251173108,0.03828109573256394,6,9,0.003136318415537561,0.05600284292370844
YJR045C,0.9191870543503011,0.8436192501299637,0.8761833493656832,0.8336875925155687,0.8864408355286337,0.7643052968410944,0.17624446191357673,0.2451696212921617,0.218154681117187,0.25283508294030355,0.20892292851258867,0.3009885133241354,6,9,0.39111381729223355,0.6253909315717918
YER029C,0.814263177876585,0.7766873941548291,0.8340710619393714,0.6471896609932253,0.5352476218003372,0.13720600819174678,0.019690751334751,0.02159085804689068,0.018611198845679768,0.027138380926949736,0.031147564423428947,0.0424391657799646,6,8,0.002124123201158838,0.04608821108655486
YFL009W,0.7892597454250629,0.7794052239365823,0.7483942936396788,0.4396247952491852,0.7706467270372023,0.6339457766835248,0.02500266822379903,0.025580570129931614,0.027319506571460393,0.04077106566568258,0.026083452692434818,0.03295226858251625,7,10,0.0030184108515251646,0.0549400659949109
YJR129C,0.8656874106877357,0.846953152629011,0.852441013753308,0.7688544845885414,0.7414139395935297,0.7120014041819689,0.024140041198607423,0.025768660284028355,0.02530244430565148,0.03166812730092298,0.03349517112926325,0.03534881270337053,7,10,0.004414814193941522,0.06644406816218829
YBL038W,0.67815691173693,0.6977898590267106,0.6624961452344756,0.5843670653961834,0.6797353183542361,0.5708371388715254,0.023376192611851563,0.02265198160760913,0.023938175813670567,0.026564806718515292,0.023318800534561993,0.026993720674854307,7,8,0.0017276529461660768,0.04156504476319106
YML031W,0.5224968644870949,0.46854436107326514,0.5106911466215336,0.3127120334878897,0.5652189316837593,0.27213693173035636,0.025753170760944417,0.027169153244346562,0.02606958577110255,0.030896690588745467,0.024574116132229085,0.03179563007765538,7,9,0.0014133129072393872,0.03759405414742319
YMR038C,0.6461690977471553,0.6109071784181432,0.6872822381122793,0.4968537554667384,0.6524381614260943,0.46795802965089817,0.06623648516558446,0.06945859719191384,0.06226954225872782,0.07898534444452317,0.06564708427774549,0.08122175050073907,8,8,0.012616878916736752,0.11232488111160747
YDR440W,0.8112500269806638,0.8380031833423494,0.7761944436692086,0.6635166565842427,0.7458954443722658,-0.5155840303333687,0.025248436254735537,0.023390756971084614,0.027493274526733148,0.03371109207456572,0.029295253608888842,0.0715452897192526,7,10,0.0034366492591763184,0.05862294140672505
YHR207C,0.8297558904015749,0.8641453211080361,0.7954366576607109,0.7628240490192799,0.8003637789134108,-0.327766441215938,0.021628718850277458,0.019321108897429665,0.023708749803994827,0.025528780747790084,0.023421484518242795,0.06040259430198735,7,10,0.0027960351974598337,0.052877549087111
YLR003C,0.6935946230480392,0.49384367440943,0.7438622930001306,0.5067887000387161,0.6450035391114641,0.2267271359960752,0.02943550948792169,0.03783255747236085,0.026912876890953955,0.03734563731483728,0.0316836624543039,0.04676164183342301,8,10,0.0028773975544160004,0.053641379124851
YDR011W,0.9576759226610149,0.9284426656481717,0.9470003754523909,0.8995855197930406,0.939698836606658,0.8185049627037548,0.05174032267455336,0.06727635601664907,0.057899095563170085,0.07969545517682287,0.06175871181065898,0.10714397645478682,6,8,0.06436116612627642,0.25369502582091835
YNL169C,0.031243144817640234,-0.17848031164266454,-0.000683099881450433,-0.08159254850344344,0.1178973079536424,-0.23804550218209175,0.07541840724530771,0.08318233891493602,0.07665107404052399,0.07968962906149313,0.07196635979204417,0.08525861341969743,7,8,0.0059743830188053355,0.077294133146089
YOR311C,0.8115542801342126,0.7652530430041512,0.6680548835832154,0.30108427716577035,0.7840520670046769,0.6207124676408629,0.022264299850096456,0.02484939897475245,0.02954942573879514,0.04287738676307136,0.023833642961352198,0.031586404084083745,7,8,0.0026766090665116195,0.05173595525852035
YPL038W,0.8043251904678043,0.7770995259355478,0.78832458362859,0.7275560277991884,0.7833037106226273,0.7675744088484913,0.02518218335036845,0.02687703877611897,0.026191545941028557,0.029714232940140802,0.026500353007754544,0.02744529441184295,8,9,0.0032976532051604453,0.05742519660532688
YKL138C-A,0.3968435402774797,0.2563036003516216,0.49948718364649214,0.2754717189805631,0.45102389509346263,0.19130097525679857,0.28971866168833976,0.32170611655948433,0.2639180416856404,0.3175332070934533,0.27640010227648304,0.3354709653028637,7,8,0.14160418710291092,0.3763033179536302
YAL034W-A,0.8869482408313379,0.915509983482563,0.8580992213820539,0.8160101616166509,0.8206254656675406,0.7533207093913514,0.020999248438456207,0.018153810044308757,0.023526508443029212,0.026789339635815056,0.026451206294836372,0.031019260122284804,6,10,0.003969020266580416,0.06300016084567099
YGR055W,0.7053918960609991,0.7865860491768032,0.7119717147068052,0.3351209009931807,0.5789236133600257,0.7633226732833018,0.3428142589728898,0.2917749047622225,0.33896441099912744,0.5150007642064497,0.40984248566809633,0.30726625040913075,6,8,0.405906685172025,0.6371080639671931
YOR219C,0.7799347346861174,0.7564304979124896,0.747951528963136,0.48962202022985724,0.7241967050538236,0.6125246737181469,0.025910207026092404,0.027258790846630552,0.027729188933686956,0.03945854776924337,0.029006468573810458,0.034380893536730364,7,10,0.0031041550393626823,0.055714944488554255
YBR286W,0.5866707155224036,0.19376356375560044,0.5603996446786363,0.33473358096286177,0.6687706318781061,0.6272649796962397,0.290938917256864,0.40633566293508433,0.30004248073405887,0.36910636219986914,0.26044627369134565,0.2762827877844648,7,8,0.20838219010033376,0.45648898135698057
YNL036W,0.6069315368289148,0.35542139738288137,0.59025274865848,0.3483185228063099,0.6350191546702328,0.6840368278112384,0.5241885144720567,0.6712608875126692,0.5351942329112178,0.674949203366049,0.5051128730418304,0.46997162004140314,6,10,0.7113116781228044,0.843392955936202
YGR158C,0.7787909397518751,0.721538796708328,0.7706577331242422,0.6584187352024411,0.8088237679792433,0.6299672317436502,0.024310135053967133,0.02727522010381661,0.02475300711143735,0.03020876267568038,0.022599709931819183,0.03144169920052599,6,9,0.0027184726639178855,0.0521389745192393
YMR149W,0.6788494802643168,0.6448932380040355,0.6099029002597682,0.21828411247532975,0.685795786880375,0.6007126909074074,0.03619472240418941,0.038060142211659494,0.039891217949253335,0.05646969016244375,0.035801146735738316,0.04035837663583559,9,8,0.004150830593293567,0.0644269399653093
YMR167W,0.765317491071226,0.7710868508205478,0.70987695014602,0.5828050624002433,0.7204257695693648,0.620163150752913,0.02613379347014248,0.025810562144019968,0.029057163058792315,0.03484428909626135,0.028524015413026137,0.03324762601817466,7,10,0.002961265348163885,0.05441750957333388
YNL213C,0.700534949495587,0.6549415006693613,0.6526240831419814,0.5695986571806239,0.6056177863641059,0.5560030498288934,0.02741946274334349,0.029432844314113322,0.0295315146129251,0.032871738805847615,0.031466216668340395,0.033386881991185946,6,9,0.0025546115719030462,0.05054316543216349
YLR270W,0.7507167533556697,0.5665622568960124,0.688108830744662,0.5866493817914418,0.7247011830346406,0.39935353752102554,0.0775268251012868,0.10222775325360155,0.08671754854788177,0.09983084534108788,0.08147185888847348,0.12034135985038528,7,8,0.02453375610958788,0.15663255124522452
YCR079W,0.8022004642070801,0.7193918005763673,0.8070275017448463,0.7046420076925297,0.7527925122594299,0.7457994574652955,0.039026988817715304,0.04648390323774223,0.03854784638406094,0.04768993972977442,0.04362979983152827,0.044242600543311396,5,10,0.007835342005919385,0.08851746723624318
YOL104C,0.8554150046470486,0.7855355683526518,0.8591500005199569,0.6970776038795867,0.8388756667466843,0.7307398914657987,0.06248931847145829,0.07610651111499733,0.0616769089755247,0.09045026991245732,0.06596669743666972,0.0852766603042589,7,8,0.027481566760638163,0.16577565189326857
YCL064C,0.4435040530765527,-0.3982597696781345,0.33089181370988197,-0.3075916559887151,0.18100555741651014,-0.10968542096330469,0.06332006895505965,0.1003700886056589,0.06943181976471806,0.09706137662092035,0.07681585232595423,0.08941498673978662,9,9,0.007331180131839612,0.08562231094661958
YMR246W,0.010313237105463391,-2.048396014783145,-0.03096334127232092,-4.951158171270864,-1.851392710245455,-1.5114664060152112,0.2554886469793288,0.4483925809248565,0.2607620202609604,0.6265034576252265,0.4336618748488804,0.4069925056669498,6,9,0.0671117539334942,0.2590593637247922
YOR049C,0.870157040984677,0.6320980300732959,0.8283932872312656,0.5235401421478121,0.6861516807786094,0.7022515590084966,0.03189115371185794,0.053681801935882366,0.03666301401511047,0.061090571385609735,0.04958164509109354,0.048293177013862564,6,10,0.007970309670059924,0.08927659082906293
YKL168C,0.8237926050044297,0.8666748928870169,0.7550905016322661,0.7733423826708461,0.8033021608444983,0.6289430670691821,0.02593257191241537,0.022557423653418698,0.030572879170677567,0.02941160231278458,0.027398912157713857,0.03763169678382337,6,10,0.0038834720957853517,0.062317510346493715
YOR299W,0.8665513437691598,0.8196266850752418,0.8355871046265932,0.549973056456944,0.83776689448263,0.7132980535373856,0.0271650667376601,0.031582013675916135,0.030152381030060415,0.04988533946717269,0.029951833624494075,0.039817042120047934,7,9,0.00562678713137064,0.07501191326296537
YIL116W,0.49705576400896,0.384396775971519,0.46847418603252944,0.29586394140519157,0.46716390900034666,0.15134024744398744,0.07087483038545836,0.07841200478720535,0.07286086041828307,0.08386107155839327,0.0729506106682149,0.09206592440289192,8,9,0.010162893342234736,0.10081117667319797
YJR139C,0.8203241049481209,0.9140866640629395,0.7324241331301602,0.674486145246201,0.780917171963325,0.8415917201447174,0.2738478898409821,0.18936285013400764,0.33418577587595333,0.36859482144504974,0.30239085955553285,0.2571304023015334,6,7,0.4246998606510808,0.6516900034917528
YPR024W,0.6849954391477786,0.38995113946725113,0.639688077198687,-0.08181669658403079,0.6957036134526193,0.5234394095197714,0.03236709930509753,0.0450430374778093,0.03461662121947064,0.05998217358849413,0.03181220386859189,0.03981112240671612,6,9,0.003384105210230908,0.05817306258252962
YBR164C,0.5809630975272484,0.4637236418378694,0.5691010266270646,0.3169597527613027,0.5989157730290627,0.20146632096842665,0.033157770519569696,0.03751055689220631,0.03362380945127642,0.042333320391596756,0.03243971109487069,0.04577262348548912,7,9,0.002669755624701702,0.05166967800075497
YKL056C,0.9532743415101511,0.7545214129946658,0.8952625256174637,0.7003877377754035,0.9188905999889407,0.7254620999173461,0.3592666768179581,0.8234666762116298,0.5378860365243547,0.9097436092676265,0.4733417542510614,0.8708440227812626,7,8,2.8108105895532116,1.6765472225837277
YOR279C,0.7907333210797538,0.8700114283818902,0.7866157098174825,0.7587541141629266,0.797763650066518,0.70779463132258,0.03419892365568141,0.02695348849889202,0.034533740238869605,0.03671912761263431,0.03361955849466478,0.04041164154823637,6,9,0.0056869306368063635,0.0754117407092978
YNL147W,0.5229096684128233,0.5404350592092304,0.5062950127121577,0.5098514336677422,0.2881452457709581,0.48479791926776006,0.043086924891530654,0.04228814518718593,0.043830754747117624,0.043672601237201326,0.052630910934316016,0.04477483520185553,7,8,0.003959528941221253,0.06292478797120618
YIL042C,0.8715728180282429,0.8424113441904525,0.8256152080051041,0.7921744035339463,0.9088271452668437,0.8100183150937077,0.0326370874661947,0.03615308767474206,0.03803095425360975,0.0415176187599984,0.027498923666355906,0.0396952723806275,6,10,0.008439543879288743,0.09186699015037307
YER025W,0.8688505465248367,0.6230011066754277,0.848570511988136,0.6999490082586757,0.7473011331299273,0.7272630179742042,0.06274349219702471,0.10637889681631486,0.0674202985853297,0.09490366357007636,0.08709377033856185,0.09048101417272236,7,7,0.030543867495838446,0.1747680391142455
YLR130C,0.7342541158927134,0.6910331536256794,0.72583706022747,0.5918315350535448,0.7336713769093197,0.6627164419537225,0.06230084833171571,0.06717638465058282,0.06327979463536738,0.07721121933778473,0.06236911891297376,0.0701872573620632,6,8,0.014861906055750973,0.1219094174202755
YIL090W,0.5157967399997936,0.4419186032891227,0.5168541569280247,0.37806295965164005,0.5723083487363619,0.5358562631362955,0.02927864234058885,0.03143300147048438,0.02924665509909945,0.03318259078371819,0.02751708759331873,0.028665751201373706,8,9,0.001801471093374904,0.042443740332054905
YLR153C,0.5372901925328031,0.4451059585483861,0.43340947450043676,0.4519169927533049,0.6428777556770067,0.32944359710740945,0.2202128421596201,0.2411533616995085,0.24368171569315003,0.2396687762982588,0.19346247561885058,0.26509769197344585,9,9,0.10664235261408629,0.32656140711064785
YLR440C,0.8239107548762199,0.8338410524080964,0.8033041113183306,0.7101766376439019,0.8101051912643811,0.7328800291751434,0.025038011246154228,0.024321775796490416,0.02646251124265068,0.03212181744664418,0.02600099456432811,0.03083802765909815,6,10,0.0036225965279228344,0.060188009835205836
YPL121C,0.7622133351692291,0.8198016477471842,0.6741264848431286,0.529414451332866,0.7262213700989096,0.6094311685166117,0.13338627375722062,0.11611619614640738,0.15614997724076976,0.18764486564121977,0.14312554898200405,0.17094885008897714,7,9,0.07613562603098406,0.2759268490578328
YKR090W,0.7618454920777415,0.7329267235460211,0.7717638868502994,0.4628586668175052,0.7609580386991767,0.6686425083880496,0.029920067883483184,0.031684611650903464,0.029290403374460573,0.04493424590332741,0.029975762766681846,0.03529243050867015,6,10,0.003824894673646154,0.06184573286530085
YLL062C,0.8148042573175234,0.8753379647702221,0.7974936464467425,0.6304421781715015,0.6707794435658456,0.8934498356409861,0.06905347701872994,0.05665485838828496,0.07220867545602577,0.09754640114272169,0.0920690207916397,0.05237778322089632,6,7,0.026199514388046182,0.1618626404951006
YDL002C,0.7229648814742486,0.6897970361052014,0.6356626839360997,0.4968539653760792,0.6818326588613249,0.4582605075302768,0.02056949209270332,0.021766025145377402,0.023588915919902267,0.027720635490856856,0.02204367271412039,0.02876414062461042,9,9,0.0015540516470355773,0.03942146175670782
YDR169C,0.8693024114802083,0.5960500732867189,0.8909587023984477,0.675712603485794,0.8840817913468708,0.8161509035105067,0.034821021146042005,0.06121692102275015,0.03180557278132142,0.05484950981206159,0.03279318100695818,0.04129889821569975,6,8,0.009439925549459317,0.09715927927614179
YIL009W,0.7315801443573979,0.5685594472593419,0.6841957321139935,0.4429612861136272,0.6762129003241526,0.25678366180588696,0.027298216122499726,0.034608870864345685,0.029609832185434386,0.03932508212755222,0.02998173210920379,0.04542391606387328,8,8,0.002824925734730969,0.05315003043019796
YGL184C,0.7414401001504559,0.8561477778650352,0.8006309703244885,0.8014117688811648,0.7286027190526096,0.8506896218713973,0.13666283284370473,0.10193612514017418,0.12000481754946406,0.1197695966913678,0.14001435998124556,0.10385199196345841,6,7,0.0735009250067761,0.27111054019859887
YJL099W,0.7803896731040607,0.846911083794631,0.6992960130177144,0.5169986979857923,0.7805668236347186,0.6816650288213164,0.027047308424996398,0.022582371539773813,0.03164953016796262,0.040111769864488674,0.02703639725391682,0.03256415774465944,7,10,0.0033896002752474975,0.05822027374761731
YJR136C,0.8221035605947352,0.8453488776378887,0.7624611012382585,0.6543889846405817,0.7453164606713725,0.6687218934850017,0.024164891808968244,0.02253085980603922,0.027923419220864946,0.033681778471360196,0.02891356650676867,0.032975971172246495,7,10,0.0033400701809945805,0.057793340282376655
YKL126W,0.6686469825149359,0.2392137222485039,0.5553219484153643,0.047733337342854676,0.6082933698663364,0.6297268579420152,0.03557276655457582,0.05390183033693198,0.041209279784928186,0.060304742545565386,0.038676987373867995,0.037603934115442904,7,8,0.0038859525444433175,0.0623374088685383
YDL137W,0.6126761957243367,0.6243164449842423,0.6201639107281761,0.4105634643159518,0.6767173335224275,0.6276297931868526,0.1420339629089067,0.1398834073602681,0.14065436780341384,0.17521594930438184,0.12976163824939255,0.13926518906909827,8,8,0.05299847315840255,0.23021397255249854
YHR170W,0.639089921788689,0.2032313205151557,0.6844809515265805,0.03029478008643871,0.3687898608452195,0.3563052485177871,0.05137469277498164,0.07633362022781628,0.04803552312722745,0.08421115028500512,0.06794174799161372,0.06861036298116617,6,8,0.007441364940282035,0.08626334644727177
YJR094W-A,0.9559942564362716,0.862511739340843,0.955125231559856,0.8406175968728417,0.9451623828437637,0.7421935215398323,0.17531530408624846,0.309883146030139,0.17703790341769687,0.3336455469606488,0.19570613273984316,0.42433813257415387,6,8,0.7106952828825911,0.8430274508475931
YGL012W,0.7444315734148712,0.7571821353961312,0.7440716865130881,0.7573566530531042,0.7396673799526449,0.6411260774874623,0.05493669873682983,0.05354874246299966,0.054975365568979674,0.05352949577200905,0.05544638716640091,0.06509983822934248,7,9,0.012016308096194153,0.10961892216307435
YLR008C,0.7938058795136087,0.3396110961773666,0.7515627836956705,0.10386930335983702,0.7896840030448282,0.1291417739337145,0.03708962151747339,0.06637646912963217,0.04071201426652713,0.07732144113988691,0.037458502933318365,0.07622334299704071,7,9,0.006788622568488853,0.08239309782068431
YPL085W,0.790991965209948,0.7919691513908267,0.7582865313954863,0.6428109092694367,0.7106609533336672,0.5222257711211331,0.026735346387178772,0.02667277458455664,0.028751118831096417,0.03495050195868266,0.031456315166851934,0.04042180330803988,8,9,0.0034798601172475727,0.05899033918573085
YER018C,0.48450054528446895,0.41361086906502986,0.4194523295906294,0.38255116554219604,0.5402685481002484,0.4045359336274239,0.11683215362318651,0.12460665366395729,0.12398445020972014,0.1278641408319411,0.11033171919325566,0.12556715562741627,6,8,0.026943232099710036,0.16414393713966421
YOL089C,0.7875341235119468,0.7791914970395698,0.7769004625038275,0.6208696318654426,0.6643542474940656,0.5902296049481723,0.0247265375414579,0.025207316152176747,0.025337749995159402,0.03303033648975328,0.031078445620658996,0.03433910731138634,7,10,0.002928131396738178,0.05411221116105105
YEL031W,0.9198695746017685,0.8776736986241436,0.8919622118546949,0.7626265298965358,0.939174759668443,0.7894433427437609,0.10318328256764413,0.12748836109280232,0.1198114869013245,0.17759335228209722,0.08989851805029969,0.16726116000133157,5,9,0.1351992770983526,0.3676945431990426
YPL051W,0.7293297138087365,0.7463290091233324,0.7339618728591106,0.7031214538710888,0.6760975370700474,0.6254564716182632,0.030279481641488422,0.02931322136878191,0.030019267165909747,0.031711556009877254,0.033123427538076775,0.03561880080645332,7,9,0.0034467471728848735,0.058709004189177606
YOR386W,0.8035413780967878,0.6551334081891249,0.82157982854333,0.7617524284891887,0.7689782527817384,0.7793729697021459,0.03431361421571764,0.045462831429706245,0.03270038710056684,0.0377872388576602,0.037209801192337945,0.03636304783373865,6,9,0.006098386889090996,0.07809216919186582
YDR041W,0.6297393379952467,0.5750586187850844,0.5754066264527443,0.5406524817792653,0.5995730708185332,0.5305036424417688,0.02776372637935199,0.029743254115938065,0.029731072435070414,0.030923928192531938,0.02887258092616067,0.031263678977541794,8,8,0.002118366383039772,0.04602571436751169
YLR116W,0.8642861253826063,0.8626439156734653,0.8308751403756387,0.7359587515264538,0.8555460121463747,0.7166705684851702,0.022427831861834183,0.022563118151241214,0.025036804104480292,0.031283191665567166,0.023138752170136813,0.032405670503825174,6,10,0.00377140759513168,0.06141178710257242
YDL216C,0.8373183685340815,0.7897444863762817,0.8062233485867913,0.6826795503941401,0.787191812267199,0.7253600924870639,0.025717099381526644,0.02923656999379457,0.02806748162373609,0.03591714054529501,0.02941351250775712,0.03341446759099726,7,10,0.004136743423131156,0.06431752034345817
YFR026C,0.6102047733547054,0.75631486701843,0.5876671858950651,0.7229617931338939,0.6554075360333016,0.6399771026374403,0.05411894713707895,0.042790326251931514,0.05566151588464987,0.04562479378035536,0.0508843192155681,0.05201111235137123,8,8,0.007645665600763123,0.08743949680072
YLR335W,0.7415442402413401,0.6770544831001122,0.6723403233987436,0.453495883714224,0.7086933374183652,0.5349380678476092,0.02286877264876709,0.02556315065343298,0.025749052254433136,0.033254197223427394,0.024278673697199174,0.03067645320290059,7,10,0.0020589824117431934,0.04537601141289518
YER143W,0.6222167824019655,0.6366041483699987,0.6470026588978648,0.5970735047572209,0.6938527041256357,0.6111233028496605,0.08798631772807322,0.08629463470792137,0.08505102053375387,0.09086711198481495,0.07920617225403183,0.08926881541495879,6,9,0.020851666103175417,0.14440105991015237
YGL166W,0.7140726413498746,0.6605027936960784,0.7401928952893905,0.5515724720463405,0.7475836377358409,0.6329308002897789,0.035625247451626874,0.03881933897778211,0.03395905098659312,0.044614513954485915,0.0334725489407278,0.040364911620539456,7,10,0.0045166163755791695,0.06720577635575062
YMR150C,0.6124187016271379,0.6063503804440806,0.6666165218580055,0.6041675733185723,0.6430955105493766,0.6149356893131681,0.030650565626981503,0.030889580106975848,0.02842687523510302,0.0309751038574484,0.029412578023879945,0.030550879761116315,7,10,0.002466421579320354,0.04966308064669724
YDL231C,0.847436162019374,0.6506663330180879,0.8264936563993663,0.5183276414463414,0.7942973122593942,0.7201698020770206,0.023308210618856393,0.03526982886684979,0.024856547708732604,0.04141512660082204,0.027064693563299186,0.03156678998458562,8,8,0.0036234260310875153,0.060194900374429684
YLR241W,0.7633835295474862,0.6223142892129268,0.8254000035437934,0.38018704901785283,0.7440041706088681,0.6470028815377815,0.06045855603781645,0.07638367714790063,0.05193467280590024,0.09785107649999995,0.06288567538790106,0.07384496087025581,7,8,0.015718956317559214,0.12537526198401028
YDL017W,0.8399848666331045,0.9010571936719363,0.8188394315928162,0.7675642661408155,0.8533707623175072,0.7647605383136767,0.030729925300111042,0.024164237062881833,0.032697369337807806,0.037036711920629045,0.029416517966513792,0.037259417764252824,6,10,0.006005028724765087,0.07749212040436813
YEL063C,0.847200852414354,0.4827870558648336,0.7522925735515094,0.037724714343274734,0.6635634606658085,0.607531762242534,0.08391638498901743,0.1543906492960222,0.10684539639377352,0.21058913801088602,0.12451964662856252,0.13448955563612308,5,9,0.046894913583908016,0.21655233451502667
YGL227W,0.8416003665983907,0.709480211813052,0.815292392473795,0.6964741217254895,0.839546004921569,0.8141858506643043,0.0315850660499868,0.0427752506230089,0.03410728065656663,0.043722256282563314,0.03178922723707393,0.03420929263262686,6,9,0.006408590838512944,0.0800536747345988
YPR037C,0.8368324772503187,0.884679770250147,0.8088669270773895,0.7969889223209539,0.87987895303954,0.7390358715507831,0.03312679092478452,0.027849362372264243,0.035853406723206346,0.03695067489130869,0.02842314045169158,0.041894104711011834,7,9,0.006843498104851631,0.08272543807591248
YDR462W,0.7217246958014869,0.6841426212313214,0.7037912013836141,0.6754905512368476,0.5275833871532576,0.34439198407857774,0.029333839663186128,0.03125194808580878,0.030264294757528766,0.03167708821938089,0.03822030614845153,0.045024998622107106,7,8,0.003146417141168317,0.05609293307688872
YJR063W,0.8283798046088211,0.6025635176810988,0.8250207891253809,0.4638366010256203,0.7608044140636407,0.6498990042431376,0.03637020123968644,0.055347164089008236,0.03672440217822482,0.06428506536819323,0.04293763190038616,0.05194672601669694,6,9,0.007842890542332804,0.08856009565449217
YKL128C,0.8267014546635183,0.7864308439715131,0.8062136007856209,0.5220843562483808,0.8298659627501204,0.559181980105061,0.026255022203819207,0.02914635142439262,0.027763651082851462,0.04360040813048259,0.02601420361634273,0.041874014682077465,7,10,0.004047464054052851,0.06361968291380311
YOR285W,0.6585554194410843,0.6956916134633846,0.6668229807986311,0.5684598645279143,0.6592745338107648,0.4743655242362098,0.33251767965429097,0.3139146542352525,0.3284673059881325,0.37382231796683835,0.3321673383553506,0.41256896015878725,6,8,0.3295052939483134,0.5740255168094127
YIL076W,0.8830243466352754,0.8624285479813383,0.8765731959999566,0.8120364815337773,0.8789588198385679,0.7627682690207112,0.04387510649734741,0.047581113844946156,0.04506871603481278,0.055616957435019695,0.04463104119053254,0.0624822748168685,6,8,0.016745342143493477,0.1294037949346675
YKR048C,0.826008948425095,0.43585286019310265,0.8215389353099906,0.7005364475591143,0.35850003176916045,0.3964886338914464,0.05598730840581649,0.10081434390778764,0.05670193406119586,0.07345106866629021,0.10750395758394012,0.10427227754885886,5,8,0.01833181236893178,0.1353950234274945
YLR399C,0.7326042324642086,0.5513738973799658,0.6370112860492775,0.4078584930888628,0.7123172635851605,0.30133539246759444,0.026689717439219142,0.0345707642860528,0.031096626163080007,0.03971727682601874,0.027683666716375743,0.043142080357420134,8,9,0.002710731865689093,0.05206468924030079
YNL304W,0.8113597975886283,0.8225781070149394,0.728073664668291,0.6873999270364359,0.7984089741340665,-0.7179406216529516,0.02570655349680121,0.02493046228408746,0.030864010803181165,0.033091866597941715,0.02657433006523884,0.0775766107662533,7,10,0.0035645654444069856,0.05970398181366956
YNL023C,0.7688571728044021,0.7801739842956807,0.6747183462315912,0.4822461132003345,0.7124139160119759,0.6082897652788568,0.024845602811700982,0.024229746584906797,0.029474002250891862,0.037185276199099074,0.027713620223081003,0.03234385543796028,8,10,0.0027175140196543167,0.052129780544850915
YKL205W,0.7922895906383131,0.8094700733026032,0.7439020740418218,0.5748291489035044,0.8109888737823702,0.5752566401401857,0.026388508599948103,0.025273612076542305,0.02930142527186848,0.03775438987401047,0.02517267681024365,0.037735404882735794,7,9,0.0034113365544821924,0.05840664820448262
YOR355W,0.15220448125679942,0.7716318219058702,0.24152725113684947,0.6604143539211633,0.4555242470478029,0.5068947397718289,0.16032410542380904,0.08320914519910562,0.15164331083208143,0.10146772644643177,0.12848207416457164,0.12227089317817375,8,8,0.03085031990713885,0.1756425913813015
YML128C,0.6964417376461198,0.2795316761234631,0.6885714608952744,0.4635646427548321,0.6898872094446027,0.5605374880825762,0.2913009311694166,0.44877462170525323,0.2950530090467212,0.38723940252331845,0.294429067388417,0.35049494657090574,10,9,0.2844427216836774,0.5333317182426688
YML091C,0.46567605409951374,0.6005533604433302,0.4634256543341645,0.47267035031509386,0.5345975433323684,0.5125494958687039,0.08542930072199091,0.07386418641308493,0.08560901200119399,0.08486832444639217,0.07972946838709541,0.081596173846997,7,8,0.013898316683505735,0.1178911221572928
YBR049C,0.5953063795755444,0.40792975183729063,0.5421327937525737,-0.05796234506695486,0.6392295351076847,-0.10052314336129964,0.023598260413327084,0.028543250522520724,0.025100743160427878,0.03815504020805542,0.022280877878846528,0.038914943140766246,9,9,0.0014001893125083283,0.03741910357702771
YIL022W,0.8308040192643946,0.8015886597423043,0.7765257975842405,0.6165698100886939,0.767486826088257,0.5150284431208791,0.02963142138393356,0.03208785665604393,0.03405423757303611,0.044606753459016026,0.03473611514742654,0.05016670738395179,6,10,0.005280415107252095,0.07266646480497105
YDR277C,0.8471232617360387,0.8568615515845315,0.8333362654515428,0.8121485714679606,0.7283485735366704,0.7301869015684576,0.023308257866548786,0.02255367213350187,0.024336586586575545,0.02583725438333727,0.031070275563480614,0.03096496722916388,8,9,0.003616024448064839,0.06013338879578332
YDR201W,0.8635883369078317,0.7667399589109711,0.7871558591048039,0.7309545451062307,0.805492726411355,0.7385689376990511,0.027338642802915324,0.03574961529771734,0.034149319087998155,0.038394059065382874,0.03264518409169467,0.037846854679099685,6,9,0.0055751368919578345,0.07466683930606567
YDR289C,0.7077627827725261,0.7677290373778761,0.7041110729800593,0.6617834413166591,0.7320615616204564,0.6381637055587337,0.03615160541834014,0.032229775932526315,0.03637677407385709,0.03889172976813431,0.03461603627026796,0.04022683738563278,6,9,0.004550643254333213,0.06745845576599878
YGR220C,0.6869138977286917,0.62747895223241,0.6478097915007697,0.48486105105880306,0.6274613531314603,0.4542889950759913,0.023146605955719837,0.02524822380848715,0.0245495797565397,0.029690507232024394,0.025248820205381103,0.030558834001951366,7,9,0.0017412614476422232,0.041728424936033987
YGR197C,0.7879955097010919,0.8284233245437309,0.7711540255966846,0.8080671728175841,0.8066297870393011,0.22604606502753044,0.02492031354182686,0.022418683032510996,0.025891225730466698,0.023711312961968708,0.0237999344128456,0.047614423324774634,7,10,0.002980678142303094,0.054595587205406026
YPL202C,0.8181519143616994,0.7731420044161071,0.7982426915176362,0.7568311715153918,0.7900970987010749,0.6836335386188639,0.023873212171081428,0.026664505643918396,0.02514612840477174,0.027606442332370897,0.025648720903724616,0.031488480903612226,6,10,0.003189085185087165,0.056471985843311416
YGR194C,0.7731127220039126,0.4108372215127438,0.7472340066925888,0.6462490283888984,0.8108613152372472,0.7378413374622667,0.03088623806680414,0.04977114053794713,0.032600124927864474,0.038566369944203927,0.028200065985768248,0.033200303096930214,6,9,0.004278317610463075,0.06540884963415176
YDR088C,0.8231251756828216,0.8274101469976787,0.7733569925492683,0.690832657138696,0.7807025888316947,-0.36613678867051025,0.022985053381659314,0.022704928331933816,0.026018584645183453,0.030388503441680984,0.025593475080527166,0.06387921922601145,7,10,0.00303933205035559,0.05513013740555695
YIL063C,-0.23079045781842344,-1.1127938990357276,-0.10620798999195036,-0.19230276772131005,-5.072517317408278,-2.7154994015629796,0.38113287030359894,0.49935903531092163,0.36132893480798134,0.3751263931416062,0.8465814073677014,0.662205743380587,6,8,0.12009414329899268,0.3465460190205518
YJL127C,0.8515721653965528,0.8284917533991358,0.8271741165358015,0.7316914456017142,0.8188308845859328,0.75374149821554,0.022560438864205126,0.02425115186892936,0.02434413011846022,0.03033242465667174,0.024924815357218286,0.029059322468316735,7,10,0.0034892563180927054,0.05906992735811265
YMR229C,0.7529064262488179,-0.0024003238508545355,0.871733833575019,0.1701292680907317,0.26455737062485396,0.5083641302675757,0.0598646686614245,0.12057588463458105,0.04313163439014734,0.10970971371829456,0.10327953113624498,0.08444260810262978,7,7,0.014758181714503578,0.12148325693075396
YMR222C,0.7946531789029702,0.7617353456845836,0.7099082581821063,0.6535432310210569,0.7783683833493005,0.64724298269091,0.02382729134175276,0.025666136142920456,0.02832033366878908,0.030949611972648065,0.02475406575315911,0.03122975045362662,8,10,0.002813290009504232,0.05304045634705863
YNL107W,0.8258004483007413,0.8484064326150458,0.8272237057089796,0.7232227270525684,0.8016190171083935,-0.34776238054689745,0.023416742367558963,0.021844562336632747,0.02332088561578671,0.02951672535401894,0.02498923609121235,0.06513428142753604,7,10,0.0032030156492250422,0.056595191043277183
YOR051C,0.71826528098734,0.3021320876555065,0.6064539427864737,0.21250032945481145,0.4251551847707813,0.4632906396680532,0.03481954639973092,0.05480113323877663,0.04115292485688188,0.058214090234738905,0.0497368450942672,0.04805875425233124,8,8,0.004378839091900204,0.06617279721985617
YDR382W,0.954615261385039,0.8639477581027619,0.898894467985942,0.5968056493678371,0.9510501735300698,0.9096149384627833,0.5444295049889756,0.9426263710435804,0.8125950895227623,1.6227213619307979,0.5654084731094765,0.7683074832684792,5,10,6.645483840228682,2.577883597106099
YDR349C,0.6573656375023591,0.6464706616302095,0.5923897026338798,0.39367097479757807,0.7251919330604581,0.31792868530377016,0.03700683693157447,0.037590598356660045,0.040363524559610356,0.049228963031354586,0.03314219338675679,0.05221333109162586,7,9,0.004067112213200395,0.06377391483357749
YDR013W,0.8294099704258994,0.8488686700573369,0.7767167638933259,0.7522849994926086,0.8030086157841425,-1.1821872464744634,0.024994401883039613,0.023525733788721453,0.0285952557555855,0.030119106174342075,0.02685898163342228,0.08939473327374446,7,10,0.0037263615539521486,0.06104393134417334
YER146W,0.768669190094503,0.5812580185472055,0.7602615751831152,0.5233107420781395,0.7415953028748057,0.6443178798732441,0.07701978269294174,0.10362362996106367,0.07840691628132365,0.11056132440440808,0.08140212675572059,0.09550290163477856,8,9,0.0260930134089652,0.16153331981038835
YFR011C,0.48359746124418057,0.3659260389868281,0.48183530549094744,0.26818965485833257,0.5268600788695773,0.061521274345223254,0.051249516930501116,0.05678917390575361,0.05133688358061562,0.06100913451718357,0.049055802916647046,0.0690888251880758,8,8,0.005175404767054386,0.0719402861201871
YKL054C,0.21708890527780178,-0.3082645602177905,0.22271134022057848,-0.7243885205111433,-0.4029620047057543,-0.700657354897009,0.07862701972349075,0.1016397010869444,0.07834418310638737,0.11668986898583067,0.10525398449909974,0.11588413984172558,6,9,0.008034971105307426,0.0896380003419723
YKR072C,0.659989362180279,0.6730870254238034,0.6357193991711744,0.5978109334916426,0.6052161970986639,0.4976862926157536,0.03343539987472183,0.032785087549570095,0.03460814257155811,0.03636431400096271,0.03602798159619512,0.04063944645959829,7,10,0.0033455973857204565,0.05784113921527183
YPL241C,0.8725834040084383,0.8965186041238903,0.8576630708962621,0.6631918196276243,0.8376067355440389,0.7790726643598099,0.021006304996132322,0.018930749413753306,0.022202172034248912,0.034152931190178,0.023714865926012532,0.027660587181713037,6,10,0.0035239235100078888,0.05936264406179941
YLR146C,0.7768480323616247,0.7125449206740491,0.6698923112647277,0.5462275267652055,0.7280622671692514,0.4767622026523657,0.0236684645879222,0.026863012778548863,0.028787075384931093,0.03375116738025685,0.02612789736423987,0.036242594463878335,8,10,0.0025544216605880923,0.050541286693040297
YLR197W,0.8023077249900611,0.38650033378504645,0.8450963866033807,0.49520123300664265,0.767964488122823,0.6597724141708795,0.14098200235635808,0.2483567627377864,0.12479569361284973,0.2252827649176614,0.1527376320211476,0.18494968103912895,7,7,0.1023035696553368,0.3198492920976015
YLR443W,0.7250186924963666,0.7137021194573987,0.6797071932332586,0.4956290499282521,0.719690633331448,0.561850518233797,0.02935549951975509,0.029953457165634474,0.03168191913429214,0.039756937304677074,0.029638532300121607,0.037055189593225506,6,9,0.0031888119942570293,0.05646956697422984
YER042W,0.8664648419289891,0.8775759531665692,0.8528477372266374,0.7539891014761415,0.737016463944284,0.8946474595675757,0.11952030286297455,0.11443983902431276,0.1254663733915281,0.16222621897333492,0.1677289981099249,0.10616133684790306,5,7,0.10885312036895732,0.32992896261007054
YJL030W,0.8953516432035773,0.8869236765277559,0.8528083790001424,0.8483813996619299,0.9003682185184834,0.8655742848040492,0.020588104994923386,0.021401095621614977,0.024416966748958206,0.024781432611745195,0.02008857429870111,0.023334115627189775,6,9,0.00412148262481454,0.06419877432486183
YLR371W,0.24368507937096429,0.39870739730752225,0.3524802747382164,0.36750557069584455,0.384660303311125,0.35439276145966336,0.06907469088810428,0.06159004855826936,0.0639137231839552,0.06316783152985211,0.06230531306184794,0.0638192669596388,7,8,0.006419310307249113,0.0801205985202876
YCL037C,0.782334541326886,0.66310210324268,0.7786531160696354,0.26186873647220665,0.7711662065984917,0.5720661766651873,0.030171963883112423,0.037536862616934334,0.03042604668100361,0.05556171227262092,0.03093633778406266,0.04230552880650148,6,9,0.0042556977910426265,0.06523570947757544
YDL080C,0.787329655685551,0.7781879158889597,0.7825967044185878,0.6830357229473966,0.712650105360435,0.7058375138700032,0.0234009559299964,0.02389861499340203,0.02365991571701992,0.028568358747659346,0.027201048996694427,0.0275216061331543,6,9,0.002620073056768549,0.05118664920434379
YDR119W,0.9199635917682677,0.8887922179268581,0.8841697941962487,0.7964480300603394,0.8976633715034463,0.7758941226283617,0.03171558011498751,0.03738491984542745,0.038153973892920995,0.05057856681406472,0.03586281836854027,0.05307078204899561,6,7,0.012788242594662384,0.11308511217071142
YDR235W,0.8397374861851866,0.8535193610782844,0.7716587432729138,0.6491757398223469,0.8157321928964126,0.6763356439618228,0.02087572855482841,0.01995794303101195,0.02491826839408654,0.030886626390832436,0.022384654705906424,0.0296669639042997,7,10,0.0027669701213845067,0.05260199731364301
YML060W,0.8628439404987551,0.8818860817850255,0.8493003509458036,0.7738828546952007,0.7939784326871799,-1.4393955727379733,0.024777384123959956,0.022993151053909214,0.025971921082174287,0.03181373806626361,0.030367168374986122,0.10449345035310305,7,10,0.004554587459933791,0.06748768376477142
YCL014W,0.7714527538651331,0.7861983227166419,0.6757814060597298,0.558859831940784,0.7633499528667503,0.6511107041348276,0.02584661052028806,0.024998914787096226,0.030784674163846545,0.03590904906244869,0.026300796432714255,0.031934448825591155,8,10,0.0029742970633945334,0.054537116383198456
YHR179W,0.7380593067703837,0.7848858147236504,0.6853119383606081,0.798278053247671,0.8013418841859212,0.8015784770234979,0.21298813933285748,0.19301384320709988,0.23345010142975514,0.1869091268429933,0.18548427177908366,0.1853737871813813,7,8,0.17622235650120033,0.41978846637467343
YJL151C,0.6272642371358115,0.7210292877086922,0.5863667029225564,0.5696215540037763,0.6559560602712657,0.5881510357121424,0.1506581460547549,0.13033810201888887,0.1587083705353832,0.16188900111693386,0.14474349100599262,0.15836568219647978,6,7,0.06196369557651638,0.24892508024808666
YGR261C,0.7483011664280288,0.6674021100526185,0.7161570485009584,0.54647593489307,0.698858172894321,0.5393272887310485,0.022572717804632353,0.02594794660589106,0.023970787825811267,0.030300055161284044,0.02469043783242176,0.030537922892830298,7,10,0.002059869178732699,0.045385781680309295
YHL036W,0.8010768073785662,0.8993550655416604,0.8456547707711405,0.7958811051215275,0.828159060816264,0.8791492131101997,0.09082143258734236,0.06460135068367606,0.08000041551196266,0.09199987595836526,0.08441292638523754,0.07078975005103706,6,7,0.04219338934368422,0.20541029512583886
YDL139C,0.8215272860516782,0.8456021099593999,0.7802308390483064,0.6531595997295728,0.7714153512519475,0.6655986858273584,0.02698384160961259,0.025097967096377218,0.0299434088406837,0.03761687417530105,0.030538056581712512,0.036936169354559414,8,9,0.004151345390215815,0.06443093504067604
YLR401C,0.7709688218283275,0.6790886054005156,0.7636565143461954,0.7307333536193454,0.7861083909319008,0.4800148483645533,0.02473199793176765,0.029275509819888867,0.025123706779791196,0.02681656693856089,0.023900598245804996,0.0372655357364154,7,9,0.0027175461852063654,0.052130089058108904
YJR040W,0.7110189103486934,0.7229777288604795,0.6605338327847687,0.48451909655403624,0.7263497054394976,0.6368094597925291,0.02703352864272449,0.02646825851448409,0.029299909131815276,0.036105579135731945,0.026306676547040917,0.030306465464554636,8,10,0.002573292699387709,0.05072763250327881
YNL207W,0.6747351678744534,0.6243002267138927,0.6808563404705458,0.5217483367818789,0.4752622818605702,0.34468849209548125,0.027501835023525736,0.029557220005950686,0.027241826840568823,0.033348120511551636,0.03493126061482372,0.039036153317602656,9,9,0.0023661342026660504,0.048642925515084416
YBL037W,0.8070358512012258,0.770406866903655,0.7366451782440713,0.5842532463692388,0.7749293141488264,0.08656947276203919,0.025001087405034202,0.027270935217274205,0.029207287223654805,0.036697376513047046,0.027001012604218118,0.054394920368680696,7,10,0.0032960539123924122,0.057411269907505204
YDR119W-A,0.40919881293965554,0.4147190063841427,0.35115605753311474,-0.044555594496009654,0.33594880292201346,0.31945298407851364,1.9139547517756745,1.9049921799946883,2.005769919524598,2.5449354211908837,2.029138862545858,2.054187365424075,7,8,6.309211863495374,2.511814456422961
YMR120C,0.7392799030925467,0.6034306060801581,0.7367769716493113,0.32361223587676236,0.7019520212653584,0.24689973769225582,0.19481426010386133,0.240266424619169,0.19574714188394435,0.3137844084548915,0.2082939133496185,0.33110053949137697,6,9,0.1481221870288393,0.38486645349892384
YOR085W,0.6025003108898515,0.5395516729542718,0.5245261695687031,0.21726942071833566,0.594931656183,0.37015852478946065,0.02893533842608657,0.031142295353901932,0.031646339216484756,0.04060376635035762,0.029209513370278183,0.03642300700608895,9,8,0.0021432531810772677,0.04629528249268242
YPR122W,0.7851808258279153,0.8527188164648112,0.7514687624855558,0.7385141820105032,0.749825723456899,0.6961175163235018,0.028586376442935435,0.023669888920308635,0.03074773137797511,0.03153890832715226,0.03084920051650564,0.033999726285356746,7,9,0.0038707784287768127,0.06221558027356824
YNL077W,0.8026932309252804,0.819492295453429,0.799509763154258,0.7992092610422873,0.7993813954843916,0.5420789918167841,0.034261383340496325,0.03277040232829045,0.03453667438466797,0.034562547109962524,0.03454772899528559,0.052195034107216924,6,11,0.006053700641484166,0.07780553091833617
YBL099W,0.37681511168699267,0.3236967000169544,0.3448664271873817,0.12121843007375788,0.5615063928653871,0.19746783337158413,0.2759698965796694,0.28749083703844414,0.28295552729950557,0.32771304109734645,0.23149141368480727,0.3131731195226992,8,7,0.12435396751780635,0.352638579168256
YOL034W,0.818897186478606,0.8113294606435701,0.7835784772677316,0.6812555589046495,0.8020302619904238,0.7123538454419883,0.02449879941318823,0.025005425480168368,0.02678134766655889,0.0325015080846984,0.02561424783945944,0.03087532156416475,7,10,0.0033722327693808045,0.058070928780077254
YBR165W,0.551340199984014,0.6996033805413124,0.5111536651332318,0.41531058658554887,0.6898171806032591,0.5595923267008688,0.039732189702233744,0.03251108335940786,0.041473444161662466,0.045357231289493836,0.03303640569561545,0.0393651000625273,6,8,0.0035803128742545303,0.05983571570771532
YKL113C,0.6164721986748871,0.5016210369270631,0.5065537450343649,0.5679161592631217,0.5573311496334652,0.2535120782952188,0.027544212966822634,0.031398709105676624,0.03124293827681112,0.029235865454300465,0.029591802759070442,0.03842760649475376,8,10,0.002012876002947358,0.04486508668159862
YDL120W,0.805787499468352,0.8678721592418212,0.5798890729452482,0.7411432947789267,0.7357113169644132,0.49966593239314916,0.029963949169698204,0.024714830174316627,0.044069939117073235,0.03459315487735301,0.03495423044597982,0.048093955714466376,8,8,0.0047040730930616136,0.0685862456550992
YER026C,0.7214356404192401,0.5228732374818258,0.7859809163029846,0.08322834609460472,0.7347768220502846,0.16828120885321707,0.04530529573153783,0.05929295336141723,0.03971114821222477,0.08218958406929283,0.04420709039127455,0.07828426008812568,7,8,0.007497656273511508,0.08658900780994958
YPL267W,0.6241187763159003,0.4867764575610022,0.5760437038684858,0.5089752581076067,0.5495271816963416,0.4932291845622133,0.053157299731488944,0.062114197790338194,0.056454444749111224,0.06075601542102341,0.05819315331445273,0.06172248371487612,7,9,0.007649416868221116,0.08746094481665011
YGR248W,-0.8482625080059956,-2.360993154210371,-0.148554108673687,-4.778811620371356,-1.2362175361379992,-4.942215193564795,0.2665391998191442,0.3594289685159928,0.2101140008975108,0.4713011845767138,0.29318131404750436,0.4779180687998268,6,9,0.039112147594141014,0.1977679134595423
YBL066C,0.7385165697135628,0.682111297076594,0.7159519843001229,0.5840510143340782,0.7098673015962074,0.6355736265105056,0.02547809888361593,0.02809198831880636,0.026554664077794558,0.03213401312884951,0.02683757496875625,0.0300780607139949,7,10,0.0025260561612487392,0.0502598862040966
YBL030C,0.6894939704737653,0.6490377610564774,0.7388131451244835,0.529439564446482,0.6511884826599238,0.41419086409451644,0.6916121819282682,0.7352885637930485,0.6343125048928956,0.851403281826054,0.7330321512654795,0.9499608020489532,7,8,1.5675029560132467,1.2519995830723134
YGR208W,0.7612469081944511,0.6720658360738612,0.6854547004278732,0.5188062417510718,0.7199108805628053,0.48908530911094383,0.02615082626614139,0.030648148625230527,0.030015979019463655,0.03712537985895579,0.028324290007801275,0.03825472713959833,6,9,0.0029145731820761776,0.05398678710644094
YDR183W,0.7310420938683535,0.7227138406868197,0.7448068381172238,0.7254357700230795,0.7705675633782076,-0.6410533117073529,0.034820745575661456,0.03535574594803259,0.03391801476026242,0.03518178634779582,0.03216053887654954,0.08601164491291959,6,9,0.004587171260252144,0.06772865907614105
YLR141W,0.8514361780624368,0.7313138890237056,0.8517696563488083,0.7421009367223623,0.8531677043523868,0.7215101720444488,0.025358865174146362,0.034103259647898204,0.025330387911868965,0.03341166861365891,0.025210651986181186,0.034719858885632164,7,9,0.0044045313324048065,0.06636664322085913
YBL045C,0.7226749360657259,0.6412856770777373,0.6239392372055086,0.5800874105910764,0.7003007730937387,0.37973235422506724,0.1275659241226493,0.1450823152534258,0.14854879387993375,0.15697105109468204,0.13261203206813907,0.19077861111292568,7,8,0.05970811700439369,0.24435244423658564
YLR145W,0.7674312816674396,0.7671056092944104,0.7419176206291311,0.6572366346657135,0.7472752036657329,0.6045893210046517,0.026466314445282153,0.026484838716572954,0.027880271284146663,0.032130317518689715,0.027589367608467995,0.034509766073421703,8,9,0.0030647056883510663,0.055359784034541414
YDR205W,0.6848889945617695,0.6838348885330982,0.6549301275267786,0.5087861194065986,0.733443396180097,0.5358673410211114,0.02824086996169438,0.028288066055598915,0.02955287977427071,0.03525994256830864,0.025974129923628547,0.0342742018266892,7,9,0.002575406032131763,0.05074845842123446
YOR293W,0.8579033260977195,0.8268673848979978,0.8478520470280696,0.7102845334814576,0.8372125072627048,0.5782036597744195,0.8621076465268599,0.9516099741681258,0.8920775247012197,1.230992427280788,0.9227415100130387,1.4853231314552162,6,11,5.3222126114499035,2.3069921134347
YOR374W,0.15030453802181298,-0.3649705474632172,0.20451426285014618,-0.16748476949275504,-0.023778083976867537,0.11939374067740671,0.49850977304416516,0.6318349826808429,0.48234549437348123,0.5843427220425406,0.5471985547358492,0.5074963364846957,7,10,0.29760292325504734,0.5455299471660995
YLR024C,0.7748100402170599,0.7735527848423424,0.8033815982183499,0.5656543321539577,0.7743507302936141,0.6975455632216525,0.027345090282958194,0.027421319056533392,0.025551531196918685,0.037977169857376154,0.027372963358221588,0.03169091873214803,6,10,0.003378802740087397,0.05812746975473298
YFR044C,0.9171660022932128,0.8517768013917538,0.8752764650516015,0.8281670777167291,0.92673940158758,0.8166563666844163,0.07267499850601873,0.09721623802479157,0.08917742466857415,0.10467281614461074,0.06834644840924671,0.10812189218248337,5,8,0.06488055844007405,0.25471662380000654
YOR381W,0.7900086075400092,0.6762500945888699,0.7526387478871778,0.6372012715373194,0.749862345908874,0.6165098409724525,0.025870565811650377,0.03212254939655228,0.02807831331297685,0.034004630388119385,0.02823545020298396,0.034960874901914754,7,9,0.0032431235878930893,0.0569484291960111
YER117W,0.8936372253784776,0.7880500000517388,0.8943935005384572,0.6975075058355121,0.8690502968636293,0.6230584571533946,0.6779294288665834,0.9569877275815015,0.6755149760038086,1.1432651349619767,0.752214874668209,1.2762232725447054,6,10,4.396756901121142,2.0968445104778612
YPL192C,0.5527804583105882,-0.18305158062021887,0.5412484908581104,0.36569423378982724,0.6460816381057365,0.24104960895860073,0.06533723468062107,0.10626792571456936,0.06617426349675859,0.07781255811603212,0.058123520458640866,0.085115187064969,7,8,0.009713010646317266,0.0985546074332259
YKL221W,0.7295737610626792,0.7315095993750816,0.7170277970210344,0.0947844196847496,0.6296242108411596,0.5327311123558648,0.04219815673851415,0.04204684833332356,0.043165915358399407,0.07720493773189492,0.04938446597162646,0.05546927626653846,6,9,0.006700254076694123,0.08185507972443813
YHR063C,0.6634933895900446,0.702060529295256,0.588237726951659,0.3177741386957492,0.6805376764559419,0.32689956770758266,0.0317437955836621,0.029869370833751078,0.03511440631646189,0.04519872071991997,0.03092942718019393,0.04489541480756031,7,8,0.00304703361566529,0.05519994217085095
YJL164C,0.7591294170696835,0.5704424056614344,0.6946501509884835,0.5840267353063101,0.747559174651492,0.38939285528169376,0.04790840815434944,0.06397798529710026,0.05394096526470151,0.06295823848684509,0.04904555515291867,0.07627826389205719,7,8,0.009696005561696162,0.09846829724178317
YLR002C,0.7217541495743671,0.5404488798227871,0.6401468955547781,0.5137655993708605,0.4724498794141563,0.3787788751799668,0.026992437390798176,0.0346892307356974,0.03069660751695545,0.03568211555422672,0.03716718059300337,0.0403321025128303,8,8,0.0026644565777801817,0.051618374420163426
YLR266C,0.8516119958414006,0.8370337670002087,0.8873153626496116,0.6504258316058746,0.8260497586298756,0.8028773854167712,0.04447442975898144,0.046607928926808775,0.03875639265701078,0.06826225930105231,0.04815301773836537,0.051260072611634275,6,9,0.013563604604536301,0.11646288938772
YMR053C,0.83625883374563,0.8247595715977656,0.7985890408978292,0.7849425427277437,0.7976608982775981,0.7777584217721819,0.03005482365219625,0.031092267645543587,0.033333183503543834,0.03444391411921598,0.033409898266769156,0.035014497707171896,6,10,0.005613369449555089,0.07492242287563243
YBL031W,0.8362455744841253,0.8261534022568175,0.795787418374875,0.7097328656306903,0.8015470904350187,0.6634752479684667,0.025512457522992877,0.026286869532157114,0.02849029981908252,0.033966805506143984,0.028085651787028928,0.036573310933040656,7,9,0.004044498525400558,0.06359637195155521
YHR154W,0.7598893187223642,0.7645820078406653,0.6919906291306015,0.6816947170138121,0.754705181167499,0.5314978558861786,0.02416145125202748,0.023924182254692575,0.02736523873982812,0.027818851738219273,0.024420888686521612,0.03374994488357177,8,9,0.002473931617108509,0.0497386330442294
YDL130W-A,0.6444641003111156,0.6410333931920729,0.6872388300908938,0.6934505226652425,0.6490843639358272,0.5728202229905197,0.47937896388354556,0.4816862702361585,0.44961796654996494,0.4451306843071724,0.4762539630575697,0.5254635372198867,6,8,0.6576996688452927,0.8109868487498997
YOR377W,0.7314725481774387,0.7571710277428882,0.7182407204429052,0.7022089748785512,0.7320713752105847,0.5053565073075433,0.03017929672259943,0.02869888477702737,0.03091390612681768,0.03178122054660838,0.030145627417528964,0.040960091654341536,6,10,0.0034512997291148216,0.05874776360947557
YLR151C,0.8554951218548523,0.8299399639624112,0.8107509799469972,0.7492984940736226,0.8648886480540197,0.8461074169476904,0.04205741716969705,0.04562495799311848,0.04813025514158248,0.05539617972180469,0.04066748021332522,0.043402044594312086,6,10,0.012455346858345533,0.11160352529533075
YOL123W,0.21162495054357455,-0.3972720578520892,0.3248411409628319,-0.38640381210439845,0.08698366943696723,-0.3217442877748029,0.06907808941795594,0.09196326224106705,0.06392590232595749,0.09160491024425232,0.07433839057214808,0.0894432564622934,7,9,0.006158868069638861,0.07847845608597853
YPL206C,0.7227918461372426,0.5910380114721163,0.7414156368347957,0.3994858180407297,0.785011994593857,0.5969220199774918,0.07919211325621071,0.09618789131538924,0.07648566758114837,0.11655759189178168,0.06974065907479565,0.09549342469920132,6,9,0.023020301218046733,0.15172442525199012
YBR158W,0.7220642958952062,0.663160999943909,0.6711265238464508,0.4606157911347165,0.6770497180117139,0.5627304780536981,0.05008337934708478,0.05513566783700251,0.054479846976603234,0.0697702964967233,0.05398701166656066,0.06281972899584964,6,8,0.009183242382229838,0.09582923552982063
YER094C,0.5584485608929575,0.6388502803133701,0.5673785936469721,0.5025864498581691,0.5522449944500396,0.3782803254076398,0.18056561899333998,0.163300701287149,0.17873039333654261,0.1916475248405152,0.18182962102175174,0.21426030275985733,8,9,0.07513494197951827,0.27410753725411907
YJR051W,0.7204489466701867,0.5031194873816037,0.6921500945430694,0.5104330003604725,0.7065080751208703,0.47064168867511524,0.022743554936232917,0.030321715167089428,0.023866970368911812,0.030097737450190804,0.023303752541742623,0.03129699566766778,7,9,0.0018828195591199656,0.043391468736607264
YJR093C,0.7600309305789295,0.7918664484272273,0.7433109310823336,0.6330934243237551,0.6957143353272343,0.627812005452876,0.029238638909120426,0.027230183357331336,0.030240098784354016,0.03615407593167313,0.03292458158258468,0.036413355263861476,7,10,0.0036250347512499447,0.060208261486692546
YCR042C,0.7737072798153415,0.7570263120718321,0.7556230875559227,0.5177806012879376,0.7517585819172196,0.5770274993174194,0.024889118335684062,0.025790148563079256,0.025864513135348693,0.03633260687019073,0.026068217917930746,0.03402751918586568,6,10,0.0027854898486060673,0.05277774008619607
YDR423C,0.7839084598033845,0.5595252660805149,0.7737980862679028,0.43964885110247054,0.7999222060446973,0.6551226536823624,0.03923573800431868,0.05601746408017276,0.04014311604157762,0.06318195745580003,0.03775394932257381,0.049567301661557595,7,8,0.007249015438767766,0.08514115009070389
YLR143W,0.7996367805853535,0.8036223773315126,0.7384116289098206,0.6016443919029592,0.7050878518845349,0.6392812237732366,0.025030913550642193,0.024780707342729233,0.028600716716746286,0.0352941857863556,0.030367848974758187,0.03358551979209017,8,10,0.0031819147308493217,0.05640846329097542
YKL132C,0.8073764961819043,0.8140870412386298,0.7903018346673574,0.7034073766198702,0.7344720251059542,0.679139884517771,0.025955342838594513,0.02549922387128537,0.02708129611770373,0.03220715054173273,0.03047384625747389,0.033498857723108996,7,10,0.0035587493349702884,0.05965525404329688
YJR005C-A,0.053662562354587995,-0.24117151290566463,-0.028766768022717715,-1.2821839541525382,-0.7134503220266932,-0.6515751333589808,0.5803420778767214,0.6646254223019727,0.6050893555992728,0.9012315219945579,0.7809024914025992,0.7666730854938347,6,9,0.36213894932733276,0.6017798179794108
YMR125W,-0.03632818615829114,0.014919741057121794,-0.02839905768901496,0.03831093370102978,0.09008247775125011,-0.08745924520405901,0.4608916666126648,0.44935130624014763,0.4591250996118274,0.443984225126138,0.4318681882113377,0.4721246713109214,6,8,0.20857081540607458,0.45669553906960225
YDR228C,0.7630492407246936,0.7815949233365247,0.6749462439658038,0.6610559496261752,0.6765247551254279,0.5546720414637518,0.023864152806288737,0.022911226216097588,0.027950820633345114,0.028541774880017787,0.02788287129245378,0.032715755195076135,8,10,0.002445609291220497,0.04945310193729507
YBL017C,0.9269720466885495,0.8818375569429702,0.8606049900983076,0.7375514904207155,0.9381944918271806,0.8616805056468868,0.026699495841527997,0.03396238860643883,0.03688774522931785,0.050615152719732624,0.024562472810459313,0.036745164206879184,6,8,0.009932764305895908,0.099663254541962
YCL055W,0.6804365669851121,0.6972100342096248,0.6810946372574076,0.7348072399933454,0.7533254893916336,0.5281919093219404,0.04839596541610827,0.04710872586056829,0.04834610933793587,0.044087091671030657,0.042519951091288664,0.05880487222887407,8,9,0.007457862554871676,0.0863589170547644
YHR103W,0.8035675335299188,0.7684691320111815,0.7802724210035603,0.6719751092268129,0.786674220442907,0.6607474432696738,0.020566012976580443,0.02232790216585752,0.021751326922093403,0.02657644397803605,0.021432120444487685,0.027027447676758538,7,10,0.0021909884041766566,0.04680799508819681
YJL051W,0.6858657068522442,0.7851816035994961,0.6635686721653786,0.5181165655673738,0.717554102015068,0.5515615217548733,0.02810628973018455,0.023242432540455542,0.02908667369108412,0.034811027509470724,0.02665099819467662,0.0335812825637768,7,9,0.002558849985804809,0.05058507671047667
YJR134C,0.7488545672075975,0.7342165183489906,0.7109151528452893,0.551272873535259,0.7432395554299913,0.6626413905203257,0.02293784616031041,0.02359684753338617,0.024609492478782635,0.030660635732719453,0.02319284645537488,0.026584952721440944,8,10,0.002131734552408239,0.046170710980103384
YDR402C,0.23010168344523163,0.5946421711324072,0.18269073283803705,0.8588188436810633,0.12452227935300808,0.09936118416974749,0.0980050964556705,0.07111336968171608,0.10097763318676259,0.041968199984364615,0.10450920033664537,0.10600035154494797,6,9,0.012694543518683564,0.11267006487387661
YEL056W,0.7451043643897739,0.7206432666314242,0.64170091030299,0.5225826981419412,0.7243744642440907,0.4936058096075927,0.022540855244107084,0.02359765036594196,0.026724651016189455,0.03084879946010245,0.02343953089847853,0.031771194814928114,7,9,0.002028296860669558,0.045036616887478995
YER081W,-0.2792969604393196,-0.35237159887436276,-0.22463674661826882,-0.3276426002780197,-0.1075887772071531,-0.4031390032318578,0.07960908993852259,0.08185118966379769,0.0778898053718184,0.0810993857504485,0.07407407697591967,0.08337336374637537,8,9,0.005040888465699176,0.07099921454283263
YER133W,0.6688767256531691,0.6850126542878832,0.6816795065728204,0.48148595931061566,0.5283948733316145,0.44470686733312537,0.07959144858356465,0.0776279483903109,0.07803759106185137,0.09959827473963563,0.09498626563437355,0.10307010211879092,7,9,0.019466875348543862,0.13952374474813906
YJR119C,0.8149257066156602,0.8180882291650509,0.816995427230311,0.775449873808716,0.7105938847042699,0.6266219804575239,0.02749329401411768,0.027257381160107317,0.027339130454615345,0.030283800618468127,0.034380135053352426,0.03905063500835449,6,9,0.004155856956913657,0.06446593640763823
YPL009C,0.8432612707326836,0.7491550122866278,0.794818521774243,0.4249430528795739,0.8454490477999523,0.5564364603209009,0.02677965470517518,0.033878137472285144,0.030639797408041045,0.05129466991266239,0.02659210119397577,0.04504999348173369,8,8,0.00465571902260583,0.06823282950754593
YJR002W,0.7132403123234698,0.3562354239536978,0.65049521355056,0.3509155642806664,0.49982454598139736,0.3638931327483744,0.026294268329404142,0.03939722011398525,0.029028768039127184,0.03955966806402883,0.034726677087243495,0.039162200201997725,8,8,0.002453337065297308,0.04953117266224683
YDL236W,0.13484355036640616,0.09457947722882987,0.26321887071869954,0.042655653414111705,0.2122380547000864,0.2321807923087894,0.07095421897752661,0.0725865351401616,0.0654787147234586,0.07463885828205932,0.06770619345107974,0.06684368519092881,7,8,0.0059212709737915745,0.0769497951510696
YML050W,0.8238042168085236,0.8545327259233023,0.7569391865390381,0.7750584050920709,0.7384987925657316,0.7050721365629504,0.02457178530087314,0.022326549380903574,0.02886000687801057,0.02776347617486032,0.02993476175173276,0.03179046343833737,6,10,0.0034868322276228984,0.05904940497264048
YBR251W,0.8048069288195383,0.7458097121903631,0.7935092112691807,0.7244874594384719,0.7411059816550805,-2.156876332796944,0.022237028240544177,0.025376050234892235,0.022871512760016133,0.02641893064114931,0.025609762864783902,0.08942796198955415,6,9,0.0025777585486105523,0.05077163133690459
YBL054W,0.7491961340154524,0.6902990718584134,0.7165287645428211,0.5865537547348003,0.6398095735942424,0.5421454604720037,0.028916609143965055,0.03213301708714165,0.030742186277555383,0.037126993126865744,0.034653438509370665,0.03907005420571695,8,9,0.0033924514486921016,0.058244754688230094
YPR016C,0.7847343654649241,0.44279424708158477,0.7771800812871208,0.4941928641514629,0.7456698292406967,0.395544415823901,0.06833809485567306,0.10994698165435729,0.06952684481180364,0.1047533671020335,0.07428043816212176,0.11451376995638482,7,8,0.02207517569468191,0.1485771708395402
YOR071C,0.59227574780666,0.6823559270092925,0.5730689727308562,0.6034405547281794,0.6499549546640633,0.4951599579086682,0.03836612864224126,0.03386375272930138,0.03925939162914209,0.03783718822389637,0.03554894149121186,0.04269151857972476,6,10,0.003673521198578786,0.06060958008911451
YBL051C,0.6543413133056063,0.6318402763786781,0.5514971899726562,0.5681980274114872,0.4557029923707506,0.3997233452904807,0.021334656852028483,0.022018111258876205,0.02430213944233025,0.02384537931405551,0.026771943366033765,0.028114971723378512,9,9,0.0013399141899655652,0.036604838340929265
YGR244C,0.7086360905230378,0.5278377235877016,0.6608584859916502,0.11285177055622597,0.7308944117931997,0.6975974015549842,0.2642200397387011,0.33635161604706254,0.28506136011786626,0.4610478177170615,0.2539272058473444,0.2691786650294448,6,9,0.2438085261878158,0.4937697096702225
YGR179C,0.7759366753123116,0.8941894472595214,0.709864941132359,0.777404473249509,0.7220002636852001,0.7818668357438889,0.03188789072771123,0.021913154298680536,0.03628611816420803,0.03178327323817109,0.03551915269749308,0.031463081473429966,6,10,0.004617787548263378,0.0679543048545372
YHR006W,0.7083346360348584,0.640872994203089,0.6724045897668356,0.5785393203331157,0.7087552699216167,0.569409599511609,0.036458082107129225,0.04045529959351126,0.03863850315520494,0.043825806912179466,0.036431783067536035,0.044297943118719214,7,10,0.004637200955465223,0.06809699666993561
YKR037C,0.8813057706892119,0.851692267182805,0.8646028006628915,0.7541184281307199,0.8583927888389724,0.7603514235004508,0.020652045403477568,0.023085015297105754,0.022057338561978095,0.02972427421419769,0.022557499355049544,0.02934510687471436,6,9,0.003656366113604261,0.06046789324595542
YDR339C,0.7664524468852718,0.5223853932990219,0.7927614585102372,0.5874540246168026,0.5874254069040299,0.04115249900964235,0.02433694198634897,0.03480303723660958,0.02292522515291836,0.032345548748306197,0.03234667061062761,0.049312056703908445,8,9,0.0025805354530154413,0.05079897098382448
YDR072C,0.8491291365613439,0.7158711461941771,0.7948340192354962,0.6878848917579506,0.763814747540102,0.6609125431328384,0.028562254333328038,0.039196515775621686,0.03330753319748182,0.041081584889048915,0.03573684284962362,0.042819900784816255,7,9,0.005502153802318403,0.07417650438190251
YLR163C,0.28160996866624555,0.26244124430129345,0.26773518846603306,0.2874775788877644,0.09912033545058008,0.21035375696931202,0.032767353379599226,0.03320163934228543,0.03308226975954386,0.03263326169215399,0.036693962100592836,0.034354015155123,8,8,0.0015208121386198605,0.038997591446393975
YER060W,0.5896745561079622,0.5272727973432065,0.5955267913383567,0.4751215819998419,0.5369124505645111,0.3713558724333125,0.029176337990545018,0.03131640164576709,0.02896752813962689,0.032998630423031375,0.030995461690883647,0.036113450775311674,7,9,0.0021109903725557958,0.045945515260532185
YER168C,0.7304699858665575,0.6808404835916155,0.7315642483391203,0.6541573619197097,0.6703743838919153,0.35923451341258283,0.02722543059035648,0.02962614126366315,0.027170108242566902,0.030839722233106867,0.03010798336488389,0.041977903595518666,8,9,0.0027983080263710588,0.05289903615729741
YMR040W,0.7062322239599222,0.7906253579950169,0.6858560971309365,0.7682268522166271,0.6425951676822363,0.482526649773809,0.044151808966208246,0.03727421150115596,0.045657354287480294,0.03921732649257026,0.04869973907098029,0.058599028844573416,6,8,0.006752210708948096,0.08217183647058215
YOR107W,0.75728080274126,0.7799307384606154,0.7512281720008067,0.7427465492627371,0.7098601880944779,0.16685887620518813,0.027490408710056057,0.02617633416672248,0.02783105899138362,0.028301518480948456,0.030056111677338637,0.05093172893316308,6,10,0.0031681913521916113,0.056286688943227164
YKL088W,0.7092764948894361,0.719650035436199,0.713397961888784,0.669526294443541,0.7321317033490176,0.7056558087780728,0.031064055903695844,0.030504811019783435,0.030843078790714608,0.0331197112013296,0.029818016044852635,0.03125689406572269,6,10,0.0033774529677783774,0.05811585814369755
YBR182C,0.8064099179849953,0.8274563378240724,0.7795678041696918,0.7022517729091828,0.7552894168361971,0.6300279077632229,0.02710421295262089,0.02558849566586635,0.028922295724042597,0.033613972545842086,0.03047344999976693,0.03746965822167354,7,10,0.003861389717268384,0.062140081406998365
YFR034C,0.811592458046831,0.813056738266693,0.8080811057579851,0.7576571625382679,0.7937162322453811,0.7186156422553962,0.027388307658824655,0.02728167078494381,0.02764234749991304,0.031062124080161728,0.028658178508534835,0.03347079528287296,7,10,0.004051214605914955,0.06364915243673677
YKL135C,0.6740530527629613,0.5934926139278424,0.658527128418817,0.4085903920143673,0.6509082160275202,0.5590041649082103,0.02936832441088186,0.03279743880468361,0.03005964264432417,0.0395594183821384,0.030393136722710178,0.03416040050818765,6,9,0.002692554841823702,0.05188983370395112
YBR253W,0.7039405075309093,0.7653908146376269,0.722859529181478,0.7137301130062687,0.7673788226814687,-0.5727845448562374,0.025702094303936416,0.02287976309638911,0.024867320559759973,0.025273585052465023,0.02278261873197347,0.0592398068732643,7,9,0.002270445978566207,0.04764919704009929
YJR057W,0.48248699754145463,0.6717944252711499,0.3875806647688199,0.23355973170717825,0.5996421965174199,0.43253712306970626,0.03482431935179562,0.027732880520084623,0.03788318202521912,0.04238002035729321,0.03062994047465616,0.036466218648091096,7,9,0.002384499005488578,0.04883133221087233
YCL017C,0.7898702865177589,0.6822437143646982,0.7829363824190636,0.6745907122755762,0.8077699091565702,0.6289586614872189,0.048652776426567346,0.05982889334399204,0.049448988573707005,0.060545081311647736,0.04653444946175832,0.06465096975942462,6,9,0.011462541662465043,0.10706326009637966
YPR028W,0.8563747532495611,0.6167893163403604,0.8470514561657083,0.5654262673376108,0.8910196756787656,0.5455033184692866,0.11974712383801141,0.19559984277004955,0.12357265292165637,0.20829624135530414,0.10430947153848658,0.21301738816809002,7,9,0.10159036768728807,0.3187324390257259
YER067W,0.5731010690760467,-0.1619472987671986,0.6056658331795572,0.5710250701248297,0.539124748565371,0.5443319245057023,0.09231523524947263,0.152301458550141,0.08872439590805656,0.09253942637488095,0.09591853586666113,0.09537513121273278,8,8,0.02031303571870043,0.1425238075505297
YAL051W,0.8106864408994747,0.7925623836322147,0.7871649564076325,0.5443576012011371,0.8036727644455554,0.6728542781488206,0.02562114823058946,0.026819549936525282,0.02716622524553975,0.03974841300666623,0.026091437351973876,0.03368048615147691,7,10,0.0035283251122579275,0.0593997063314115
YHR031C,0.807723662651315,0.7666520829293493,0.775386709092859,0.6115483883920545,0.7595640449116616,0.6570832549654515,0.025688747717910913,0.028299709510683713,0.027765003898561604,0.03651308070920818,0.028726301866069778,0.034306337806677,6,9,0.0034923130316497288,0.05909579538046449
YBR065C,0.8456097205010725,0.8435617275887486,0.8359707766318508,0.7426111414891525,0.7950139897854068,-0.46261139741345314,0.02420703528183295,0.024367059967254995,0.02495124615769821,0.03125550342538527,0.027892904361419377,0.07450683292019913,7,10,0.0038620366497332135,0.06214528662523984
YMR292W,0.676397667889671,0.506089473356276,0.6815491908988935,0.5337801093976958,0.6515003325331361,0.39499626317680137,0.024872203538372564,0.03072787891546653,0.024673435251301355,0.029854090204611303,0.02581128496918396,0.03400849945966289,9,10,0.0019452258004314484,0.044104714038654055
YLR064W,0.6020278560836221,0.4293806232935492,0.6592628576709526,0.4095578270586855,0.5240316861232638,0.3912442265906857,0.048947380140726145,0.05861062759505286,0.04529109832841789,0.05961997631667157,0.05352937038047487,0.06053752491384882,7,8,0.006125751378003781,0.07826717944326204
YJL034W,0.8585803667303751,0.7930567012854974,0.8176227346601648,0.7653308126344873,0.7780532442094925,0.7107482622830803,1.1214725110561903,1.3566238981213723,1.2735591757349145,1.4446472467152365,1.4049413027082192,1.6038796158718267,6,8,9.04941899615803,3.008225223642344
YMR313C,0.005142524908842594,0.08027501709774276,0.06983138724694282,0.06837465141052956,0.07927709871398936,0.03696767495493769,0.18201008191959112,0.17500239939815188,0.17599318535024747,0.17613094278352878,0.17509731405693782,0.17907519956888307,7,7,0.03388310180699313,0.18407363148205974
YGL091C,0.6625703005472123,0.7383070047503287,0.6780611696042622,0.5893815160958865,0.7396258600783964,0.5273534420365302,0.03540929960589308,0.03118327559404616,0.03458695787288953,0.03906114157514248,0.031104599097346287,0.04190771036405888,7,9,0.0037809810944722964,0.061489682829498286
YOL120C,0.941129823217637,0.9284244767118374,0.9382798576880904,0.879469296218486,0.9418842680998627,0.9309687319883088,0.2553679604210416,0.28157948079215506,0.2614762195512416,0.3653991931969264,0.25372636270827487,0.2765296241184981,6,10,1.1271730944753506,1.0616840841207664
YHR011W,0.7808638722609832,0.7355508090845251,0.7618808112171106,0.6633631902626396,0.7437439884117056,0.6109272479630571,0.025884252976903145,0.02843477299287608,0.026982105826232224,0.03208185305840004,0.027990823473506916,0.03449006815525933,7,10,0.0031110746073474724,0.05577700787374196
YOR227W,0.7423708575894099,0.4725568264876041,0.7714631907061519,0.3278854969670726,0.6832349619536744,0.5030242458906043,0.050598350603756254,0.07239802251204029,0.04765592964546989,0.08172604820728986,0.05610576481745854,0.07027590818806405,8,8,0.010111855854435975,0.10055772399192403
YNL249C,0.7067900011537411,0.7322014621888977,0.707297208206686,0.5419263086320234,0.7342244386510866,0.5600186342624711,0.0297996525890303,0.028479077248104813,0.02977386708349923,0.037246844658396165,0.02837130646089346,0.03650387382368724,7,10,0.003081745451552046,0.05551347090168337
YGR204W,0.8365605879727089,0.7843217052692704,0.7109196360154979,0.638976912491232,0.6917067964022754,0.8353588919068379,0.12700478259188833,0.14589650902273754,0.16890829427353565,0.18875965190581917,0.17443099379224197,0.12747083185673233,6,7,0.1004237645143683,0.31689708820746254
YNL224C,0.8303335024877847,0.8481142271212331,0.7885192918444213,0.7513839429127845,0.80095786393019,0.13517705830067817,0.023250472634831567,0.021998460349888137,0.02595787377840033,0.028144810285386748,0.02518292953146936,0.05249250995561277,6,10,0.0032420567643854817,0.056939061850240225
YBR278W,0.7799705324102018,0.7408325406473147,0.7364279961393287,0.6171363397829835,0.7737491171987465,0.664836438954445,0.02900959876158862,0.031484118166638764,0.031750526934284956,0.038266907935920524,0.02941686851264894,0.035803847289285436,6,10,0.003891846780482414,0.062384667831787116
YMR132C,0.7878664853741835,0.6892364730642799,0.7909321044245919,0.6890348395956776,0.7567033183173885,0.6674990269950949,0.023969999839520282,0.029012049400150095,0.02379616991430622,0.029021459853867303,0.025670331687202425,0.030009575190588843,8,9,0.0027560044389607907,0.052497661271344184
YDL214C,0.21249962814798318,0.2584907977121814,0.3049297288582098,0.3519899025248646,0.3331817060718699,0.27397626920752416,0.11438998470871879,0.11099946631734611,0.10746745767316014,0.10376562464829228,0.10526072844819892,0.10983431006423659,7,8,0.01690746021794847,0.1300286899801289
YIR004W,-0.10322429855878368,-0.15811492485047873,-0.0944657555416506,-0.11582233469783176,-0.08320764446519813,-0.0586321581583924,0.10267114959973526,0.10519433311633368,0.10226278223657419,0.10325570126589392,0.10173546480912705,0.10057477200206943,8,8,0.009722683956031817,0.09860367110828996
YHR189W,0.895283893853823,0.8904883799157999,0.8775456065878506,0.8713830029051237,0.8769068974142445,0.7541220896944636,0.02210454665406857,0.022605023970648022,0.02390353080840292,0.02449762897321175,0.023965788876256718,0.033871515355801005,7,10,0.0047479143713843215,0.06890511135891388
YER087W,0.8046118410973491,0.7521714372252997,0.7759665313184403,0.6408889845203619,0.7654654074052053,0.5331914704986718,0.02220353164307659,0.025006252759845738,0.023775485223935227,0.030101442012465562,0.02432631866055146,0.034319608810519375,7,10,0.00256743237264143,0.05066983691153377
YGL059W,0.8234736898894236,0.6899402399653475,0.7706599935681111,0.674338082846961,0.8184087467169489,0.6055739333809885,0.027965438226184115,0.03706291817839364,0.03187548619308099,0.037983973577261076,0.028363797136923233,0.04180225516284786,6,9,0.004508031613975662,0.06714187675345143
YOR066W,0.8358116027435827,0.7007868377747742,0.8032895803861482,0.78650621499312,0.7631645423763551,0.7263269069576503,0.026930505051734808,0.03635495517147051,0.02947724892180859,0.03070901488233195,0.03234421594916183,0.03476876917218112,6,10,0.004494689245810155,0.06704244361455029
YKL108W,0.8171547059860846,0.839984081335846,0.8208127360940242,0.7524925380950348,0.8355818511183527,0.717464041796053,0.02573794151929553,0.0240776174920101,0.025479182246356848,0.029945120463951837,0.024406572451870962,0.031994017663207704,7,10,0.0036865231907247265,0.060716745554457434
YDL229W,0.9356793632916898,0.8019287378647958,0.8931784568687497,0.8201582508151174,0.913027042964302,0.8230213979655452,0.2528545540425552,0.44371728499709406,0.3258554853833611,0.4228057369132543,0.2940273505506427,0.4194266219236261,7,7,1.0114498699176293,1.005708640669667
YBL026W,0.7433503060731641,0.49199705401637805,0.7271835999546639,0.528418152382639,0.5978728900560365,0.48335940658139986,0.025557903945820293,0.03595737452848489,0.026350574923941345,0.034644428224769847,0.03199164224827103,0.0362617802343148,8,8,0.0025897798913641153,0.050889880048631625
YGL085W,0.8080550101080295,0.8455249456596533,0.7822744477511754,0.6800899592239773,0.800934142943506,0.8028061013197139,0.025358717739266172,0.022749302084487246,0.027008073058374802,0.03273805205630424,0.025824819120634508,0.025703107704073087,6,9,0.003409030890717155,0.05838690684320548
YLL031C,0.7270825438989976,0.6688153645412446,0.6978986525190323,0.5708514202350639,0.6817876391989226,0.6357052491090385,0.027841069036032673,0.030669404268978788,0.02929183513817703,0.03491194862014984,0.0300627546694142,0.03216597401265621,8,9,0.002889972018433167,0.05375845997080987
YIL105C,0.7960422132345124,0.6461092168957638,0.7305370725959506,0.5528669230311078,0.787449528666331,0.668256882478456,0.027591267033913614,0.036344284632421016,0.03171399920027925,0.04085261848521187,0.02816647735630468,0.0351886381947986,7,10,0.003798010281919228,0.06162799917179876
YNL065W,0.5592893682559232,0.42997515252101537,0.5391865178842821,-0.04467198765497393,0.5355252495062681,0.3061687739754745,0.03302118341770452,0.03755456736856074,0.03376590996677369,0.05084003541981734,0.03389978351277581,0.041432657548317056,7,8,0.0025175892605838897,0.050175584307349023
YPL176C,0.7467368441441234,0.6469207900753766,0.6867349918928594,0.5819590915118779,0.6998033103595596,0.5892565459190038,0.03343893392019796,0.03948230408326291,0.037189672961805274,0.04296114101807014,0.03640569827370826,0.042584518534273356,8,9,0.004492478111791128,0.06702595103235111
YKL142W,0.2866167880817977,0.4009986296680592,0.3593066153102433,0.35125938909344623,0.31683996416286053,0.2875917804507335,0.6190268914864148,0.5672336432109976,0.5866420550301381,0.5903147244764148,0.6057721454178161,0.6186037298213315,6,8,0.5465743975370705,0.7393067005898638
YEL015W,0.6644597195920464,0.5293132527058755,0.5858366591900018,0.30658999975324763,0.6282195739057355,0.4392610481697209,0.020184002142984426,0.02390567094543746,0.022424397315280814,0.02901549623178295,0.02124605064886791,0.026092477329328883,8,9,0.0012354439358316662,0.03514888242649638
YDL234C,0.8073486101633749,0.6834637101992134,0.764613179597992,0.6197414187286481,0.7596045174762373,0.4421535779847927,0.04858347891340082,0.062275079500263404,0.05370238924395325,0.068256190929987,0.05427073307327734,0.08267227004071848,7,9,0.012466892411680528,0.1116552390695597
YDR040C,0.6866355313733026,0.19289024141587885,0.7180256020632934,-0.26546417803903943,0.7000831982359979,0.5500464243774076,0.20282364624352678,0.3255067577388857,0.19239711217327707,0.40758541800624387,0.19842395794185796,0.2430398921334441,6,9,0.1335797290072375,0.3654856071136557
YPL195W,0.7888476311849457,0.7515393490916109,0.6970745491281899,0.600746913142741,0.740665316164184,0.6318215687771577,0.023696334061324733,0.025704667713936227,0.0283825274300565,0.03258421975537719,0.026261134664324223,0.031290489430072836,7,9,0.002705948379347888,0.05201873104322988
YLR318W,0.8144625357907818,0.8254865643361575,0.7226139943196872,0.5726869102699952,0.7706870535882702,0.638094659613835,0.025210691725688596,0.024450254718147022,0.030825577882211158,0.038259743303545264,0.028027427695431418,0.035210034406136646,7,10,0.003485708336144435,0.05903988767049303
YDL006W,0.8070999159390064,0.8158668348059104,0.8024764796103292,0.7515280664376296,0.7838561233999375,-0.15524164001716145,0.022001860474006072,0.02149607690187473,0.02226396991315572,0.02497076615431793,0.02328974138227384,0.05384304528773657,6,9,0.0025535215860670985,0.05053238155942285
YCR020C,0.6721009385031798,0.7132813997900157,0.6638061436317773,0.5872151846760587,0.6288962570873964,0.5753064901375181,0.037577611158164395,0.03513880720600333,0.038049939253558866,0.042161974167302115,0.03997668228607101,0.04276582883659748,7,9,0.004381989176934448,0.06619659490437894
YJR008W,0.8011292698295494,0.7050386410098108,0.7941452838242038,0.6178078285738915,0.8300487063224619,0.617848126096909,0.046769557535307545,0.05695874213993061,0.04758370317517318,0.06483637427888454,0.04323545806413897,0.064832956084643,7,9,0.011192028107031207,0.10579238208411419
YAL059W,0.5956992384714193,0.2523495304103197,0.5582488275912015,0.0557180271522697,0.37994991271535905,0.2601916936511559,0.040874072472997576,0.05558337791062011,0.042725237579867716,0.062466400354323694,0.0506184704032085,0.05529110029808235,9,8,0.004204790862817516,0.06484435875862692
YPR105C,0.8174831220264296,0.724138997886137,0.8035028158725448,0.2933960780371341,0.7664271691112932,0.4948697688261722,0.024992531187227645,0.030725848284055925,0.025932052526504625,0.049175269516151185,0.028272869540764866,0.04157769485481983,6,10,0.0034823353536969095,0.05901131547166958
YGR004W,0.8381717143873699,0.8048188906258036,0.8086845250291957,0.7575306522472548,0.832854763680918,0.6197145978781652,0.02179763513332085,0.023938727062014723,0.023700483846144243,0.026681521058572803,0.022152827405315604,0.033414655609483354,8,9,0.0029875656818417785,0.05465862861288946
YLR343W,-0.07109797406713314,-0.1749420580962111,-0.025897780777783597,-0.015070305249685223,0.13562981467985336,0.0485564090081535,0.6317761082107409,0.6616934327242082,0.6183019902777709,0.6150305105519145,0.5675426301268368,0.5954429009029115,6,7,0.37918429062190595,0.6157794171794848
YNL322C,0.5747552346812912,0.500219344026074,0.437171288311764,0.3140907135377957,0.5280872323714858,0.5400316687039737,0.14497464664685725,0.15716733608851677,0.1667864222971199,0.184122096853742,0.15272264411174932,0.15077749947281993,6,8,0.05029192734214716,0.22425861709675096
YFL011W,0.028492173336384652,0.5019569625880771,0.10630487612147388,0.5534253332082711,0.14980065806616794,0.4351262808484345,0.7808540701996266,0.5590879899811912,0.748930333158683,0.529411984016215,0.7304779463064995,0.5954186193161518,6,7,0.6386259929974055,0.7991407842160263
YMR065W,0.7755310450565484,0.8170586308284695,0.7612518217585118,-0.31931955903426323,0.7862120426748173,0.6308425971052523,0.02691733052373671,0.024300197737008467,0.027760282299320673,0.0652572616034208,0.026269116339326583,0.034519113668592796,7,9,0.0032844361833547046,0.05731000072722652
YLR457C,0.8188860126694733,0.8413117443663061,0.8028891293429048,0.7067362976516492,0.8245020272260346,0.6894634343012657,0.025227305496952696,0.023613875196588675,0.026317834928922763,0.03210140397912847,0.02483309915219884,0.0330332453732135,7,10,0.0035755501919059675,0.05979590447435315
YNR022C,0.683592944446837,0.41306645482544824,0.6346653771068888,0.22255844378973655,0.5971786892533515,0.35836027365209355,0.02732624170046387,0.0372178508829884,0.029363122836074614,0.04283420405422247,0.030832805610673707,0.038913692988125886,8,8,0.0024014126239050694,0.0490042102671298
YBL040C,0.7925483503578865,0.801589259696664,0.7393557173561052,0.5907272342502311,0.7631963603305061,0.6464029118755312,0.045849786588728264,0.044839572253141106,0.051392882122006774,0.0643999151849844,0.04898612189315904,0.05985951754438255,6,8,0.010311239689268045,0.10154427452726247
YLR340W,0.934509681856034,0.7947520263890716,0.8890730053566296,0.7684140606063958,0.9503332341479385,0.7736601165488635,0.496445834410793,0.8788661949136626,0.6461032777216721,0.9335539370505668,0.4323308844451122,0.9229195907585088,6,9,3.8293034200600466,1.956860603124312
YOL048C,0.7777491116728085,0.5970966463266385,0.7710328336574992,0.549142871655417,0.8176199872411574,0.5772047874660575,0.05745665260564819,0.07736045386850482,0.05831834255884534,0.0818348024094562,0.05204837665167979,0.07924714013175223,7,8,0.015114377798847313,0.12294054578879708
YLR044C,0.8417863619962392,0.6523127316409787,0.7796319036227618,0.5188436349016081,0.8829184812592015,0.6871047528990568,2.283639229815064,3.38532158636424,2.6951311063359595,3.9824346155609742,1.9644894922551206,3.21147850567892,6,9,33.54008901912851,5.791380579717457
YGR088W,0.7705356554562837,-0.05782333916010418,0.7721229408679611,0.054924929168640224,0.6432471097223809,0.47541961513953934,0.11162583587740148,0.23967000800874497,0.11123908835633851,0.22653758778379326,0.1391844982365707,0.16877695283237248,8,8,0.055254464447359014,0.23506268195389718
YDL101C,0.7548856548239207,0.7011197183321993,0.6992491958204141,0.6069947729448906,0.735256243948913,0.6471049321067179,0.028954292131944313,0.03197254588903482,0.03207243887326412,0.03666297905913913,0.030091334646391348,0.034741725279074195,7,10,0.003480248963423173,0.05899363493990833
YML105C,0.7233916586800306,0.6882642250848614,0.7302416413504265,0.4639567772276241,0.6170613386020085,0.51538796622094,0.023824320014511936,0.02529188510552671,0.023527475672641296,0.033165594198772436,0.028031896772842013,0.03153442924429031,7,10,0.0020879923034115132,0.04569455441747423
YLL021W,0.3891177022320217,0.42213843356637926,0.30338448699948506,0.44255077234672036,0.47870715070095804,0.5078900178402387,0.0497859523477101,0.04842169125113261,0.053164853287949586,0.04755878028866846,0.04599058488885593,0.04468472980438876,9,8,0.004128661103957302,0.0642546582276904
YLR306W,0.785313039752345,0.7917430622548356,0.7520874418127576,0.705218572112271,0.733955812878232,0.013111661298293997,0.027150691638261604,0.02674100978679548,0.029176105942085837,0.031814721288719594,0.030224209509049228,0.05821193992979278,7,10,0.0034938903049339426,0.059109138929051765
YOR190W,-0.01675311312503358,0.4263429844283011,-0.024892374070418333,0.4263829863752644,0.19291329783648115,0.39813823235627044,1.0824607564401754,0.813074909684342,1.0867847503701433,0.8130465607357997,0.9644162087611541,0.8328231392033834,6,7,1.1726325571944538,1.082881598880715
YJL089W,0.8509197740641091,0.8193182482878455,0.8405381334837443,0.6487732311432703,0.7403857325343822,0.707691996941064,0.09076212723670844,0.09991985408827155,0.09386918918981432,0.13931197499460324,0.11977299872115281,0.12709105884042465,7,9,0.05622667834581651,0.2371216530513747
YDR234W,0.6756307428393435,0.6852039482024408,0.6614397758672144,0.44211903523012874,0.5613215609443865,0.3954382718240703,0.02820222083386228,0.02778293380715541,0.028812532499455118,0.036985733622353106,0.032797188094900495,0.0385020444597475,10,8,0.0024950546902527486,0.04995052242222046
YMR023C,0.7043024485998282,0.7335041283659625,0.6980861459388235,0.641980384654685,0.6966017229077964,0.5536321433199076,0.028981876526322267,0.027513629233928225,0.029284927878837103,0.031890112296094425,0.029356832360736794,0.03560812405461064,7,10,0.0028904030934241622,0.05376246919017171
YLR420W,0.7305294140414527,0.6424501048371518,0.6809793882445849,0.623677880485687,0.5986378028068987,0.4691566528198934,0.023338566548971325,0.026883562701640426,0.02539381004702161,0.027580260758602156,0.028483065437036305,0.032756816234019985,8,9,0.002056790831154379,0.04535185587331988
YDR319C,0.6895276950512855,0.5219917022346137,0.6480469995148123,0.4969915239721757,0.7469765074831324,0.596560497782298,0.029139023673991876,0.036156075213665234,0.031024579177374136,0.0370895201808674,0.026305344052480674,0.0332164161580598,7,9,0.0027827889142875047,0.052752146063335704
YDL083C,0.9473878455722727,0.8944698853942477,0.907288662118158,0.7707094415069962,0.9491469013366246,0.9398774703815508,0.21559206285026378,0.30533594227876454,0.2861911165632631,0.4500728452709313,0.21195732774586515,0.23046678707782775,6,10,0.8989438957517818,0.9481265188527224
YER056C,0.6690219358839993,0.5743358067087152,0.6574453113862552,0.49723888705173047,0.4161261340361282,-1.646148790868815,0.1065175876304347,0.1207967572457751,0.10836441092951976,0.13128120546503957,0.14147549912795854,0.3011818847443828,8,8,0.034881613907473324,0.18676620119141826
YML011C,0.7754352684985195,0.78827987776317,0.769301977160992,0.6991899163164222,0.7681501868958875,-0.6080717934380107,0.027522834630859895,0.02672412248913116,0.02789615335683875,0.03185433777331161,0.027965704264374898,0.07365039879099937,7,10,0.0034324001252872428,0.058586688976995815
YLR120C,0.7263892895553176,0.5279926407987924,0.6293279648109394,0.5286314949180061,0.7025641092757307,0.41075151921818975,0.13783357435619986,0.18103512935577673,0.1604291871263505,0.18091257385250395,0.14370939396041715,0.20227290300109782,8,8,0.07065291445273125,0.2658061595462589
YNL163C,0.7738841940041035,0.7843370513497584,0.7498902412686892,0.6193620728680768,0.6584614956465734,0.5584138929022102,0.02471797616424688,0.024139886161798144,0.025996373437193368,0.032070333644569876,0.0303785670511897,0.034542609982981094,7,10,0.00274946398047205,0.05243533141377148
YHR186C,0.7274523157774422,0.7357285930865445,0.6952687407300486,0.5737028892302891,0.7178163092756911,0.5725103043755846,0.026998439470099268,0.0265853573676629,0.0285480150722536,0.033765532939652364,0.027471562968031448,0.03381273023286094,7,10,0.002721372339913693,0.05216677429086154
YGR023W,0.8259722246232302,0.7914921598130754,0.7734352621561994,0.7065859502357741,0.8491476775935931,0.5641810919238663,0.05370472198608121,0.05878471043554467,0.06127726137033721,0.0697338496820342,0.05000105740424648,0.08498772863952496,6,9,0.016863958109486137,0.1298613033566433
YDR534C,0.07748928549807876,-0.11620738208480352,0.3323353987186416,-0.24832807054620187,0.2418241633724314,0.30375575891318163,0.10579062745622189,0.11636809605427928,0.08999961654099982,0.12306253349767482,0.09590614907403583,0.09190566704718518,7,9,0.012344573928206617,0.1111061381211975
YOR206W,0.7182831666403886,-0.44643842232446707,0.7983093426752765,-0.20259050319032434,0.22509178654069595,0.3553363936785351,0.03792499423673315,0.08593480567721735,0.03208943090641591,0.07835703775926797,0.06289907467823716,0.057370112446431094,8,7,0.005195069796686206,0.07207683259332506
YJL001W,0.4867051614955792,0.5539889620490428,0.4753146553859826,0.430058124472228,0.45057672782700264,0.3800407460728883,0.2884223530448622,0.26885509461670265,0.29160497824442455,0.3039210287870557,0.2984001194123631,0.31697648163545034,8,9,0.1649088913410479,0.40608975773965034
YGR173W,0.806028150492216,0.657785300299425,0.7699418776349336,0.6673984548456742,0.7342821787613012,0.4150020910235146,0.021232563660391165,0.028202162572313148,0.023123409321476215,0.02780322746116321,0.024850974451597212,0.036873149851429324,8,9,0.002364935501897234,0.04863060252451366
YDL113C,0.854989667447353,0.8376353286444547,0.8146692794637873,0.6255145139405847,0.7903026772880992,0.2960689713913015,0.023384023398371718,0.024743750709946676,0.026435861613467376,0.0375783111307544,0.028120057571430292,0.05152106325550351,6,10,0.003837007633441251,0.061943584279901424
YDR434W,0.543910729295694,0.510685382768703,0.5232792009702192,0.32456838197180393,0.567815829157502,0.3001600550124208,0.031192497086924502,0.03230868708268854,0.031890201655061956,0.03795910016007943,0.030364046196791,0.03863888441314663,9,9,0.0021707188046717857,0.046590973424814656
YIR028W,0.43110534956471036,0.6476725539253569,0.4279338322455398,0.3769660903458707,0.5690643473930668,0.2295983042938915,0.04899177734200996,0.03855498230614122,0.0491281490921161,0.0512699758091974,0.04263963547959841,0.05701194864841846,8,10,0.004293067119303403,0.06552150119848753
YDR166C,0.7707775021605459,0.7115557379105332,0.7444488260878022,0.4574830877087208,0.7516468949575044,0.6668623349889513,0.03134860739410241,0.03516580670020905,0.0331000441169323,0.04822766917431761,0.032630552667463036,0.03779214142792949,6,9,0.004362469492054333,0.06604899311915613
YNL199C,0.6880610779690333,0.7038234780313781,0.5754672193482409,0.5435138571808725,0.5809308243516667,0.4353732820763144,0.024651602143345094,0.024020701195434414,0.028758483540052483,0.029821134788982667,0.028572827898520343,0.03316584593025934,8,9,0.0019823204934667524,0.044523257893675665
YNL162W,0.8702229083137976,0.7527593312564311,0.8500345237395587,0.6984873842413492,0.8564204452886823,0.45554620536562396,0.8478015490984786,1.1701866573217559,0.91136182432189,1.2922541373440928,0.8917466533549384,1.7365036543997991,6,10,5.635643492285687,2.3739510298836595
YMR077C,0.775558664134721,0.8201904552979254,0.7691584544684114,0.7475700147975886,0.7921167040634987,0.6251791385236161,0.027423749575015526,0.02454605950048987,0.027812011393015604,0.02908344730821651,0.0263927843271059,0.03543947578108788,7,10,0.003409604156441645,0.05839181583442704
YJL024C,0.771228394647038,0.7936381606456395,0.7850547980263947,0.7033254498060295,0.8139392755166361,0.710886570875916,0.02492393446109555,0.0236717429282093,0.024159025838888834,0.028382829412193507,0.02247723543380784,0.02801880915486526,7,9,0.002763021213571028,0.05256444819049305
YLL042C,0.8530167555789301,0.8335477935942692,0.7861777957478273,0.7484631508576755,0.7004119366529176,0.6713859902109687,0.025614629549357767,0.02725831102784792,0.03089445694379972,0.03350849888759298,0.036569280636297996,0.03829986136219498,7,10,0.004542149944528824,0.06739547421399172
YCL025C,-1.1976848317494122,-3.152809022432219,-1.4121847285877718,-5.082779309380122,-0.8614680744703029,-1.5194676132750895,0.4528229811988445,0.6224675756529681,0.47440694267812,0.7533499854982675,0.41674802496441016,0.4848418997616804,8,8,0.0949389985610204,0.3081217268564818
YLR094C,0.8620251990085109,0.9110030326358157,0.7756686805262922,0.7635165381694742,0.8509546050833815,0.7262922988846714,0.03960432912791553,0.03180756159439979,0.050499575592453654,0.05184933133952543,0.04116252939892289,0.055780998156929856,6,9,0.01156747803721193,0.10755221074999774
YNL129W,0.5440217219773662,0.47580141608768955,0.5558503685760621,0.35945557460633115,0.46362717166713996,0.07483664368534027,0.04541750677854185,0.04869665544702477,0.04482454249783694,0.05383018105674493,0.049258887274233,0.06469346669820693,7,9,0.004603154620003949,0.06784655201264062
YDL212W,0.9202316355993491,0.9156099230900264,0.8030563256330532,0.694268036105625,0.8880907183833004,0.7739005475750658,0.060321110216775733,0.062043983533450246,0.09478181060188862,0.11809306802246043,0.07144749989935757,0.10155556761059549,6,9,0.04641529371734843,0.21544208901082543
YGR037C,0.5147747925979482,0.4593908343330554,0.4526516806052884,0.4662296468622853,0.4410157580582157,0.42152743104314205,0.7241750297910066,0.7643874904324943,0.7691371048571647,0.7595372763434107,0.7772695445373925,0.790702757787152,8,9,1.0997573553807134,1.0486931655068195
YER078C,0.7527412327663248,0.7652158214737765,0.6981641208796712,0.6274726528738925,0.703365669200444,-0.06019312397251442,0.025608529747718763,0.02495417458627312,0.028293992029865603,0.03143314784494248,0.028049136866196613,0.05302751640608251,7,10,0.002698800168948962,0.05194997756447024
YOR353C,0.7737724270636273,0.7391178686108982,0.6960202932189097,0.5527363616643841,0.7047143957326294,0.5827947808649863,0.023995730446858595,0.025768157930154124,0.02781528425044168,0.03373983875485213,0.027414627168915517,0.03258637664458662,8,10,0.0025898556048586244,0.05089062393858641
YIL101C,0.6494679301734844,0.35756296600574633,0.718589547795144,0.35713806640068524,-0.33199042618221264,0.4501573611922166,0.13500795649552821,0.182772465092806,0.12096663426156277,0.1828328967830315,0.2631758515048575,0.16908874186404158,5,8,0.05291077320872965,0.23002341882671348
YOR058C,0.11804576540246359,0.07839472831415784,0.15006793612648806,0.07364973078817205,0.14631302419723924,0.16929854939380984,0.04258404259297345,0.043530768847890644,0.0418038200275459,0.043642686722441336,0.04189606073839248,0.04132818635032103,9,9,0.002092188753401938,0.04574044986007394
YPR072W,0.7451280282849518,0.7193070357957485,0.6986325514598926,0.37554001934600245,0.7096592486394024,0.6149273807064923,0.021649614372264335,0.022719820144269452,0.023541671555076676,0.0338876483096669,0.02310697656303998,0.02661095405826476,6,8,0.0018712481724596766,0.04325792612296244
YCL045C,-0.5873197951075999,-0.9959830184201499,-0.3263519362845064,-0.6880453339352122,-0.49880300418725754,-1.516795175110135,0.054812608122548644,0.061464828230145055,0.05010460458536874,0.056524965267450766,0.0532623750907748,0.0690195602024405,6,9,0.0019259705427191016,0.04388588090398895
YCR026C,0.7629422028101012,0.7045452370122405,0.716846357723539,0.6026005820874659,0.6680524422696361,0.5897095870494846,0.02344363221833164,0.026172383488316384,0.02562175379003438,0.0303536827499396,0.02774166456461137,0.03084206598033763,8,10,0.0023591127216838316,0.048570698179909166
YLR114C,0.7336280895308982,0.6511518969982595,0.69240719832078,0.5920293204511056,0.6974101122291021,0.676883017164597,0.026085099469509286,0.029851521200848722,0.028030856512037055,0.0322821729810733,0.027801964822898748,0.028729507215894633,6,10,0.0025992598990361594,0.050982937332367965
YBL104C,0.784251105115706,0.785079575390075,0.7666514859969099,0.547460304588991,0.7065209128822095,0.21145041539797926,0.02472772830237858,0.024680205712928224,0.025716534880491717,0.03581279942785395,0.028840216089716337,0.04727422675170051,7,10,0.002883852199323716,0.05370151021455277
YKL072W,0.8125404181996502,0.8179987771866988,0.8027702055578356,0.7153124962100212,0.7665018283440396,-0.18446761574210457,0.025804484704972073,0.025426028063993956,0.026468396396218383,0.031799886600519016,0.0287993782057408,0.06486388614471107,7,10,0.0036143971906361792,0.06011985687471469
YGL197W,0.6708388979726232,0.1461776296928624,0.5785251452749007,0.16005836787060512,0.6585865893458042,0.5085665157190562,0.037597795404325715,0.06055386817117087,0.04254455262704257,0.0600596338647831,0.03829115041850023,0.04593994792058449,7,9,0.004369878788805089,0.06610505872325573
YMR014W,0.49508359746543285,-0.0020763807517445443,0.4284110678243096,-0.032308779759394834,-0.09719319839875906,0.10654172761366809,0.02992673689869364,0.04215994530810396,0.03184135431088084,0.042791197121807185,0.04411549730194283,0.03980950367430148,8,7,0.0018048968613924084,0.04248407773969453
YIL106W,0.13276668684105952,0.20118728452483192,0.15259187857723655,0.12846897334853868,0.20861831889425264,0.11059010452849094,0.11335428219186099,0.1087908674765553,0.11205113655554634,0.11363480771852273,0.10828366624043666,0.11479446109928512,8,9,0.015076240195747248,0.12278534194172873
YOL071W,0.681017316141898,0.6018633685650959,0.7023026928960939,0.6913381346852494,0.661415083869543,0.6443448459765833,0.06713509869534776,0.07500360649470114,0.06485650339662417,0.06604007624768492,0.06916714998652043,0.07088929073845726,6,9,0.01437756347139319,0.11990647802096928
YJL073W,0.7587705375920605,0.7546724617937489,0.665830025335741,0.7131763352090248,0.6850978276105824,0.6944079892585902,0.029580281366647435,0.029830482402660143,0.034815355895164594,0.03225481954152216,0.03379675119331178,0.03329339813072434,8,9,0.003690858454978557,0.060752435794612855
YIL050W,0.6706697538780184,0.6972048582984751,0.6893281013247756,0.128107518381675,0.65929671169051,0.7175488074074152,0.06362876567373157,0.06101156153243666,0.061800028439979116,0.10353070121438587,0.06471811385877932,0.05892633026579871,6,9,0.012509170620034357,0.11184440361517584
YPR178W,0.7761628487283573,0.8565097127744361,0.7625376214977186,0.49833237172843314,0.8050197576039392,0.7102519985183171,0.027522087893633744,0.022035684462944825,0.028347365229435244,0.041202477538527786,0.02568683496557574,0.03131306049468808,6,10,0.0034433702490620824,0.05868023729555021
YJR058C,0.6186124120895411,0.5073276701077484,0.5379560755902845,0.4914101560188249,0.556814256392571,0.3988849741866666,0.027094395872451122,0.030794650550381875,0.029822072822685612,0.03128816088982207,0.02920714355178305,0.03401535332320584,8,8,0.0019585989923387274,0.04425606164514334
YDR070C,0.6995877197371649,0.621938570188865,0.6415786316549179,0.5273505199041999,0.6026928451957595,-0.2643662268691851,0.39582104647801697,0.44403911458997625,0.4323515183761374,0.49648900357280823,0.45520102861879963,0.8120382471856311,8,9,0.5306806121239247,0.7284782852796127
YBR188C,0.8249948515066493,0.7747232498150478,0.8171891039992114,0.710114549685894,0.832752794065442,0.7267320624801592,0.025224564584867014,0.02861913161310117,0.025780973014512727,0.03246470603612379,0.024659127220305097,0.03152046423359786,8,9,0.0036995565419214796,0.06082397999080198
YOR372C,0.3024111154945913,0.4359129655907087,0.2691245685863375,0.4054587855634917,0.3046365495502956,0.30834784453624076,0.08166461810413389,0.07343569650474786,0.0835902917726574,0.07539197883196286,0.0815342516352994,0.08131637816471535,7,9,0.009727952850194892,0.09863038502507679
YNR028W,0.8165381007079057,0.7579920403414919,0.8249453563277693,0.7565080988552882,0.7705892550639049,-0.6933140263649067,0.01979354245985157,0.02273345318358591,0.01933469841695086,0.022803045022950802,0.02213387546112805,0.06013389533440327,7,9,0.0021729728833374904,0.04661515722742433
YOL101C,0.9052578540223223,0.9037692380003386,0.9035402708764912,0.8217976916511712,0.8278040697349454,0.811719607060875,0.025252994068617713,0.02545061201281749,0.02548087204138887,0.03463362343440394,0.03404495068480757,0.0355994932495483,6,11,0.0068491341688321555,0.08275949594356019
YGL086W,0.7400690980561719,0.7095972647434007,0.7229054826026317,0.5978149357451172,0.698108083868376,0.5520509379003945,0.02511003405750692,0.026541086425029947,0.025925808650400846,0.031234266684213564,0.027061015300618243,0.03296345010803301,7,10,0.0024682538758079406,0.049681524491584805
YHR124W,-0.07738952433203816,0.08134524171437763,-0.10578890804342889,0.07926462439617366,-0.060382439350379125,-0.09025704748717511,0.3961778884176105,0.3658305947462327,0.40136543903140354,0.36624463657011264,0.3930385257460619,0.39853669046273565,6,8,0.14823844656620738,0.385017462676964
YDR508C,0.14424434563357658,0.14734696306327477,0.13983743243153945,-0.029293268856721566,0.3113587428064897,-0.001869835983320467,0.3210719630354627,0.32048939719221153,0.32189761887827795,0.3521251629508092,0.2880209070219019,0.3474026646253824,7,8,0.12257675701727917,0.35010963571041454
YDR519W,0.614240659577515,0.6254014931634734,0.5557750670266188,0.2817470097158258,0.5743207411133198,0.4741675714761976,0.07322570247378599,0.07215864051514434,0.07857905229647351,0.09991807140998271,0.07692129131581203,0.0854926943620265,10,9,0.014143724254854814,0.11892739068378998
YFL001W,0.8138294804255933,0.7885966148315825,0.7733505822770153,0.6242603293347464,0.7811665990826299,0.6068513149340078,0.024003762831606792,0.025578780807978825,0.02648507307367484,0.034101022154995816,0.026024397068740244,0.0348820729018023,8,10,0.0031492046298356212,0.056117774633672186
YNR026C,0.05286902289327966,-0.20436901259138662,-0.021989499899834453,0.16768238909125743,0.2206083018445174,-0.30762886812338053,0.10191029806543044,0.1149192645019795,0.10586106728661339,0.09553391888936606,0.09244659909657352,0.11974442453623017,6,7,0.011157817161170175,0.10563056925516484
YOR313C,0.04230425743227695,0.5956726556918963,0.021800109770739096,0.524597672685938,0.15046744010292357,0.4405331866711528,10.654526674976736,6.9228821616601985,10.767978693124343,7.506734128116623,10.034838722074406,8.143433376371151,6,7,120.61293985247892,10.982392264551422
YJL189W,0.9304102974823125,0.4895881750257832,0.8947547155556741,0.5173202276450759,0.9138942221670056,0.606943992906017,0.23045794291855884,0.6241364619245152,0.2834134874311269,0.6069441651018856,0.2563511902186415,0.547704627234137,7,8,0.7765895101333851,0.8812431617512757
YIR032C,0.7638143830615309,0.6529004067500026,0.748244691061434,0.437402938517534,0.7231707797674769,0.6128898630154479,0.028562115165665543,0.034625072781214516,0.029488518987820195,0.04408210983423545,0.030922144641087567,0.036566291292956535,7,11,0.0035146365657313977,0.05928437033258764
YJL052W,0.578243494443134,0.44269257331987477,0.6274725722857526,0.34962729238068246,0.578850558164109,0.4925235356120723,0.3932781576226542,0.4520810956193229,0.369613698370402,0.48837124566423545,0.3929950192821037,0.4313967652295405,9,7,0.37315649141874824,0.610865362759052
YML065W,0.41789746113650605,0.5369452165175894,0.4135528736871118,0.5161401549014129,0.4833365321681373,0.3588386250579998,0.0631720200860813,0.05634316062608046,0.06340732756251477,0.057595003510051486,0.059515336760590606,0.066299261950431,6,8,0.0069759470259273095,0.083522134945937
YHR040W,0.8093421794449231,0.8235584942895362,0.766268247061425,0.651407656734939,0.7126330070178912,0.5656272157853828,0.02620738799624815,0.025211390772048134,0.02901718538778106,0.03543686941113894,0.03217472680946664,0.03955739915348727,8,9,0.0036656077537145773,0.06054426276464664
YBR233W-A,0.21514589796535644,0.14912909945613717,0.2146047429476925,0.1466147785671973,0.38219519434132754,0.2639903263023964,0.10014276810740717,0.10426942082265722,0.10017728625739071,0.10442336508893993,0.08884863636189526,0.09697658507719482,8,8,0.013001797241768469,0.11402542366406042
YPL060W,0.8294337483105597,0.8870231546871932,0.7907190559483568,0.7347853749013704,0.8133701432553357,0.726436927193711,0.024530821225873536,0.019964583594543985,0.02717254880688048,0.03058892884823265,0.02565996714625655,0.031066639030562598,6,10,0.0035899153426351693,0.05991590225169917
YIL016W,0.7082872382340732,0.5682346902210749,0.6983845395797447,0.5442096905806606,0.641028017600751,0.3593470440304386,0.027065734879043395,0.03292804767792694,0.027521297722422462,0.03383176477734047,0.0300242650724087,0.04011007980626976,8,10,0.0025552732923693157,0.05054971110075027
YBR195C,0.5191265321935457,0.570554351115504,0.4126517063974867,0.3655185158689662,0.5508061133549988,0.5012079507172871,0.05620760529867112,0.05311702934367782,0.062119439814832304,0.06456381008399482,0.054324607039882886,0.0572452473309303,6,9,0.00668517049667062,0.08176289192947263
YER110C,0.6831277805271261,0.35826758256003255,0.7009430657596409,0.30959235036263977,0.46868496289043615,0.09730952891579636,0.06068746710906009,0.08636423256150495,0.05895679513093064,0.08957972529653087,0.07858379220395668,0.10242980784282021,7,8,0.011826793007234214,0.10875105979821169
YPL091W,0.5640723990948593,0.4277243504115804,0.5697973339693068,0.2655057258868565,0.6215255050496902,0.41350287285766285,0.059483378066075614,0.06815395669525884,0.0590914965699855,0.07721161699910409,0.05542513371426155,0.0689955983049506,8,9,0.00825904854547827,0.09087930757591779
YDR147W,0.5536423640214572,0.46667173290118347,0.5782003923358867,0.4997263462446724,0.6226069654344233,0.5149478068116042,0.042964247601147545,0.04696377812210188,0.041765608391434915,0.04548514068544191,0.039505964257359145,0.0447878239725673,7,8,0.004208085842455668,0.06486976061660524
YLR277C,0.7751019010420689,0.7790130064391828,0.6948506611689316,0.5951984530541323,0.767939459181747,0.6266811221275859,0.02513884906817991,0.024919300949145805,0.02928253796031769,0.033726679068184065,0.025536016384211567,0.03238862223728431,8,10,0.0028592895333060834,0.05347232492893949
YMR143W,0.8945112490045315,0.9126387397987572,0.8408187464071316,0.82520339737707,0.8094795643690971,0.9113453005256367,0.2335175119379093,0.21250826457549168,0.28685494429686376,0.30059577581548186,0.3138247290500562,0.2140756446909389,6,10,0.5260001852348196,0.7252587022813443
YLL043W,0.7137038879404713,0.7202954650202921,0.6886312816147975,0.6565966203347118,0.7513710900105349,0.45464078386977813,0.025884371460733285,0.025584660148677926,0.026994008982175185,0.028348636878646288,0.024121577787454017,0.03572491687088553,6,8,0.0023812935460821635,0.04879849942449218
YJL095W,0.8097953678201402,0.8239698474490105,0.7985803980572704,0.7086393330534304,0.7895351787032326,0.7313045971172563,0.024546127016074865,0.02361380459715568,0.025259415636836736,0.030380008691739593,0.025820353866405608,0.029174441477299518,8,10,0.0032232797729181096,0.05677393568282993
YDR208W,0.7892238854049266,0.7215213607928508,0.7437254311553717,0.5222162242616992,0.8211777595800904,0.6685573868329645,0.029838202752023008,0.03429714009665752,0.03290142583334402,0.0449239217901873,0.027483543686814573,0.03741675632276251,6,9,0.0042981054341576725,0.06555993772234438
YJL180C,0.7819702961020712,0.758367521403158,0.7829717687058324,0.07289676450459093,0.7032397858223286,0.605412995726313,0.02310285965750761,0.024321231514685886,0.023049739577149897,0.04764002226573047,0.026953225535833274,0.031079877348153657,7,9,0.002490972613196086,0.0499096444907804
YGL231C,0.6505501814794916,0.5949804271265331,0.49706783640370633,0.5291509894448865,0.6816146732735456,0.5829947102166457,0.04243536782147619,0.045684993445431005,0.050908495974957176,0.04925795666618112,0.040505321486930874,0.04635604153590687,8,9,0.005243536077255414,0.0724122646880721
YHR203C,0.9035557436232196,0.8954291161044565,0.8664452547464077,0.7470088691204669,0.856290991638155,0.9183993957827061,0.15808676552530027,0.16461246520479678,0.18603171553977704,0.25604127288423867,0.1929742340060304,0.14541326191675197,6,10,0.26367429694469285,0.5134922559734401
YOR137C,0.8027556752490106,0.7611554979997506,0.7336790928813764,0.659488073237761,0.7762554075147485,0.6237135662669557,0.029537964443008564,0.032503934156402965,0.0343226598199202,0.03881007386378531,0.031459700171105276,0.040797879014240805,6,10,0.004501007622052295,0.06708954927596618
YIL085C,0.7888523269717306,0.7175230989624587,0.6813761748344493,0.443705424843268,0.7295019815392951,0.5069411816705829,0.020085734914398242,0.023231970467209463,0.024673667076518056,0.03260220615727802,0.022734040058673098,0.030693325295462964,7,8,0.0019442060565075926,0.04409315203642843
YHR060W,0.663733531899498,0.6268693380908602,0.6512833898039276,0.5557164473748086,0.5999704581359309,0.5157958872965522,0.02746211908645371,0.02892828811021633,0.027965885941722533,0.031566205744639614,0.02995286004760427,0.032953875897545115,7,9,0.0022821157468635033,0.047771495129035925
YDR540C,0.7964002690721883,0.8368152826755388,0.7891100923102131,0.7597362279106852,0.7169458526133826,-0.41588081031125745,0.030938355047044983,0.027697996814987306,0.031487379434726334,0.033608781311497846,0.03647903830886518,0.0815871884113602,7,9,0.004783770940977371,0.0691648099901776
YPL144W,0.7822096890708214,0.7838882801320535,0.7844099235377151,0.6604774449121864,0.7402282889484135,0.5975952830473819,0.024013581309726917,0.023920861499072073,0.023891974360023743,0.029982785100736146,0.026226092232582314,0.0326414308637791,8,10,0.00269419143625709,0.051905601203117664
YOL080C,0.7822133509040838,0.7469310297034669,0.7543803422911805,0.639757508923831,0.7697064661478812,0.4786841824278497,0.02701091069427396,0.029116760193170495,0.02868502029639468,0.034739300482718005,0.027775665454553157,0.04179016171871902,7,9,0.0034087907217259256,0.058384850104508494
YHR160C,0.8683247671380938,0.8907205207528024,0.8337974209823721,0.5534203706645753,0.8808800826085067,0.758404145449306,0.02899926990762071,0.026418266992402,0.03258021124649267,0.05340531377725308,0.027582092359785728,0.03928074858450386,6,10,0.006498650350941136,0.08061420688030824
YPR113W,0.8884711471318092,0.8406762032054,0.87520965883906,0.8473485347202895,0.7813159958871656,0.7593494538324617,0.0346944493465017,0.04146739035722691,0.03669922282435988,0.04058979613243467,0.04858194410037938,0.05096356582526007,6,8,0.010982112810268618,0.10479557629150488
YDR184C,0.7647231740004535,0.7412027255986932,0.728199225594921,0.5813422494798395,0.7224806249313167,0.5791651059861643,0.028203461921961867,0.02957962699384529,0.030313646998889797,0.037622046155050944,0.030630881735261656,0.0377197421629392,7,9,0.0034401614590950885,0.058652889605671506
YLR396C,0.7704282348788781,0.8058467195726092,0.7801886034712203,0.41738392039500416,0.7784385560641918,0.675751218927237,0.024382667384796,0.022423032375792927,0.023858716697527576,0.03884303989180857,0.023953505021411123,0.028977515956879567,7,10,0.0026350999517662124,0.05133322463830041
YDR227W,0.7424541712753971,0.8421613129638018,0.6200934244092047,0.49029326387169747,0.6825931170022107,0.6377154133647565,0.02820126132831416,0.022077403880689943,0.034251506506836074,0.03967358621055957,0.03130757595846215,0.03344769555246213,7,9,0.0031422134520364448,0.056055449797824695
YBL107C,0.6192514421756112,0.35059555357080296,0.5379711915738623,0.27521467308899994,0.6920294490881329,0.3942062537405354,0.02959545888885997,0.03865125266296396,0.0326017169492421,0.0408329391058368,0.02661708795509318,0.03733088945045438,7,9,0.0023408038732562583,0.04838185479346837
YLR284C,0.9080020925854722,0.9212591072574058,0.8704481986859114,0.7996492609333455,0.8980559791021505,0.7833869088317607,0.02238397703163094,0.02070849055308339,0.026562564683365365,0.033032675529830254,0.023562922595140864,0.03434714369492761,6,10,0.005541785243941518,0.07444316787954094
YPL266W,0.687795974946291,0.2227079182046352,0.7265328530362816,0.2572393905516779,0.4264970656862308,-0.19507403953720637,0.030670501631938574,0.048394248702117566,0.028704779167911726,0.04730707126985008,0.041568988064198384,0.06000660224669622,9,9,0.003065888795961448,0.055370468626890344
YPL228W,0.8248037406482114,0.8362013660397734,0.8154918421784443,0.7000362325074142,0.6767980918164492,0.09076175454717528,0.020106947476396585,0.01944190723498495,0.020634384325340278,0.026309835254676804,0.0273099362861097,0.04580602190806743,7,10,0.0023481216649455425,0.04845742115450989
YLR023C,0.6996684401790313,0.609142748371561,0.6604179922117394,0.6086989578936335,0.6378180209825326,0.5609490257361098,0.02406355972925219,0.027451651329642345,0.025587727860665103,0.027467231602497918,0.0264254752082246,0.029094899395281548,7,10,0.0019618776168888806,0.04429308768745842
YOR332W,0.7228365204334276,0.7417790843090584,0.5238379162073544,0.5485494108203652,0.7468557031805463,0.5776772123093191,0.17642686506099114,0.17029128520646789,0.23124594172478427,0.22516548880175458,0.16860901390118269,0.21778049098505262,7,9,0.11427377314275296,0.33804404024143503
YJL205C,0.7126904412028527,0.7306667418143822,0.46740088076246944,0.4059864046431719,0.6848147837429679,0.7933436690145699,0.07909945303793073,0.07658495036923721,0.10769577472365792,0.11373565558160208,0.0828478728410497,0.06708459467271576,7,9,0.02215899316399584,0.14885897072059795
YBR264C,0.6034824293577497,0.7971787984654363,0.6238454970762726,0.7722861087509032,0.6891029095590238,0.6630825013314949,0.04112248567391422,0.029410663025104086,0.04005265153230441,0.031163261356542214,0.03641300061473747,0.037906171529351426,6,8,0.0043395971682945525,0.06587561892152932
YOR284W,0.8250740442501218,0.8430249484974109,0.806175000230957,0.712040298589262,0.8033879334947851,0.742819128545543,0.025648220916747014,0.02429659615464195,0.026998212672647785,0.0329075822383751,0.02719162748646712,0.03109921664845701,7,10,0.0038266027028714747,0.061859540112026976
YPL164C,0.896121784986005,0.9266241801912759,0.8531716271056065,0.8301723426098,0.8936830942772515,0.8425239075099018,0.02212062385490827,0.01859137945624213,0.026299053879986697,0.028283903137604607,0.022378774283309574,0.027235944891000577,6,10,0.004793176280029008,0.06923276883116122
YOR028C,0.72953334942364,0.45143768156269626,0.7050794494495086,0.6309209969543536,0.6282758164985742,0.7039593022139456,0.0461557530769062,0.06573277482895053,0.048197165496950446,0.053917363722410065,0.05411023100367611,0.04828860835401632,6,10,0.008014770623374426,0.08952525131701349
YNL232W,0.5273449391750836,0.34119893322411954,0.5286361333597733,0.14998698066922256,0.5339557732848177,0.3727674626115416,0.025111913471841368,0.029647276034624217,0.025077589782369923,0.03367599519794765,0.024935680015059067,0.028928235185848774,9,8,0.0013575893989592744,0.03684548003431729
YGR185C,0.3174688708807395,0.30513802535108125,0.28905754751354285,0.4077855459119829,0.3868333014051315,0.3201594198347085,0.14954970272863088,0.15089456428903922,0.15263057709426425,0.13930407593545735,0.14174691065513478,0.14925464796801496,7,9,0.03334277812263527,0.18260004962385765
YAL038W,0.9013028855368693,0.8910189438021335,0.8874408534991077,0.737366742949497,0.8333863542713369,0.8015784872866709,1.2437591203766507,1.3069517567546767,1.328233550882472,2.0288919096486397,1.6159924755923574,1.7635120384648924,5,9,15.94855127530362,3.993563731218474
YGL044C,0.6994113288752367,0.6446202361425355,0.7099294362124238,0.47398829291899036,0.7058576436696167,0.5713505937162539,0.03004690758061866,0.03267080414691186,0.029516530443278604,0.039747624832387626,0.029722973927508424,0.03588100428991013,7,9,0.0030561881803719934,0.055282801849870035
YKL186C,0.5297675904823328,0.4293073415773232,0.5469129890543387,0.44379284909528494,0.5558210848266644,0.5039435824668621,0.02765233340872172,0.03046327901550548,0.027143529042610186,0.030074179633302035,0.02687537141896843,0.02840148457450268,7,9,0.001654642399266237,0.04067729586964007
YNL182C,0.7463121393559982,0.469170239458077,0.6637628795232187,0.48474380859262645,0.4849193206890553,0.28956396622635727,0.027220508277064195,0.039375312986752266,0.031337851350886785,0.03879341360924739,0.03878680593196297,0.045552149781680124,9,9,0.0029719802053638803,0.0545158711327617
YCL034W,0.8040911203343342,0.743395727210123,0.8078061811172642,0.6502359658706562,0.8308649589434007,0.7091229979259339,0.041409569026870464,0.04739206056798023,0.041015060659191624,0.05533007064828672,0.038476047005792616,0.05045780369352965,6,8,0.008906363945983972,0.09437353413952437
YLR079W,0.7491698050110882,0.7444178812727407,0.6285175503972915,0.7616357498055024,0.7125422337604957,0.6857704389269448,0.030918866248040706,0.031210367731042445,0.03762727807967507,0.030140760979251016,0.0330994422696205,0.03460645966585048,7,9,0.0038781128562612173,0.06227449603377949
YIL015W,0.7722882073525863,0.5929868991353906,0.8136293377426029,0.603024286632052,0.8207702575177555,0.1487519468498607,0.043569787310122114,0.05825012651851555,0.03941680809830598,0.05752738695352003,0.03865429165335002,0.08424046289377746,7,9,0.008482785696469826,0.09210203958908741
YGR172C,0.5858537574186428,0.4894106185908117,0.5991675856174606,0.48743468379374555,0.5568089723704188,0.49661048054158174,0.025270021150268974,0.028058511755097163,0.024860517228692355,0.02811275128357707,0.026141121909227738,0.027859981732388763,7,11,0.0015689554901466363,0.03961004279405207
YBL016W,0.7312218310918919,0.4936906963646558,0.755659063791531,0.46795839250148175,0.7733806478546215,-0.4331669708348602,0.03494533016487487,0.047962311626058976,0.0333188704126454,0.049166008407578884,0.03208785226363296,0.08069387068051401,6,10,0.004623144236346191,0.06799370732903297
YDR174W,0.74667155036618,0.7907794632025258,0.7281771124920515,0.7245897570680389,0.7049339814467436,0.5652390464542911,0.06925171418205754,0.06293477752685488,0.07173507489704431,0.07220688158906313,0.07473914814873356,0.09072224978967741,6,9,0.019263279607399143,0.13879221738771647
YAL024C,0.842584304934921,0.8230090154726266,0.8022858409689025,0.7356396190176734,0.7911045182842322,0.6931041056396998,0.022820992124102175,0.024198368051579027,0.02557580967015838,0.029573906124176128,0.026289058250119915,0.03186442197145072,7,10,0.0033664653498469057,0.058021249123462564
YGR227W,0.6499531788887583,0.4546935811819991,0.6725268102903021,0.45672228038663,0.47856591067462784,0.2959662455603368,0.024571427144362386,0.03066815274016696,0.023765950468458145,0.030611052338757803,0.029989347925986645,0.03484689232817832,7,9,0.0017550430068261295,0.04189323342529351
YGR175C,0.6324368149257693,0.5894119645785433,0.5995446476810438,0.5467573665423477,0.3080013388116355,0.499179609699262,0.1385949064509468,0.14648205075613266,0.14466328336536538,0.15390284342306643,0.19016644757335238,0.16177904512547348,9,8,0.05317600064333576,0.23059922082118092
YKL008C,0.7338617075438463,0.7392820710453756,0.723414186690903,0.6709483629472759,0.7443657198846272,0.6330681840815997,0.03013986070077499,0.02983135679837122,0.0307257510851641,0.033513484538254916,0.029539089418779703,0.03538997393798861,6,9,0.0034731876919388417,0.05893375681168511
YDR019C,-0.14455945895562738,-0.5150553898837094,-0.28363378533064276,-0.4293191397637577,-0.24973287325470084,-0.5044203614138572,0.16911080630407108,0.19456576957791163,0.17909058307318632,0.18898040938090915,0.17670985791002025,0.19388168351872215,8,8,0.025424797317347064,0.15945155163041552
YKR001C,0.6240482206794595,0.648847802867029,0.6588183128664289,0.39115901402442577,0.7318943840156171,0.48548503515551455,0.08958256772311372,0.08657751759761546,0.08533953860283458,0.11400118732516996,0.07565025388208124,0.10479883134871583,8,9,0.021720409376980485,0.1473784562851046
YNL240C,0.6322191894421093,0.7276160622850789,0.6523584304469545,0.5830271520163474,0.6053925270280823,0.45518991151256183,0.029460089307804322,0.025353053521355168,0.02864213433334123,0.03136847561723801,0.03051561865710846,0.03585602126520883,7,10,0.002401221318266843,0.04900225829762178
YGL187C,0.587140840232887,0.5880923098177111,0.6702862710019335,0.5504500172169521,0.5572863387800994,0.29259559540577285,0.1490843193348964,0.14891243140132188,0.13322923071741538,0.1555679028967992,0.15438050827507616,0.19514835036357364,7,9,0.054779132100422186,0.2340494223458417
YOR223W,0.7469834255009214,0.7353834912300484,0.7538927448463385,0.690703218480123,0.774809056476986,0.6981466834140226,0.03813159579035514,0.038995901297116574,0.03760734751054805,0.04215976634247986,0.035973770122379296,0.04164937328994336,6,9,0.0058475524722057535,0.07646929104029769
YDR167W,0.6369769583661476,0.5878035925936405,0.6361936894214286,0.522420376810425,0.6948539024949214,0.4878753225977167,0.03173652673893152,0.03381772600589034,0.031770746111662126,0.03640115754267393,0.02909686573713713,0.03769468788640605,6,9,0.0028231745989316485,0.05313355436004304
YGL194C,0.7708664489002974,0.8300879052542856,0.7118021885331604,0.6526764941673517,0.6579891249983574,0.3413801295211618,0.02471462869104425,0.021282463350803863,0.0277175657502309,0.03042824014975788,0.030194629497334435,0.041901267626453256,7,10,0.002712518021214372,0.05208183964890614
YGR008C,0.6606271101021979,0.7146055887444693,0.6286351171513946,0.6778897777022654,0.6906247729718362,0.7582203336048899,0.33401117956144205,0.3062987059290035,0.34939995647460115,0.3254053460294794,0.3189078409508578,0.28192417410297843,7,7,0.3345014445085353,0.5783609984331026
YIL160C,0.8792290940863876,0.761188509188194,0.8586668042308914,0.717647753190195,0.775674425844775,0.7101349378711168,0.05821130599759169,0.0818566167878907,0.06297211364933081,0.08900651667379071,0.07933513680846956,0.09018288347463684,7,10,0.028549959721667188,0.16896733329749625
YCR037C,0.718104112618637,0.6822875105090633,0.6993462501330066,0.6430822795159987,0.7090101660786094,0.6417967044771994,0.0237740921278585,0.025239265674230935,0.024552339674665285,0.026751222075137127,0.02415452378753656,0.026799356125688168,7,9,0.002040197826708234,0.04516854908792438
YDR449C,0.7620430788105624,0.7151903562055477,0.7735065274620259,0.6820253654469066,0.6217920740710002,0.5041361549120998,0.027282668563056462,0.029847985280715483,0.026617393293717345,0.03153798301723235,0.03439560790223938,0.0393839161753932,8,9,0.0031829402854564887,0.056417552990682684
YOL073C,0.7295132986581456,0.733636133763173,0.7119280736588962,0.6930579582105747,0.7646177851598153,0.6972129215225527,0.03286963881570399,0.032618172722820665,0.03392129638299488,0.03501468002490625,0.03066258715430407,0.03477688201212736,6,9,0.0040644060029226105,0.06375269408364333
YIL142W,0.8725222228807293,0.8240819528218962,0.7918554891116191,0.5893194861030451,0.8656645580404643,0.7178149470785811,0.05415102900522225,0.06361282320616977,0.06919456030031655,0.09719446222623666,0.055588477192750486,0.08056686702155225,6,8,0.023406263153312113,0.15299105579514155
YMR204C,0.7725477504048615,0.9058180527449968,0.7656321367071022,0.759616867207375,0.7783333616847274,0.6622910110767715,0.038122961140334616,0.024531569846340542,0.038698179830694915,0.0391916459878291,0.03763497879390873,0.04645289858302077,6,10,0.006501838146308169,0.08063397637663772
YNR053C,0.8953747577727215,0.09943420730179842,0.9131835068260818,0.3513875682255587,0.8925409965090282,0.48016309387937883,0.05373577191550603,0.1576532677404675,0.04894928734264002,0.13379438508201769,0.05445862327670623,0.11977848296382283,7,8,0.028083009393408048,0.16757985974874204
YBR207W,-0.008847198724070582,0.08663280181944821,0.03648269941814786,0.16273827142628006,0.03583803267496821,0.08435636138219416,0.4277811272959774,0.407034882778889,0.4180600642226253,0.3897082002892742,0.41819989791028506,0.4075418059732056,7,7,0.18457419657020072,0.4296209917708872
YDR185C,0.7548083824411964,0.7692178149043455,0.7269342015612184,-0.5934928725098532,0.6958631084577147,0.7161542826957488,0.03148839261828529,0.030549128339715067,0.0332300761503526,0.0802736009367152,0.03506971479023211,0.03387964534503312,6,10,0.004114797836963162,0.0641466899922604
YBR167C,0.6581861185137543,0.6865276919527913,0.6505326034148959,0.6803316485453963,0.605276895959449,0.13788614128149335,0.03480924450708812,0.03333491409934037,0.035196792018237305,0.03366274833163955,0.03740640944273007,0.05528178566876308,7,9,0.0036070539414952123,0.06005875407877866
YBR196C,0.9188384442354559,0.8685232433320146,0.869709921134368,0.7972831100352955,0.9213849887589569,0.6794845757540264,0.26212760385902323,0.3336276735052101,0.3321186388936565,0.41426910235397146,0.2579825411943746,0.5209092182007796,5,8,0.8614464581625264,0.9281413998753242
YJL020C,0.6581997242195556,0.21274456680498,0.6100567495046573,0.3008018610493327,0.6786578855456786,0.5848311228043069,0.051979339623421474,0.07888644526096936,0.055519463025739006,0.07434378789719664,0.05039974937198973,0.05728711453238501,7,8,0.008043447739366763,0.08968527047050014
YDL222C,0.5428485164829867,-0.11818291879638476,0.45285152941237183,0.31255404450238533,0.5708939606652287,0.2847780156642875,0.1348005856838166,0.2108230729407757,0.14747360855845057,0.16530309803799306,0.1306002552903988,0.16860953863241418,9,9,0.040446091750762456,0.2011121372537283
YGL154C,0.756108455444582,0.7709964224547944,0.7079196580525855,0.6556722593007847,0.7295615886128202,0.6864034329808085,0.02690412237101345,0.02607003361438288,0.029442292421969257,0.031967337345968454,0.028330526505330158,0.030507464003172297,7,10,0.003019910368010355,0.054953711139561406
YLR211C,0.8771521415109199,0.8700121561086852,0.817074277257161,0.7446607889536392,0.8105090615807351,0.7454397888711888,0.023710442398501938,0.024389743460842484,0.02893298567492346,0.034183349728338884,0.02944761221989897,0.03413116587524868,6,10,0.004656556344461183,0.06823896500139186
YER070W,-0.2691423406435942,-1.3036622685337038,-0.2802174666273256,-3.0261570661402812,-0.014170517929091409,-2.0890597659163914,0.13544127900586747,0.18247580333017685,0.1360309571269124,0.24123550989850578,0.12107413373084211,0.2113046406972629,9,8,0.014707704556311511,0.12127532542241028
YOL052C-A,-0.03881165463903535,0.05170880840954728,-0.0674367715825075,0.1291607534435184,-0.026154601505333108,-0.06033263456391991,7.379708400231255,7.050852882497846,7.4806937321902875,6.756780201835151,7.334612821970479,7.455758957329947,8,10,53.345123831588275,7.3037746290249315
YML005W,0.7899796099790246,0.7636447902945177,0.7419456526854619,0.6230566971921505,0.7248861697220679,0.5688331779356199,0.02526736358624005,0.026804751730103934,0.028008173579206947,0.033850665801976834,0.028919142487277914,0.03620360907920401,8,10,0.0030932251786097652,0.05561677065966492
YLR011W,0.7753433358040183,0.7972510558228654,0.7905047463341001,0.6696846711813791,0.7351351152075203,-0.25736786329959394,0.029094428825733213,0.027639455510134213,0.028095533075326057,0.03527886031689318,0.031590927351889696,0.06883056915753027,7,10,0.003834012312299416,0.06191940174371371
YMR156C,0.82067260859972,0.8275435641638756,0.71633273826857,0.6056518115605367,0.7577207232977737,0.6898898851707975,0.026919583347893218,0.026398832556851298,0.03385708987907501,0.039919486235814206,0.03128982631523779,0.035399977348286225,7,10,0.004111905965993957,0.06412414495331659
YHR035W,0.8601484077920573,0.8615953749492323,0.8647496419733394,0.8077212028157224,0.8025032870797613,0.713791277108858,0.023361914049134066,0.023240743404128923,0.0229743866557305,0.027393051409040338,0.02776224931826129,0.03342074656452348,7,10,0.003971024497745689,0.06301606539403813
YGL232W,0.7356475713033619,0.7233134301630917,0.6682393969799585,0.6054927474634993,0.6899207613739136,0.4980556832509554,0.024228445115869083,0.02478722625786799,0.027142278179943365,0.029597933301497924,0.026240387002059308,0.033385790363563365,8,10,0.0022595446133572453,0.0475346674897095
YHR089C,0.8639737734035616,0.6038099581274154,0.8702514395808254,0.49081119878495527,0.856249645743058,0.6763306701809764,0.10048130147603805,0.17148482869436904,0.09813528773988907,0.19440764883508618,0.10329478309447163,0.15499750254423914,7,8,0.07552678362866648,0.2748213667615138
YLR207W,0.7465879411927927,0.7297073443644415,0.7279645440905995,0.694154357442296,0.7302626229229714,0.5852898119602645,0.026570036354071333,0.027440728229787777,0.02752905261719123,0.029189701827044782,0.027412527164299153,0.03398997634326726,7,10,0.0028347199350059935,0.053242088003815115
YGL018C,0.832842320081641,0.8414401709203618,0.7945806530735049,0.7308365521340652,0.7089168268552744,0.7124477800861029,0.02587021683313701,0.025196109434596877,0.028678575364936947,0.032828039163285846,0.03413857993364394,0.033930890982490435,7,10,0.0040740554982181525,0.06382832833639114
YDR164C,0.765483461933185,0.7457775566552458,0.7069659123641729,0.6433526744386564,0.7257556576840967,0.6829415385571863,0.02484287240710755,0.025865567760069545,0.027769888960984528,0.03063617611298784,0.026864818449503523,0.028885822983381524,8,10,0.0026778317163181683,0.0517477701579321
YNL088W,0.7954740870489089,0.6253960828395797,0.7721677078527205,0.4360517350555476,0.7608897901093703,0.4709244537258034,0.02778304401453722,0.03760034364840871,0.029323330596803247,0.04613444383245932,0.030040331254559835,0.04468528184249297,8,8,0.003840293806262379,0.06197010413306064
YOR109W,0.8119964663323925,0.7275917438771413,0.7625388744278195,0.4774275075003128,0.8046874497895531,0.6471547562137169,0.02357317277949096,0.028375607371999668,0.026493009442577396,0.03930142577012718,0.024027030993143027,0.032294396054189795,7,10,0.003007621663998817,0.054841787571147035
YDR359C,0.7313189033132661,0.8190524489588815,0.7456713759530493,0.6506823059741871,0.7581971536113731,0.7706423913459689,0.02807820030043956,0.023042365784489736,0.02731796426008904,0.032015552721154715,0.02663676112937207,0.025942228937150383,6,10,0.002985757701677591,0.054642087274166154
YDL195W,0.5243440316602223,-0.15994825551234726,0.3543393883661108,-0.08801811516935687,0.6343226136928968,0.5953363764369954,0.08167633480636234,0.12754665503179577,0.095159447552554,0.12352868795345463,0.0716141460401171,0.07533500970199412,9,9,0.014270942912859463,0.1194610518657
YJR135W-A,0.7022349399409669,0.026814745242035087,0.7193206423140479,0.2558380163450824,0.6533431246791878,0.43925875818665305,0.031816903663989864,0.05751999041740974,0.03089059559946926,0.050298471180553035,0.034329774761583255,0.0436618662095192,8,8,0.003459355765697276,0.058816288268618885
YLR342W,0.9692990708986498,0.9148323476613983,0.9620233708796175,0.9010019082543417,0.9606819273233798,0.8251530034139984,0.14655995893904025,0.24410513385012436,0.16300381988942783,0.26318006325630494,0.1658577180448104,0.349758810782279,5,8,0.7119217945121613,0.8437545819206917
YOR304W,0.5567040591967978,0.624033036677213,0.5397315086766843,0.5760952972833656,0.5714146014966771,0.49643680650329225,0.04050528514181109,0.03730264771592105,0.041273418316671334,0.039609461107147435,0.039827541790186424,0.04317096992206408,7,9,0.0037660212907403273,0.06136791743851446
YEL019C,0.8766860780774914,0.8523409788846289,0.8141438585549502,0.7938396360891405,0.8293176109219683,0.6955235571355926,0.024282794729524076,0.026571899789471696,0.029811310755441717,0.03139750942616894,0.02856846920154133,0.03815658178781416,7,10,0.004865621980410951,0.06975401049696678
YPL104W,0.7044778449732971,0.6484136886370091,0.6851980817825203,0.5542600877907875,0.6702324781514488,0.5457719078445025,0.026593770267309965,0.029006870039022192,0.027447549388207697,0.03266071227940857,0.028092399153291293,0.032970223048687325,7,10,0.0024351343017326734,0.04934707997169309
YBR173C,0.6507873243402467,0.6432452302668068,0.5922915381453285,0.5759411370706509,0.7018973494029672,0.41038168384603435,0.8935914295706979,0.9031895192039754,0.9655368597003436,0.9847070957349282,0.8256137438758735,1.1611263431530539,7,9,2.3267039559689975,1.5253537150343186
YBR187W,0.4483099586788515,0.1124938789116483,0.54465952879551,0.3852437569110103,0.4358985007828178,0.05083768508681541,0.050116879639020576,0.06356559690612316,0.045530726212670396,0.05290392876877869,0.05067748782702647,0.0657365177363927,10,9,0.004632613196020051,0.0680633028585893
YNL154C,-0.20243404236124185,-0.4271660306585887,-0.07409491257286405,-0.22801535938143003,-0.09840396377011373,-0.04501005490358678,0.32740398974505025,0.3566897142398961,0.3094387269017219,0.3308683572792886,0.31292076375483246,0.30522040931843925,6,7,0.09071096970047497,0.3011826185231727
YDR097C,0.7460348440089823,0.6121214753637971,0.7553893153639857,0.24224686073750146,0.7874662440916246,0.6289020721431418,0.026883537311447193,0.03322363997756666,0.02638378237353769,0.046436899664204064,0.024593101547433636,0.03249702534504089,9,10,0.002895688402900369,0.05381160100666369
YBR154C,0.8318147329603658,0.3891018444397689,0.8496419477615952,0.46660723440360263,0.7873742103354779,0.5380084012849905,0.03794525571326403,0.07231825133248089,0.0358778867701366,0.06757515800744814,0.04266497338977962,0.06288984847261078,7,9,0.008711243561712177,0.09333404288742761
YER093C-A,0.7570806900438596,0.7609045465425592,0.7504914654061583,0.6774984593463107,0.7838205188250036,0.6141889585481769,0.028639695640800086,0.028413389044246052,0.02902552486036593,0.03299918969571727,0.027017466027697647,0.03609314324949931,7,10,0.0034358001616064723,0.05861569893472628
YJL140W,0.761926282149671,0.7278368492257213,0.7715113785407443,0.6888617056177861,0.7590261333236381,0.7477794755847866,0.042382793373509045,0.04531568109695225,0.04152084071671725,0.048451874445061036,0.042640159744834566,0.04362385709489063,6,10,0.007677517897953599,0.08762144656391835
YDL149W,0.8406474602941694,0.8202150647506582,0.8141229688313782,0.8331239678693785,0.8514203158046563,0.7947861559361932,0.02523758352229348,0.02680679687092493,0.027257193554568192,0.025826482290386588,0.0243695769464043,0.028639906928158786,6,10,0.004067145289305388,0.06377417415620047
YDR180W,0.8918063599948333,0.8840364317112447,0.864427171833663,0.7232982384416164,0.8569649053737596,0.8727153932981496,0.020768358334203856,0.021501169732712083,0.02324810884586562,0.0332129356722091,0.023879355779061213,0.0225262679024281,8,9,0.004056539811540633,0.06369097119325967
YGR246C,0.75494945957688,0.7149954778320498,0.7393226648717465,0.5470163625257616,0.8060782189628479,0.7343983108578438,0.02625451255949603,0.028314050530991612,0.027078697055824878,0.035695821787382516,0.023355513642746954,0.02733326699518839,6,10,0.002862235688104124,0.05349986624379657
YGR065C,0.30086039960145305,0.08226715052963773,0.5491396287104553,-0.01304100117448348,0.3708562770722813,-0.13220761029702977,0.06223310445253663,0.07130133372225811,0.04997589116720445,0.07491228194112283,0.0590356635464385,0.0791958728792922,7,9,0.005636794056238311,0.07507858586999566
YLL022C,0.7504870720135952,0.6582702496516367,0.7727209396557758,0.49423738990433796,0.7346330473302265,0.6550023890206859,0.03871867084659494,0.04531221669335941,0.036953333927017086,0.05512483135231972,0.03992981817188588,0.04552835487626436,6,9,0.006113655539836774,0.07818986852423257
YLR058C,0.8047907173013162,0.7158093420072824,0.7838772556727303,0.4513700860300247,0.7974566478235426,0.5098130327127043,0.19665162259222901,0.2372751191373963,0.20691765034939694,0.32967578064341463,0.2003116913994215,0.3116220509349936,7,9,0.20158013912088607,0.44897676902138944
YPR144C,0.7595418540382634,0.6161460749425558,0.673152524013434,0.486548414317886,0.6568480322152233,0.37297861406819643,0.023982762675689624,0.030301383339699874,0.027960956931125464,0.03504525403865597,0.028649873557350977,0.038727604955083796,7,8,0.0024339523036191004,0.04933510214460998
YGR030C,0.8199449615786751,0.8303866344029789,0.7779013192123873,0.6987941495900611,0.7333637092605321,-0.5525524869277354,0.024904400782017007,0.024171493950655532,0.02765963513523902,0.03221107054514252,0.030306311795380195,0.07313017338015501,7,10,0.003505097094195884,0.05920386046699898
YJR145C,0.9365870978810311,0.9041501509311621,0.9369013155594832,0.8387567785789145,0.8542809842608166,0.6894322621698348,0.22375417709206033,0.27509205878552956,0.22319912577379566,0.3567985411523415,0.33918797840875703,0.4951770477661009,6,10,0.803374072845245,0.8963113704763791
YDR486C,0.7424142030284755,0.7122837164539755,0.7210809911725939,0.7050544417086102,0.742454108625535,0.6606585897094145,0.0858493996668154,0.09073159114224623,0.08933370841484882,0.09186439862052273,0.08584274944718603,0.09853595642672038,6,9,0.029114259606241845,0.17062901161948352
YNL041C,0.8306157226004779,0.827879846262626,0.8241065550004889,0.4603915103031573,0.7616292970483994,0.17026436457091798,0.02160391437864252,0.02177768753021912,0.02201510326931275,0.038559845617672,0.02562844983101003,0.04781517733378873,8,11,0.0028037864782055402,0.0529507929893929
YPR065W,0.6987036296194853,0.601787425216475,0.7474383888458889,0.24318157436914234,0.6226515518627516,0.5319326581597673,0.16034135816479272,0.1843342740967488,0.14680210320731546,0.25412328250102545,0.17944026094668278,0.19984936755136626,7,8,0.08682611195458181,0.29466270879529666
YDL213C,0.44134155888167126,-0.09261859730998467,0.4741006007851978,0.240514115024269,0.12804651134689937,0.06299861459457545,0.038159594539241004,0.053366025951702506,0.03702387800484027,0.04449287017257973,0.04767352101490708,0.049419766081456186,8,7,0.002652248886340869,0.05149998918777429
YEL003W,0.5745489081949358,0.333304690682661,0.5732150474550615,0.26921597610671133,0.6265371547969272,0.44584427657479353,0.046570995213501346,0.05829809953140299,0.046643942035062336,0.06103588130433746,0.04363293211154012,0.053150408789736085,7,8,0.005187218392274902,0.07202234647854028
YBR274W,0.7509164049019321,0.7681185148832124,0.7217889097703254,0.6081914405980666,0.6948836115548817,0.6450678248272974,0.024319026411982,0.02346424897970757,0.025701640271408786,0.03050075440825095,0.026915744016664803,0.029029951283038927,6,11,0.002416019200078585,0.049153018219419496
YLR368W,0.40293720122825316,0.4532210829834563,0.28273275022933486,0.351426270875528,0.45592694484568863,0.32647950414542903,0.055414042944683335,0.05302927760698907,0.06073657969181755,0.05775498925594448,0.052897901049442184,0.058855254073369,7,8,0.005233265872797527,0.0723413151165883
YML070W,0.631515873076695,0.3351566080954288,0.7528307482275252,0.4808422151173122,0.663481307115158,0.6965264292668315,0.10512102584999106,0.1412016840397572,0.08609489873260591,0.12477566221826304,0.10045806179486673,0.09539829995851812,8,8,0.030515011227081484,0.17468546369713045
YJR075W,0.7066513490548737,0.6906534032336213,0.6567199804599647,0.6597702182928092,0.5925553267193235,0.4410384970428316,0.03288804729417232,0.03377292782674345,0.035577080279505666,0.03541866631819832,0.03875969606503137,0.04539802813203972,7,9,0.0037518478604593674,0.061252329428841866
YPL132W,0.7845054401081418,0.7360446887175979,0.7822595252265925,0.45952173975818034,0.7479351229803477,0.5813750790597045,0.022361200613888587,0.02474811725700801,0.0224774243765979,0.03541327381425543,0.024184278189378242,0.03116660534674684,7,10,0.002361060212479309,0.048590742044954505
YBR010W,0.49779947033815575,-0.2937892770450472,0.4492479745741499,0.3548605458488808,0.4289708692326901,0.371425591811536,0.23233858445905203,0.37291901594191723,0.24331047542429407,0.2633355892501795,0.24774898728503275,0.25993281100102544,9,9,0.10937514696508326,0.33071913607332015
YGL160W,0.5763841131748298,0.2231138267350905,0.5346217590062856,0.25458380772706324,0.5869623468144785,0.4147677716466668,0.028815682535185794,0.0390230748889203,0.03020270412571509,0.03822453426173008,0.028453625658432184,0.03386935362822313,8,9,0.0019945214925188954,0.04466006597083009
YGR163W,0.7347404027359073,0.848363038837719,0.7183572329245325,0.6237166707695251,0.6808018875064776,-0.06036246810938972,0.023917137490080405,0.018083237382320295,0.024644666665156866,0.02848597810195711,0.026236373474824555,0.04781903644608942,6,9,0.0021943223784723206,0.046843594850014665
YOL061W,0.8847061042811458,0.7022909332431073,0.8912304436969731,0.6255723783528118,0.8021827258505578,0.5695071834276686,0.03855944109620638,0.06196173985160369,0.037452537869483334,0.06948827215980097,0.050507942795296086,0.07450930764004553,6,6,0.013122249307230579,0.11455238673738133
YOR124C,0.8870567463395885,0.8128605537547436,0.8617697744242617,0.6294964321614775,0.7827160364478652,0.6741994715760701,0.025051142748278302,0.032246312941002456,0.027713980223237525,0.045372592173723435,0.03474651335382562,0.042547425501678476,7,9,0.005653897444309432,0.07519240283638655
YER170W,0.8652245591617953,0.8808826665222342,0.8812164136063475,-0.316699924595337,0.8549957433086006,0.7767176323461961,0.02033297285825685,0.01911538202216722,0.019088584167418033,0.06355341700703487,0.021090451450832125,0.026171144464431507,7,11,0.0031213619986367206,0.055869150688342493
YLR272C,-2.3559638389901565,-3.666030055844402,-3.293789909590447,-2.4155572801928424,-4.3492000101118,-7.128978774296886,0.07517961403176546,0.08864724058495045,0.08503776766875355,0.07584417680221676,0.09491522330250873,0.1170063549658556,5,8,0.0017137049404896848,0.04139691945652097
YNR011C,0.8280519271762077,0.8409320911268532,0.7401760074648792,0.627116142028764,0.7559038955656256,0.6048524589106914,0.022439903163241726,0.021583089319651836,0.02758429877148466,0.03304525547353229,0.026736388693357697,0.03401746636108487,7,10,0.0029798731849638824,0.054588214707607746
YMR267W,0.7220490440101943,0.5502737898979324,0.6944420187359699,0.4903160128407783,0.6714546644005256,0.4725560099683276,0.0242278290715481,0.030818004518787422,0.025402545096969386,0.03280808713547881,0.026340745841564643,0.0333747936364654,7,9,0.0021488889262654253,0.04635610991299233
YNL280C,0.7052506310283073,0.46940045125798213,0.672233656004452,0.5781028713053467,0.4290315411104484,0.2106313900487613,0.03398294982877441,0.04559508928341043,0.035835775794435656,0.04065724222642001,0.047297772853002164,0.055612773993285625,8,9,0.00398678120826525,0.06314096299760757
YPL173W,0.7592724002906477,0.6764019520308909,0.7772726002530681,0.6055799228957577,0.7089358035494499,0.59327736307428,0.023207051749831002,0.026906671376058327,0.022322552414298556,0.029705477290856618,0.02551828133849315,0.030165199383225035,6,9,0.002276497584168728,0.04771265643588426
YMR154C,0.8020362232762305,0.839490542382757,0.7448513321139738,0.5725470557357313,0.8139164810631391,0.6410295756772353,0.026722191905487743,0.02406187835302666,0.030337225928581093,0.039266606443325344,0.025907957045912075,0.035983926204632005,6,10,0.0036703845183976196,0.060583698454267546
YMR287C,0.7845724604392025,0.7915950904570028,0.7378956630429905,0.6070223097421412,0.7363778853673013,0.5981790763708841,0.025795833847207763,0.025371896620199414,0.02845352412821588,0.034840382005792835,0.028535788665871885,0.03523021017553806,8,10,0.003143048325343635,0.05606289615551122
YDR328C,0.48332644620612186,0.481744024749335,0.1712398535853521,0.29297468721459596,0.5198021653712452,0.2652730620082533,0.08596895020147842,0.08610049855296932,0.1088799559296326,0.1005659564702905,0.08287882892002661,0.10251714162650596,6,9,0.014555266187466475,0.12064520789267377
YHR126C,0.8629873747586627,0.8538078539050852,0.8272052685415342,0.7640237320570709,0.7800705693934242,0.7012658781641951,0.026476103831377322,0.02734864428260338,0.029733020482747476,0.034746250463366976,0.03354404690278143,0.03909454809015636,7,10,0.005205958495033463,0.07215232841033935
YFR030W,0.8433823911746843,0.9410317617653767,0.8636026522942681,0.798064955877116,0.8804325083372925,0.8528327322748679,0.5031732049849402,0.3087495176844198,0.46956981762847966,0.5713510873887601,0.4396466524527998,0.48775622962889215,5,6,1.6449305284087838,1.2825484507061649
YFR033C,0.8475185919182522,0.7535197863748949,0.8345320286232438,0.7115612838088508,0.7301878486341753,0.724919738598367,0.5808664631197644,0.7385142620758903,0.6050967595255997,0.7989040684945292,0.7726781090711469,0.7801849530530827,7,9,2.2515876075521857,1.5005291091985473
YCL044C,0.7764494267215033,0.7571610571780742,0.7123712560140598,0.6184518399653688,0.7948297427618625,0.7665862544927335,0.046165770718734636,0.048116204623378823,0.05236587187211114,0.060312437154022194,0.04422719516836222,0.047173207877142916,6,9,0.009701022919011832,0.09849377096553788
YDL102W,0.849664645317493,0.8466653121830378,0.8243358456999574,0.6910963751430312,0.8083860047833308,-0.16359233668403106,0.021387340322894004,0.02159963555733214,0.02311893327132987,0.030657569336814634,0.02414570164199135,0.059501325843377285,7,10,0.003096032932400155,0.05564200690485701
YLL052C,0.3913982964696364,0.285653914241242,0.410014474062556,0.37748589983605396,0.2971655298579309,0.3700923937662922,0.04502641031796461,0.04878149180931276,0.044332418208887676,0.045538145381625775,0.04838684098506329,0.04580777200794899,8,10,0.003389648176604618,0.058220685126547746
YBR079C,0.8710615658010418,0.7557861710275586,0.8162054730907274,0.6653908131790742,0.8182586897716004,0.804084734493402,0.045437340199823366,0.06253264967657189,0.05424853222571799,0.07319655393244605,0.05394466894466437,0.05600874525081661,6,8,0.016292830807079158,0.12764337353376068
YER033C,0.4516365109637943,0.5437565617472457,0.4071744595854615,0.4452268945369249,0.48022616315614375,0.4030520559117917,0.07590389772155334,0.06923538762612949,0.0789211246108842,0.07634621513979108,0.07389873767374314,0.07919505097919649,6,9,0.010690862957064378,0.10339662933125228
YKR031C,0.1705359160184038,0.26302259964042907,0.22682673768455563,0.2487012516278576,0.13747813978625334,0.1242664182415969,0.11983460587294074,0.11295632236047957,0.11569693994027683,0.11404855619485282,0.12219924268928546,0.12313158245988741,7,8,0.01761651735072143,0.13272722912319623
YNL252C,0.791549055930176,0.6147738177499,0.7761872371727226,0.3366307296628521,0.6906894388154146,0.5924759222546357,0.023042828932142663,0.031325049131366585,0.023876809072928898,0.041106598132919454,0.028069277685276433,0.0322188844375937,6,8,0.0025919156434716386,0.05091085977934019
YOR095C,0.685803582788294,0.4440395114553003,0.7461834287680293,0.4162804934533485,0.5088161508645789,0.1835256993284593,0.03807790329032184,0.05065174085040283,0.0342241285728467,0.05190085539010144,0.047609591081777494,0.06138237272613577,8,8,0.0046956742630595415,0.0685249900624549
YPR115W,0.8525967891128972,0.7283361755011697,0.7935608993358666,0.5044538182396499,0.8391332917186645,0.6699884983221196,0.023654083697866184,0.03211208927023247,0.027992947940169922,0.04337052949788385,0.02471073963933513,0.035392985275715334,7,9,0.0038624107076315525,0.06214829609596351
YGL063W,0.8143803900326871,0.820876409658677,0.8046768701898551,0.760581888682661,0.8017736633149777,0.6545051539600343,0.025540325079815483,0.025089435246978015,0.02619939907311254,0.029006343992746087,0.026393389710034836,0.03484458363207636,8,10,0.003575873308317114,0.05979860624058987
YDR295C,0.7963028399222503,0.8595396342272921,0.741487655162514,0.6177757253173181,0.7362655520223197,0.44817783975798353,0.02459972162991705,0.020427471022271975,0.027712668647285825,0.033697434528424414,0.0279911753747743,0.04048902082990665,7,10,0.003022933190937294,0.0549812076162146
YGR056W,0.8154206071659639,0.8193652459967784,0.827338543092241,0.7017481646093022,0.7968065260705892,0.7459097302756036,0.022131288440211002,0.02189352784623683,0.021404879755617535,0.02813239161621996,0.023220414589454647,0.025966242521344735,6,10,0.002700121591591659,0.051962694229530274
YAR007C,0.6851776651941905,0.5726980686047747,0.651325968358081,0.45212846444729604,0.6967721387827613,0.5164651844878211,0.04841530301686778,0.05640496245886895,0.05095181843794421,0.06386887335888337,0.047515405283908574,0.06000172848894943,8,9,0.007576225822528587,0.08704151780919601
YLR336C,0.7160222488835064,0.6258934352994908,0.6517646135574499,0.32427570965264463,0.6441129811059247,0.2579860679379047,0.027817306162760815,0.03192791637167106,0.03080415946248384,0.042909917356931046,0.031140744142139718,0.04496544984037316,8,8,0.0027726749785920986,0.05265619601330976
YMR028W,0.8214493149096931,0.8752094757162999,0.8057591464056184,0.7823340013193676,0.7996271036780345,0.6600549112168537,0.02263760124774037,0.018925198786651155,0.023611301899974433,0.02499452813082574,0.02398110182843761,0.03123590051227248,6,10,0.002920467841815248,0.054041353071654745
YKL078W,0.7989494954684545,0.7516532162900202,0.807953946565339,0.7162614865779606,0.7749930880703457,0.6825894773805508,0.02782699737073939,0.030927373078486586,0.027196715407716204,0.0330577208368049,0.02943822992428695,0.0349642666300831,8,9,0.003919048738836378,0.06260230617825814
YNR032W,0.8167073687571169,0.8278596549174608,0.8200612506219488,0.5096959165713825,0.8587081184049783,0.6745915731989505,0.02159509788325436,0.020927820836071455,0.021396612566300915,0.03531957175182597,0.018960128586686806,0.02877379013220705,6,10,0.002588919137995996,0.05088142232677852
YOR181W,0.8445701147299288,0.7794530865279176,0.7787336864069293,0.7018432442746096,0.800525773912767,0.7087424963397833,0.028687305671359718,0.03417220396420182,0.03422789160167775,0.03973240236204961,0.032498692763312714,0.039270014280315374,7,10,0.005387634600622929,0.07340050817687115
YDR532C,0.8312685184008479,0.864377406355997,0.8159372728872494,0.7400023413719601,0.7714333435518768,0.7435680254366274,0.023955726467820234,0.02147718254084434,0.02502039788442741,0.029736921341241423,0.027881601982460164,0.02953230695813459,6,10,0.0034607936802227733,0.05882851077685694
YLR110C,0.9160981491200612,0.9024068398047678,0.8787976501011362,0.8543521760982458,0.8880563785359467,0.7109044831371916,2.6292923774750294,2.8357164480165666,3.1601567984484777,3.464217184890813,3.03705591601658,4.880606456151909,6,10,83.84156206521563,9.156503812330099
YAL042W,0.795661103589271,0.8230783079260503,0.7404741778069072,0.6766416365821267,0.7869689621118443,0.6841590926569283,0.04226847281289878,0.03933069105202103,0.04763556523083006,0.053172010773530634,0.04315811586708595,0.05255030298227752,6,8,0.008896828273786664,0.09432299970731775
YBR009C,0.24717856901054824,-0.11570918417464804,0.29553099036879915,0.41469977672981584,0.2520647444119636,0.13550217074665083,1.6548672846421235,2.01461789593829,1.6008407460986909,1.4591721375551723,1.6494880972906645,1.7733691006370906,8,8,3.7015831095517386,1.923949871891609
YGL006W,0.8781846362766421,0.6705015602062914,0.7949819326106917,0.6691409454669146,0.8562094058513984,0.7611823412668774,0.03977324236850575,0.06541338820926046,0.05159837579717859,0.06554830649424702,0.0432120831076616,0.05568948244461043,7,9,0.01321396234847078,0.11495200019343195
YMR078C,0.7745249459473604,0.7759922466914578,0.7444603184729082,0.677256810457521,0.7835004727968362,0.6926679113081275,0.0247543770553067,0.0246736998346988,0.02635311313770602,0.029616333728561307,0.02425667269027104,0.028900589786383653,7,10,0.002765404350408245,0.05258711201813848
YKL185W,0.7322392311454344,0.6439167324926441,0.670343438071854,0.5986096449415824,0.6239853568919727,0.559165556266564,0.031957803123682786,0.03685354137867171,0.0354596386987774,0.03912793335468545,0.037870917134743505,0.04100541425664521,8,10,0.0038811464035889342,0.06229884753018256
YLR397C,0.7493653085018812,0.7238839317893278,0.7343297273049116,0.6494791391038446,0.7691727700007727,0.4560304688137231,0.024946527623718587,0.026183961398387252,0.025683901312876168,0.02950165952703505,0.023940489816730436,0.03675164637654266,7,9,0.002526574807128208,0.05026504557968896
YKR035W-A,0.5454609781442941,0.3390514732465256,0.48010931281592717,0.3540579276422444,0.5342400300772309,0.3469034241690765,0.03291512314037145,0.03969115318986813,0.035201884744095545,0.039237983834784454,0.03331892475386429,0.03945468687752748,8,8,0.0024253416965639985,0.04924775828973334
YMR145C,0.70775696345918,0.5832829838924802,0.6020416794378587,0.31617214554776885,0.6692568880294518,0.6016877138432966,0.1392477208291425,0.16627870248972898,0.16249305517852253,0.2130048063079568,0.14813627295664314,0.16256530416030338,8,8,0.0675126502954837,0.2598319654997893
YKL209C,0.7156934812849436,0.6417146377047744,0.7019507250451505,0.46962293344743267,0.7232898391256488,0.5330676189477321,0.03231517121617393,0.03627668427706291,0.03308697683506141,0.04413726527984216,0.03188053537502878,0.04141332006503831,7,10,0.0037374831465328963,0.06113495846512776
YBR180W,-0.07645968508369894,-0.209847503212234,0.007448571497297274,-0.09459231643701238,0.08238650344233156,-0.055889449847093875,0.69093445114115,0.732492663739538,0.6634595846251509,0.6967294382131699,0.6379224106002729,0.6843010216319367,6,7,0.4512623119630557,0.6717606061410982
YLR195C,-0.014442878765985379,-0.21873024120253315,-0.055717160251438136,0.0252345405928599,0.1015180334663266,-0.32979548618741794,0.07887161236699,0.0864491473396493,0.08046012643940827,0.0773137940494843,0.07422694777571062,0.09030241135811053,6,8,0.006239746964177992,0.07899206899542505
YDR309C,0.5784339714428961,0.22537060083593696,0.592971265664465,0.1804924171245591,0.4798677362347503,-0.4650185533900182,0.029908288627626716,0.040542053990183395,0.02938808549608895,0.041699922526521147,0.03322122608839664,0.05575455094060651,6,8,0.002159089561147155,0.04646600435960849
YDR283C,0.7914969720634367,0.7600041540764051,0.7826018526358683,0.539598738731344,0.7802024010389097,0.6145098636933009,0.02555973337407826,0.027422181331622855,0.02609925168144745,0.03798117432429334,0.026242886854842187,0.034754157989846796,6,9,0.0031882576465094795,0.05646465838477622
YLR337C,0.8797472884108407,0.8024063245945857,0.8753242289596278,0.6824542853094127,0.8446703725899913,0.7948714245104086,0.03897817446961791,0.049964388426553326,0.03968853675362399,0.06333987242337528,0.044299742968936746,0.050908129266844855,5,9,0.01285586343062122,0.11338370002174572
YOR147W,0.8402500293534838,0.8674340082629387,0.8077154064635337,0.7105868005972981,0.7751594499793195,0.6263771765907683,0.020876032710096297,0.019017071429369998,0.022903392694502787,0.02809873330618035,0.024766514724816054,0.031925982713670656,6,10,0.0027759285796222777,0.05268708171480252
YER016W,0.699104719286576,0.6745025168238433,0.6190517937238686,0.5432125765159238,0.7404521319292371,0.5041163101559442,0.023258819542485664,0.02419099871827609,0.026170555885347783,0.02865741745349624,0.021601738976213168,0.029858631094333742,7,9,0.001829418640567911,0.04277170373702585
YDR520C,0.7678993800047855,0.7966759362510676,0.7475112127688062,0.5881558283464012,0.733101482343516,0.624441542510403,0.02747061615195065,0.025711335823028206,0.02865175958783014,0.03659289018960673,0.029458004971239064,0.03494371089360574,6,10,0.003308366681463449,0.05751840298081518
YIL133C,0.9404069043459633,0.8396898597167695,0.9167861549018634,0.8048214051918088,0.9257415385631057,0.867008378672354,0.1757261515221744,0.2882165544029453,0.20765204854665142,0.3180200623098509,0.19616042702595665,0.262512848907983,6,8,0.5272662673694136,0.7261310263095867
YHR088W,0.6796108549878337,0.5118998940141262,0.6240209630554141,0.3386066787913171,0.29670702133128557,-0.24501303795321472,0.03194385613163372,0.03942783182533414,0.0346043152650755,0.045896370950629935,0.047327829232165074,0.06297024662019156,8,9,0.00324078355829124,0.05692788032494483
YDR337W,0.7544294446762966,0.6247334906304436,0.7226831926974364,0.4628500378273185,0.6918569705876616,0.5503457046391689,0.022175030152067787,0.027412331594956863,0.023564822274485735,0.032796224271919895,0.02484003748080751,0.03000650721336617,6,9,0.0020375359664605323,0.04513907361101391
YKL005C,0.7765023208843713,0.7293497087174287,0.7382175818805885,0.6009249938291237,0.7633975671560652,0.5885874396893161,0.027023299845375343,0.02973761405396814,0.029246379347144667,0.03611013697486094,0.027804268532578447,0.036664067562218024,7,10,0.0033247338147740784,0.05766050480852625
YPL184C,0.0789489208249724,0.19120658224376352,0.11111112234171694,0.12881360172008116,0.06603636991930828,-0.2216031397148952,0.09133311430779512,0.08558648940901076,0.08972431363337573,0.08882637764353989,0.0919711021595819,0.10518443509880011,9,8,0.009215649639556766,0.09599817518868141
YNL164C,0.7108866801600973,0.7490133152895189,0.6790304357764123,0.5265821091441838,0.7128445455786361,0.6250721576610629,0.030900475871854613,0.028790980696543966,0.03255839919066071,0.039541528251486324,0.030795669656630362,0.035188841058714324,7,9,0.003360588776144647,0.05797058543903664
YPR154W,0.7031181435448446,0.6157682353528944,0.6909813633689066,0.5748971117402734,0.6598346325830833,0.5729351373929465,0.14182893703680563,0.16135025353302365,0.14469894194845292,0.16971492920953446,0.15181618270838138,0.1701061204186032,6,8,0.06894442863911882,0.2625727111470627
YLR325C,0.9525310953275695,0.757290832688957,0.9168159512716618,0.6471134631718694,0.9304561418971224,0.8651733002393215,0.8624301771542425,1.9501249074562645,1.141666785621158,2.3514561473931956,1.043875559228679,1.4534740794723713,5,10,15.943799199851581,3.9929687201193524
YMR194C-B,0.6112119892757668,0.37740970904355187,0.6084823326829736,0.3129168314963723,0.5749048203668146,0.33546092269416583,0.09728895027603215,0.12311423119715867,0.09762988275953847,0.12933371140638358,0.1017302649765745,0.12719421156360514,6,9,0.02477235579586301,0.15739236257157782
YER017C,0.665892533760764,0.5429412415230211,0.4787244688917607,0.3826382201551757,0.5860016883173289,0.3259087799809375,0.027274742284485294,0.03190094755172977,0.03406836056490198,0.03707553570879045,0.03036105442194655,0.03874154181344301,8,9,0.0022656262529025697,0.047598595072780976
YNR049C,0.8482608767302691,0.862443295159055,0.8042444296457013,0.809896508675809,0.8082709768733605,0.6471868236304831,0.021474437106479536,0.020446260300990338,0.024391025942324923,0.02403632403110811,0.024138869861567613,0.032745030681130466,7,10,0.0030924247829280803,0.05560957456165332
YJR032W,0.7510825173874306,0.7362533572328225,0.677699541060585,0.42496416592547326,0.6935459135257382,-0.41729202098645324,0.022827443803431782,0.023497575425386604,0.025975268424640985,0.03469581047246769,0.025328664456643557,0.05447023554656035,8,10,0.0021301603780086637,0.04615366050497689
YDL060W,0.7198037943851008,0.4124750359319521,0.7308047577631208,0.3923349284361204,0.562395748662742,0.3905838645638291,0.03324178460039354,0.048135597656255004,0.03258268697064204,0.04895367982612863,0.04154262854635703,0.04902416220119796,8,7,0.00401291120568877,0.06334754301224926
YPL122C,0.8040946717691311,0.8151845142771676,0.7807449556357541,0.7195232701744396,0.7038060789771124,0.7480929542289927,0.023627502742125082,0.02294900587874939,0.024995941244406367,0.02827112662527246,0.029052450418374193,0.026792599706381634,7,10,0.002899629665511474,0.053848209492159294
YER065C,0.6117490294706853,0.5843254134695313,0.5974240736760343,0.36315549538238634,0.2875860160161433,0.018417630231050808,0.6796525690445943,0.7032462492842912,0.6920772738427531,0.8704571373087849,0.9206549778156642,1.0806724066137054,5,8,1.210638590824026,1.1002902302683715
YMR097C,0.8118827487542271,0.8303201438196884,0.7953208404031678,0.7145412593999736,0.7797280167803955,0.7120380188950594,0.02313835261741906,0.0219752217810018,0.02413542416418106,0.02850294900539655,0.025037891556776954,0.028627650036886255,7,11,0.002895938829634594,0.05381392784061199
YBL023C,0.807983730289729,0.6917153929862527,0.8165505362966003,0.6217427164769955,0.8026847168662065,0.7556873389356595,0.023418752574163218,0.02967362911348373,0.02289037814500432,0.03286914396820984,0.02373969344152939,0.02641604106236066,7,10,0.00290631461480434,0.05391024591674889
YOR178C,0.8524272388650314,0.6990010236174874,0.8694489693020728,0.49853079957599256,0.8328482617142858,0.6895320174123409,0.04446934499024898,0.06350971156170497,0.041826139679020685,0.0819746862616033,0.047327447204122436,0.0645009395506693,6,9,0.013635416238761725,0.11677078503958824
YCL004W,0.7985105364548932,0.7783980792214092,0.7521231545892928,0.6484687918375107,0.753419522115844,0.5764518135305967,0.02528674647901186,0.026518780238414124,0.028046893433381428,0.03340017386198678,0.02797345626948549,0.03666217257563568,7,10,0.003229138749214545,0.056825511429414735
YDL069C,0.8132398228797072,0.818264523102752,0.7672797177783568,0.5866278877853328,0.7431270051934142,0.6862168046094242,0.025348276012996166,0.02500495897504901,0.02829589311627067,0.037711766473413545,0.029727987752958925,0.03285648718894858,6,10,0.0035007872260067333,0.059167450731012004
YPL005W,0.8247807395030815,0.8542085017872825,0.789167525971039,0.8010337499903958,0.7569442235242696,0.6352736864557479,0.025285485703407797,0.023064629264846072,0.027736338653130445,0.026944497343346405,0.029780593752231643,0.03648076419468835,6,10,0.003712905496859902,0.06093361549145022
YHL035C,0.023607066158415346,-0.7651417911891973,-0.1110008267692737,-0.7641436823962005,-0.8037418367608264,-2.7628590236735975,0.09397425622529763,0.1263532397512957,0.10024293510638692,0.1263175111448777,0.12772731197318674,0.18448266216981832,6,8,0.009203357754687055,0.09593413237574547
YPL135W,0.6934450422277738,0.4118739970480797,0.5306424810029224,0.3270928372677906,0.5842133349469072,0.6648008314409071,0.9302804458423841,1.2885311172179972,1.1510961729850928,1.3782794973510089,1.0834153853207522,0.9727722802574216,6,10,2.8725829498800635,1.6948695967183032
YCL026C-B,0.7603267984259026,0.9142241388447515,0.48963908133037326,0.22909445862319278,0.7649596657285932,0.8491928879689676,0.1464499654396948,0.08761169414313363,0.2137067502148379,0.26265164105174277,0.14502762433454713,0.11616905232741592,6,7,0.09105676306084416,0.30175613177008376
YEL007W,0.6285573731269838,-0.04757388702702192,0.7093143489889435,0.0439354637252275,0.53452357875633,0.6574855385557611,0.03766659282546912,0.0632561562363882,0.03332132508137659,0.06043020546486184,0.04216569953025423,0.0361701177619593,7,9,0.003886637804197564,0.06234290500287554
YER176W,0.8465937630870141,0.8689723068091019,0.817908391676414,0.6739420642725531,0.7694690248977072,0.7591269266654309,0.023688723318696998,0.021892819409817982,0.02580863959863032,0.03453564205724,0.0290392095551595,0.02968344303049154,7,9,0.003722146239074655,0.06100939467880873
YLR425W,0.7963228903087837,0.8057553080323447,0.7921180918473929,0.6700385612379742,0.7439047534587568,0.6282052615316867,0.026561215020029467,0.025938891097098182,0.0268339850292502,0.03380713907293924,0.029783627021351292,0.03588628035011449,7,10,0.0035245752693468997,0.0593681334500833
YPR186C,0.8024857807964885,0.812738679534807,0.7704211138450463,0.6036071547471336,0.7193107750821229,0.618668683741994,0.023422258674399635,0.02280623686525932,0.025251987292038976,0.033181230951300184,0.027921738827011152,0.03254474148361606,7,10,0.0028262613379751553,0.05316259340904237
YDL233W,0.8808744867445913,0.9116164604798194,0.849763692226452,0.8023900123428009,0.8229397561792651,0.7491593650289504,0.02493524265361156,0.02147815149769544,0.028002619376483323,0.03211557129439642,0.03039987062840943,0.036183464896569685,6,10,0.005310990820239517,0.07287654506245145
YJL005W,0.7645093848713769,0.6194002275622896,0.7632418798429875,0.4886340586418706,0.7821834491837635,0.6066924716867423,0.06669153244177255,0.08478483061413877,0.0668707718812526,0.09827652559820538,0.06414005574004289,0.08618863930497557,7,8,0.019218563690595467,0.1386310343703583
YDR279W,0.8402114714952934,0.8268647976683878,0.8346454286767826,0.7771669647155879,0.8037191785446505,-0.8735213639218418,0.024001849262584033,0.024984150922264824,0.024416308754294975,0.028344036152831726,0.02660178865152163,0.0821866408343081,7,11,0.003668571167161007,0.06056873093569822
YGL105W,0.7904053343397277,0.858512164464015,0.6328082697041508,0.46288784311562137,0.7290725860524249,0.6214177215109306,0.1024066181428119,0.0841390226659927,0.1355452670310538,0.1639345159803334,0.11642986327049952,0.13763156619000258,6,9,0.05091303200501334,0.22563916327848174
YOL108C,0.8174513101471415,0.8322721821740183,0.8159752722680531,0.8172230241775855,0.8096109293202908,0.8257080249940426,0.029111566815761408,0.027904790636619808,0.029229023874380415,0.029129763839929296,0.02973015867242837,0.028445588009611097,6,10,0.004723953108773284,0.06873101998932712
YGR082W,0.8122598422023123,0.6875335349234815,0.8448978805871651,0.2499733620465735,0.804573993457727,0.39521873690270104,0.04065544087377223,0.05244955318819109,0.036952936171715,0.08126030157154186,0.041479285268855005,0.07296914365910694,7,9,0.008958458977102656,0.09464913616670073
YGL180W,0.8414277986072525,0.8921929664195092,0.7950811947606939,0.8512290801329279,0.8024983066053963,0.7555313310739854,0.0784680663841751,0.0646998049219559,0.08920112479048409,0.07600434966447035,0.08757191260392516,0.09742962412699842,6,8,0.03951045073823314,0.19877235909007354
YDR272W,0.8131964951962095,0.8028968311843407,0.8339625428110911,0.7023141632455812,0.8370049594156587,0.6748494603788867,0.04850355840932691,0.04982277287503585,0.045728202260082076,0.061229424484393204,0.0453073108906182,0.06399165328936529,6,9,0.012814902913635726,0.11320292802589395
YKL146W,0.8761104944314714,0.7676233637681121,0.8656857909598994,0.6190485674171113,0.8445245805164182,0.7387049607016316,0.023122523254915563,0.03166753034894049,0.024075701187673937,0.040546443889691836,0.02590292652563306,0.03358022079704222,6,9,0.0043912591523849985,0.06626657643476837
YNL032W,0.7701035653971765,0.7663675139985496,0.689006301272897,0.4510583563628279,0.7243177788760644,0.6718700777322442,0.019039286786150512,0.019193367226517877,0.022144218213572573,0.029420337250647546,0.020849178003621734,0.02274612782865649,7,10,0.0016044354648854277,0.04005540493972602
YNL080C,0.3343823604649767,0.38197577203040955,0.3063687568353962,0.18299429164568481,0.28184844669179143,0.28044028577558855,0.13242711317435282,0.12760487042443217,0.1351850991412624,0.14671585401334733,0.13755378734326837,0.13768857992846337,7,9,0.026809094085189042,0.16373482856493618
YPL231W,0.6980825385579021,0.40317867914383565,0.5623791097745153,0.3604956187509333,0.622715426145334,0.5003608096891616,0.17965962064492055,0.2525971972595974,0.21629943516067227,0.26147376764462077,0.20083568732931736,0.23111844702476708,8,7,0.10878421027482586,0.3298245143630562
YMR300C,0.6249715030049281,0.5020579624472663,0.5878006563098039,0.29621380681893594,0.6155164942400144,0.2942441376416405,0.07144354782397945,0.08232282673304994,0.07490046715188375,0.09787037440571456,0.07233853932055649,0.09800723242691628,7,8,0.01384888773535456,0.11768129730485877
YLR059C,0.7452825965139305,0.6527192371594,0.7355556955963668,0.591931106802441,0.700396510437321,0.01657471667473731,0.022470484126769334,0.026237562329653265,0.02289550508549129,0.028441327610582354,0.024370057483760983,0.04415234805949192,6,10,0.002017062603834433,0.04491172011662917
YLR168C,0.6023935292660465,0.4021935785366054,0.6396715482914211,0.5010763484330747,0.618408115160664,0.4776392530942616,0.046022283759906274,0.05643151787546448,0.04381176220681189,0.05155353976681254,0.04508592758103963,0.05275051586806592,8,9,0.005420458527746218,0.07362376333593806
YLR370C,0.7994267272431621,0.7838958521984861,0.7369420976694381,0.6318824333952016,0.7852308874339494,0.5470986631247936,0.046062553412470085,0.04781267362990683,0.052751784379889276,0.062402896667428966,0.04766475769653759,0.06921708087548796,7,7,0.010764059619060426,0.10374998611595293
YPL175W,0.7754474588473244,0.7928370606802636,0.7247201469846748,0.7074313357236945,0.6590832339711142,0.6432008675955264,0.024310892812079158,0.023350595120991875,0.02691715375661454,0.02774954240406674,0.02995477773422125,0.03064459007478881,7,9,0.0026781628457854876,0.051750969515415725
YDR105C,0.4136038783528784,0.4380450309408821,0.4204480217595318,0.3764180444828008,0.3555018405150032,0.30576171782641226,0.046812456653519345,0.045826495452750846,0.046538468205504335,0.048273930191175866,0.049076855566821,0.05093545234259887,8,9,0.0038026373924347776,0.06166552839662349
YJL111W,0.8133253868681471,0.6713750658856644,0.8019376487627096,0.4996035144496077,0.7662217473984959,0.41976272428089667,0.053201944634420885,0.07058869173794986,0.05480066669716324,0.08710478283510693,0.05953699776661594,0.09379672818824342,7,7,0.01542847111317502,0.12421139687313326
YCR073W-A,0.7703546825965647,0.7334055804430786,0.7803263857290795,0.7661915495115244,0.8152508387749322,0.7355677193566632,0.04190305905195453,0.04514840986331138,0.040983201330174565,0.042281173611373415,0.037584447418330745,0.04496495541446427,6,10,0.007780132645677358,0.08820506020448803
YDL166C,0.6239768394922285,0.5347653235875366,0.5951468144564778,0.29691092903582617,0.5074916805094711,0.4280077674861119,0.029138155277947983,0.03241087787534459,0.03023455187614425,0.03984372456737839,0.0333473663888939,0.03593766212529207,8,9,0.0022975377147312105,0.04793263726033871
YEL044W,0.7205967988872518,0.7133435978150553,0.729712407204524,0.7855708009685733,0.7519739014797531,0.5778992197042218,0.041642123500776805,0.04217916732984055,0.04095719768457352,0.03648036212737524,0.03923429651864147,0.05118294330005023,7,9,0.006315205627715415,0.07946826805534027
YOL053W,0.8089553053902181,0.7426850513603517,0.7682343366195588,0.7023801422742675,0.8270443381214311,0.7064739510921128,0.022658883770815146,0.026296837910303333,0.024957183269232585,0.028281469608759574,0.021559486500498753,0.028086288023783847,6,10,0.0027346086275140766,0.052293485516975026
YML107C,0.8227432915184751,0.7941916556532456,0.7555079755472371,0.7200756470939346,0.7769968779341664,0.6009715741312245,0.023072480002557957,0.024861333960261408,0.027097254250475572,0.02899434347979159,0.025879054763175115,0.03461743261093314,7,10,0.0030558991231464314,0.05528018743769264
YLL010C,0.8211973437975812,0.7289864278153271,0.823788537444218,0.7533962448405385,0.7044325989229787,0.65606388375384,0.023191058921731664,0.02855151229225597,0.023022404183031933,0.027235379992197807,0.029816857012676737,0.03216418027959883,6,9,0.0030606969471432544,0.05532356592938722
YDL159W,0.8136639974794635,0.837222838079422,0.7961019031766702,0.7761500203071532,0.7679170531498476,-0.3032676378723469,0.023968784902866528,0.022402390692285983,0.025072879701057173,0.026270973149326228,0.026749720342598326,0.06338907822228304,6,10,0.003137244738896817,0.0560111126375545
YOR057W,0.792351521506732,0.8129679957238509,0.7647169733221189,0.6458721884141215,0.7369365758156632,0.27500027743173017,0.023036814022463343,0.021863314574551634,0.02452185605497552,0.030084171613438362,0.025929149636941724,0.04304542100730282,6,10,0.00260057400524681,0.0509958234098324
YML059C,0.9217286428625264,0.8806843655447183,0.896009924237334,0.7998859708892769,0.8621443287238039,0.8405326164195087,0.024277042516165772,0.02997388414401691,0.027982743666415986,0.038817996358090884,0.0322186000381481,0.03465215762339901,6,9,0.007661994424516504,0.0875328191281219
YNR027W,0.8298426053209151,0.8201924609708466,0.7855566567997077,0.7011473063390505,0.7699022136086133,0.6550529806201314,0.02285577502832426,0.02349494796003472,0.02565823766532981,0.030289989740154507,0.02657827307653214,0.0325421870645761,7,10,0.0031238790870470995,0.05589167278805582
YBR136W,0.7809111417836657,0.7628097389100756,0.7509516604476529,0.6843541860699314,0.7616850271499004,0.6127067626672086,0.026265190285163154,0.0273286911182993,0.02800349458464479,0.03152611261366082,0.0273934082553537,0.03492129676014391,8,10,0.003204010634408633,0.05660398072935006
YPR041W,0.7810159756402096,0.7270252073789059,0.7926279448819945,0.6268894986250126,0.6555961587143716,0.7746046235102395,0.06011308393274428,0.06711569083184293,0.05849758111188759,0.07846600267955899,0.07538705636771399,0.060986722436508795,6,9,0.016791083555887803,0.129580413473209
YGL037C,0.6603207260582256,0.06507016362900164,0.7417903390521328,0.25744131305535356,0.4682514051476315,0.4991680877778929,0.35337193236513964,0.5862556442049197,0.3080943760847742,0.5224718769552348,0.442130731321635,0.42908518896845066,9,8,0.3740659625302945,0.6116093218144197
YJR122W,0.6376649713485047,0.5048021011690562,0.6622185996018701,0.314043746674881,0.6257294417909957,0.41389754917548927,0.0270911671896779,0.03167101284576257,0.026157149931092222,0.03727526722523631,0.02753375148647107,0.03445556092675982,6,9,0.0020610961377216315,0.04539929666549507
YKR009C,0.5854750808455966,0.20040490751286133,0.5671579171575531,0.46158295300140295,0.45551435804127627,0.6364888535517748,0.14734139615522254,0.20463716903251988,0.15056159199939642,0.16792248789382813,0.16886617843537374,0.1379775170059452,7,8,0.053290777450443964,0.2308479530999657
YGR213C,0.6959611190605858,0.6454729944450149,0.6722173663780583,0.332410213559178,0.633931588607513,0.48895462112291843,0.03461028761355077,0.037373632162769094,0.03593632115505789,0.05128560551683204,0.0379770977926027,0.044871478373686075,7,9,0.00400898498022597,0.06331654586461559
YLL034C,0.7498786766404713,0.3703113911368371,0.6393481216429193,0.3224665739322382,0.31275984404892276,0.23292827985722975,0.026923648540867148,0.042719038795621805,0.03232977283019833,0.04431226167398747,0.044628554209586356,0.04714944007913536,8,8,0.0029489692595602896,0.054304412892142474
YNL315C,0.8075269981912074,0.5441881920096444,0.7762106656249723,-0.08326091985488038,0.5616184039947784,0.4555926618035985,0.01650938741621995,0.025406148659653207,0.017801874763860255,0.03916630368564152,0.02491564910281957,0.027765662120598777,8,9,0.0014409378063827251,0.03795968659489597
YPL106C,0.9191471281608914,0.8716024553841604,0.8581828857206759,0.7378111591979974,0.9360617688737455,0.7113512082086662,0.33512815880085617,0.4223199082804675,0.4438411016506975,0.6034903042484896,0.2980186917686038,0.6332104410124841,7,9,1.4134470005462332,1.1888847717698436
YDL033C,0.7571176294802645,0.7092619238061303,0.7447332465070123,0.6153376707747075,0.7028770752510995,0.6380982753685602,0.024765253967408304,0.027095411169331257,0.025388784953053797,0.03116625488289202,0.027391314239707944,0.03023013703934416,7,10,0.0025694650633131867,0.05068989113534558
YDR398W,0.7459605937490806,0.5622762141256084,0.7424877704313809,0.3926767423507632,0.7256343464919988,0.3297952125138648,0.029838323823301382,0.03916732861411508,0.030041582611703147,0.04613535160634996,0.03100907061149367,0.0484649357423719,8,8,0.0035661605763109157,0.05971733899221327
YKL175W,0.7196587946729432,0.5682524939279727,0.735753705905279,0.3866867168585051,0.7133485229099892,0.614527803539751,0.034726891222445384,0.04309603917856226,0.03371528934857478,0.05136456611662207,0.03511555449353577,0.040721049996396017,7,9,0.004377216372592336,0.0661605348572118
YDL131W,0.5707177077953647,0.38039335885325887,0.5661807758745525,0.37868866912537946,0.5282985557994633,0.4789031151850368,0.053090872969720836,0.06378321576600621,0.053370684885013675,0.06387089712873335,0.05565215451900524,0.05849350125507291,7,9,0.006681129604544773,0.0817381771545266
YDR495C,0.7842797671120146,0.7960499610908753,0.7578181015038425,0.6414547358188899,0.7476342818511345,0.5685708303277606,0.025784069216874386,0.025070783952983785,0.02731975861561309,0.033241301038384755,0.02788824581055523,0.03646370301848976,7,10,0.003135921438440566,0.05599929855311195
YGR103W,0.5534597247507895,-0.9227655494205604,0.6453088007276122,-0.5251429155851255,0.08253838138031822,-0.5429546599107267,0.08512606795945263,0.17664258909913727,0.07586779498384075,0.15732129998984545,0.12201864784316947,0.15823729046182383,7,7,0.016512683204384523,0.12850168560911768
YGR061C,0.9360469542063647,0.8777347815783889,0.9123351490623091,0.8608421644827626,0.9109096236308915,0.7874155768062223,0.04055084608601091,0.05606873627972179,0.047476867103349946,0.059816794523890084,0.047861323130140535,0.07393243723560361,6,7,0.026163253268669844,0.16175058970115022
YPL270W,0.7347607465911046,0.6278781206743116,0.699138727261319,0.43553088368476633,0.7417687027771951,0.59903627370706,0.028214546486263033,0.03341925609148222,0.030049504817658796,0.041159895952264276,0.02783931941919769,0.03469019317174741,7,10,0.003053946951817729,0.05526252755545777
YDL108W,0.8453244749531699,0.865697001003364,0.7774382758020564,0.6951632552375318,0.7725091830526372,0.7464923243258657,0.020527105361687642,0.019127568560682387,0.024623067214397863,0.028817119646486866,0.024894238567024368,0.026279219880815836,7,10,0.002771960018536555,0.05264940663043179
YBL025W,0.808943335839131,0.7564192968666641,0.8552398066065168,0.5640517546640665,0.7805963946147457,0.6543254368240203,0.022555624271630638,0.025468020812625274,0.019633527430213703,0.03407149759687649,0.024171056646215192,0.03033943351431471,7,9,0.0027095717162467494,0.05205354662505476
YHR101C,0.8934080302697895,0.9055964279483617,0.868160953766754,0.7664473229752221,0.8441601485942369,0.8584020045332729,0.019355535272135658,0.018215334715530097,0.021526080921020516,0.02865070856817106,0.023403575113493277,0.022308557796771232,6,8,0.00357634183063885,0.0598025236142995
YGR255C,0.7446299518876138,0.660547661797163,0.6418665651370088,0.5281032814350797,0.7133425886355924,0.6771628295992034,0.045969125301200446,0.05299936462932067,0.054438192247626915,0.062489167605457724,0.0487038001049817,0.05168601234955935,9,8,0.008420069180960325,0.09176093493944101
YLR021W,0.7795379239122773,0.7182483526836316,0.7361330423343052,0.7248694148796426,0.7630511001943683,0.6007755363832884,0.022085410666052963,0.024967310636485898,0.024161897498607098,0.024672205209703243,0.022896330270352965,0.02971988370949755,8,9,0.0022512835776049424,0.0474476930693679
YGR192C,0.8584466979728148,0.8771540248884803,0.877838193159926,0.7398883513267117,0.8531417339379188,0.7110819356510476,3.4462664812158317,3.210475201858073,3.201522641254035,4.6716333984645235,3.5102500310258558,4.92352561858566,6,9,85.37502529596472,9.239860675138166
YDR034C,0.7720255041637673,0.6960256380225269,0.7259612028999228,0.4687379679746507,0.7096005216568361,0.5537949362194386,0.0238889297359639,0.027584939696572535,0.026191452715594424,0.03646766449703775,0.026961961054459766,0.03342110527254209,6,10,0.002547183659888764,0.050469631065510716
YER105C,0.8328299978039448,0.8513684414925363,0.8087281687616724,0.4399175400225933,0.7491206269864468,0.714176553417686,0.028178863115639278,0.02657050502774153,0.030141842849116342,0.051578686637319134,0.03452047564953005,0.036846243618219046,7,8,0.004833277431778141,0.06952177667305505
YMR128W,0.7733967145064498,0.4518412829904147,0.6748227045087094,0.36059314585488267,0.5631153051482749,0.1786287599522629,0.025137801391148157,0.03909735267733436,0.030113018905677035,0.04222628097208674,0.03490419326997715,0.04785903478113593,8,7,0.0028375368928063105,0.053268535673569165
YPR185W,0.24061753961962917,-1.9172816388070526,-0.07185474592533025,-0.9478193995434787,-1.661291272054926,-1.3766193405713336,0.04909220403005177,0.09622134623598508,0.05832439159133603,0.07862426399131506,0.09190273887404525,0.08684844822664563,6,9,0.003229368739561229,0.05682753504738024
YDR118W,0.3932054172023204,0.41304611827383364,0.3741279908602714,0.35462316970720753,0.44781647000253155,0.43127127502168383,0.06570861498560698,0.06462543140892396,0.06673355027034628,0.06776542252781721,0.0626820497946532,0.06361419673262887,6,8,0.007240291795155052,0.08508990419053868
YOR363C,0.7483714512023028,0.7070760772125753,0.6537288204456653,0.6216696537262462,0.7089368448227966,0.5005433436687245,0.030098191275334068,0.03247415521411052,0.03530763387880757,0.036905919516872165,0.032370846605168806,0.042404245877541026,8,10,0.0036633129449023176,0.060525308300762234
YMR172W,0.8420083671364909,0.9036428543726563,0.8204571166476091,0.8280077415676496,0.8271125712330815,0.7560178919580953,0.023664694129386106,0.01848101480493137,0.0252271360529962,0.024690978501563474,0.024755149839343384,0.029407820670626396,6,10,0.0036067898703584502,0.060056555598522715
YPL249C-A,0.9279150917890131,0.8816332593264957,0.933474044380331,0.7922702826721031,0.8675964350469079,0.7582230221868634,0.36965185126980366,0.4736805531326629,0.35511275490328237,0.6275090963585974,0.5009801863426132,0.6769836545513316,6,10,1.928832695840125,1.3888242134410405
YHR144C,0.8281324990770084,0.800434961898872,0.8067313990409692,0.7467431258553092,0.7208839804067195,0.6404047355344388,0.023788137531965573,0.025633374902329874,0.025225757190437414,0.028876475248513004,0.030314886129347327,0.034408880391063476,8,10,0.003350273462256954,0.05788154681983675
YLR398C,0.8421501818870107,0.828370749920433,0.8473790769895078,0.5284498410413012,0.7658899483654026,0.6242203520038891,0.01973738278075494,0.020580843646099904,0.01940772182509447,0.034113907589261847,0.024036849886732027,0.030453285112629652,7,9,0.0025112397645335486,0.0501122715962223
YNL244C,0.7963924712741498,0.5563060753218986,0.762532431648524,0.4494664004915683,0.8826407374069973,0.6124162783318274,0.2215442733564109,0.3270433729711903,0.23925761253056252,0.36429694303176163,0.1681985696230822,0.3056654670236347,6,9,0.2452902931509175,0.4952679003841431
YML114C,0.7169673582455918,0.6898931454534867,0.6915408055989973,0.6864738884700605,0.7348914283124677,0.5969900598885802,0.025854059793361726,0.027062391302978977,0.02699040158520939,0.027211178078124256,0.02502202025621968,0.03085093746136289,7,10,0.002403112545358829,0.049021551845681396
YKL170W,0.9271631479413496,0.7522885901466576,0.9100264856450165,0.4372974745505447,0.9222939489278262,0.44418066958981484,0.0236309038596392,0.04357904963601811,0.026264073892818963,0.0656816692612151,0.024407998561547635,0.06527871138782525,7,9,0.007801221998938834,0.08832452659900779
YLR234W,0.8703006121476213,0.8439035291005104,0.8494535727060311,0.8207867718488951,0.8299272412978267,0.7750326346089403,0.024395241040300785,0.026762870499734064,0.026282784680196427,0.028676172342418947,0.027935312152023252,0.03212890404865108,6,10,0.004669016822532926,0.06833020432087794
YKL018W,0.7700772933284635,0.7597573545747751,0.733098445670464,0.6425284784454548,0.7233012012401063,0.5718618625020984,0.023683612848107882,0.0242092910782655,0.025517173874452126,0.029530972275363523,0.025981286879095167,0.03231833505914516,8,10,0.002482373810871281,0.04982342632608963
YIL131C,0.7673653618265559,0.7931763551654172,0.7142582231053809,0.6714380163100145,0.7574129659965951,0.7094575008649062,0.026556344188011255,0.025039819427724666,0.0294318776553698,0.031560200597347564,0.02711845176113228,0.029678089001689913,8,9,0.003084717063679556,0.05554022923682937
YPL100W,0.7631451408413031,0.7526355026407077,0.7979598334438038,0.6589618386349619,0.7444605387181726,0.6932442169611961,0.030598842126636147,0.03127033454843907,0.02826068617558603,0.03671684300965591,0.031782849464566776,0.034822522119770404,6,10,0.004022358959107071,0.06342206996864003
YFL020C,0.7764113224873234,0.8267083775128555,0.7887764251479262,0.3584668553592939,0.8246373196581724,0.6780221677343335,0.03636633158439415,0.03201572748544786,0.035346448595384876,0.0616004862279201,0.03220647383036471,0.043640284857979286,6,10,0.006018694770147395,0.0775802472936726
YMR238W,0.6733537776701675,0.6183390904875288,0.6115225313172457,0.44355894401128826,0.7353904955523245,0.5340598033087511,0.0984153701993438,0.10638072626638431,0.10732651512032042,0.12844987724351808,0.08857819581727103,0.11754095090556417,7,9,0.030171809631359205,0.17370034436165982
YOR265W,0.6246699193674432,0.382131710683265,0.6019748369447007,0.3136965859548415,0.5859082970377596,0.4340918888009043,0.03512782178429794,0.04507051162116973,0.03617427194974251,0.047500984884845825,0.03689714807160424,0.043133777534314716,7,8,0.00334535497400917,0.0578390436816617
YLR361C,0.7404734087458724,0.7705947356959575,0.7588977911615133,0.5851348780077066,0.8086416280149019,0.6457555287432346,0.031063435806141407,0.029205204275643295,0.0299405071895902,0.039274622634280165,0.026673640412500133,0.0362919328668452,6,10,0.0037832954203619426,0.06150849876530838
YPL015C,0.6907680864552241,0.6040331377281294,0.7291996366886594,0.6374479406349753,0.6508447484207198,0.4642819243752264,0.059938836505191176,0.0678259016134417,0.05609068913647518,0.06490099315153798,0.06369061519131128,0.07889224314774873,7,9,0.01182185006329376,0.10872833146560174
YMR096W,0.7087466672919993,0.4680539555789994,0.673317433125004,0.4844467867606431,0.7178242232914883,0.5105014349121186,0.2979278847013453,0.4026331170402864,0.315528564062193,0.3963806544144957,0.29324834239511505,0.38623481019006944,7,9,0.3101019809754522,0.5568680103718046
YKL220C,0.7027418417031519,0.6614788184180902,0.6734130389443349,0.5751537851034831,0.6836078431911623,0.48325723294919287,0.03782376565073786,0.040363683928632696,0.03964580983405848,0.04521824986838132,0.03902210805799911,0.04986950711750249,7,9,0.00489721175502932,0.06998008113048541
YCR106W,0.7552680810917825,0.7060425242166444,0.6927518246549873,0.5119368777612371,0.7002343855415173,0.4855048762372717,0.025003962196364322,0.0274034839575244,0.028016132461111978,0.03531030938517111,0.02767288466434845,0.036253851992086424,6,10,0.0025994423470473748,0.05098472660559606
YDR058C,0.7698577137212871,0.7595899319599734,0.7144720821158964,0.7126952451169171,0.7391388447638181,0.6194686459415695,0.026377859677054718,0.02695986217823849,0.029380936274770415,0.029472213108160724,0.028083164807396938,0.03391849432565406,7,10,0.0030763505511333454,0.0554648587047091
YPL033C,0.20097593123751323,0.11689592742226795,0.23889016689765297,-0.3888944898231166,0.28206744357846647,0.08197164408001312,0.16111919920985204,0.1693843600549733,0.15725013620393674,0.2124232217489428,0.15272466734277887,0.1727012224906992,7,7,0.033058859417271005,0.1818209542854481
YCR012W,0.9089582325545309,0.8101175890599749,0.8942233379440476,0.7672181832608145,0.8916780456664481,0.8180558433282137,1.748812689684643,2.5256043937883903,1.8850283439696967,2.796388338822472,1.9075731425946336,2.472247873033826,6,8,34.182124323912916,5.8465480690671585
YDR443C,0.7463261280376607,0.6833506996638009,0.7371706217838411,0.6622197086274805,0.7438286582276864,0.6154530674854182,0.028521757219305173,0.03186600913162541,0.029031893610685998,0.03291209764778739,0.02866181453175091,0.03511665052306398,7,9,0.0032630968021966212,0.05712352231958934
YPL016W,0.7470630832917957,0.746035013105211,0.7322595779245435,0.6067591700021124,0.7772448608001725,0.628780761342218,0.02943991516664877,0.029499684233240477,0.030289173014493753,0.03670791743027614,0.027627673207597653,0.03566528361642744,7,9,0.0034866955390305,0.05904824755257772
YCR045C,-0.05854664567949719,-0.3559198239747754,0.20919715625818036,-0.00729718021912884,0.19572406830280464,-0.05145063416777007,1.5010554401840046,1.6988644864747442,1.29740582620996,1.4642679000078243,1.3084112478256922,1.4960157862798547,6,7,2.1658910328615955,1.471696651100897
YFL044C,0.6692077140499583,0.6732890204662969,0.7644902561463972,0.7116282311173894,0.7396601891794743,0.6997542489157631,0.07194251379595144,0.07149732393905588,0.06070330852427734,0.06717138341473099,0.06382314699046934,0.0685403562178451,7,9,0.015920950134153643,0.12617824746822903
YDL063C,0.7846595996814604,0.4696851168127737,0.7379568702364354,0.45824876732119757,0.4595569668942999,0.1150147297339168,0.02608001968067758,0.04092720290495299,0.02876944909548456,0.04136615080007562,0.04131617593536164,0.05287047082492679,9,9,0.0032139820832038555,0.05669199311370042
YBR176W,0.8147655510221223,0.7765826113543303,0.7111514980758584,0.6574037036397021,0.7584835210545456,-0.3644007746046203,0.024088605945116217,0.026455091870851793,0.03008055521980752,0.03275986626799585,0.027505793146626868,0.06537651513758545,7,10,0.0031875331832973866,0.0564582428286374
YGR161C,0.4931535188808852,0.33572168140778325,0.46758081039554156,0.3007756942625426,0.4451789642423254,0.4790929978761843,0.43651750315356874,0.4997335227447979,0.447394143318212,0.5127098992785012,0.4567093512085141,0.4425308401479406,6,8,0.382542795333092,0.6185004408511703
YAL011W,0.8233795207473351,0.8173080202376929,0.7821837947274697,0.6621301373945556,0.740596487614432,0.6656554033253348,0.024560123739179884,0.024978695979788173,0.02727439431317881,0.03396915539110314,0.029764455848843477,0.0337914770563588,7,10,0.0034751469997908817,0.058950377435525225
YBR050C,0.691310539274218,0.37483322729441737,0.7855269658533346,-0.35844217085088204,-0.1478441045645571,0.22281494601843566,0.06423029721312282,0.09140647777607828,0.053538398814427485,0.13474095097035646,0.12385697948125571,0.10191573729276437,6,8,0.013599132307475649,0.11661531763655943
YML124C,0.47942116720658123,0.607187544367869,0.4249933836504064,0.29061920561393084,0.2946349784852669,0.10789704239506315,0.053908377959941634,0.0468280029569461,0.05665645966264896,0.06292927453283902,0.06275090183377663,0.07057006241590649,9,9,0.005680403178822742,0.07536844949196408
YOR096W,0.9384816084799062,0.8398881095822984,0.9408668644665524,0.7367301406201882,0.9134808958352286,0.719581008620394,0.2755968336375697,0.44461440613020514,0.2702011491826785,0.5701279185689716,0.32683438802439796,0.588403773417888,7,8,1.2563094118308438,1.1208520918617424
YKL139W,0.81064864816415,0.8816782624452988,0.7550689434476254,0.7178459118318612,0.7513422398960892,0.6060384101675823,0.024744321568162208,0.019560214602041413,0.02814253882478463,0.030205395008524056,0.028355829384785085,0.03569178651369911,6,10,0.0032903025177817443,0.05736115861610315
YHR135C,0.5985732524106493,0.4827927860073592,0.5897526062438749,0.5026860982992131,0.6229602960581617,0.5400503987770775,0.0318177234524221,0.03611588290829731,0.032165393205304406,0.03541451097506684,0.030836103330290285,0.03405815148049875,8,9,0.002566167714695299,0.05065735597813312
YKL194C,0.6120959309155971,0.3352025239958538,0.6273402805523906,0.3029117138462539,0.017933479150117226,-0.05396383567402929,0.035378121563139714,0.04631453234470672,0.03467598676762418,0.04742599975035565,0.05629153029629928,0.05831569513562598,7,8,0.003283207584226575,0.05729928083516036
YOL062C,0.8780094249531836,0.8069732961075597,0.8347610331983046,0.6170905560989945,0.8782515585162918,0.7581244396698834,0.025470374435264866,0.03203914276308562,0.02964342807511507,0.04512531318691473,0.025445084383884757,0.03586478109916922,6,8,0.005411248997470953,0.07356119219718338
YCR083W,0.5545052333669475,0.5107401106382397,0.5768354664609422,0.587234503931372,0.5236379563084457,0.41511138207575005,0.06965391355314511,0.07299515341371933,0.06788578586887392,0.06704646928806735,0.07202658004760891,0.07981064199178693,7,9,0.011081577203036791,0.10526907049573864
YMR047C,0.6235945014289456,0.6776414009379982,0.5665847863124345,0.30257525557434817,0.5296907520010325,0.6014530394132692,0.03155934641210239,0.029205836580942147,0.03386507929691719,0.04295845928932993,0.03527701098231397,0.03247429800209747,7,9,0.0026924843014663707,0.05188915398680509
YDR025W,0.8722571313867955,0.8515989405863974,0.8735266911943533,0.4906217512091252,0.7228337923179367,0.48772410096841934,0.4239160391593916,0.4569093202801627,0.42180425540132743,0.8465092623822392,0.6244269751939305,0.8489135751742216,6,10,1.4314499601898825,1.1964321795195423
YGR072W,0.7672685458499999,0.8449259836735075,0.7370415202955802,0.7675048239138237,0.714535692912712,0.6667143413841354,0.02588394635087887,0.02112868492919352,0.027513544279236614,0.025870803817587263,0.02866677623979221,0.030974996257806687,6,9,0.002929267524632567,0.0541227080312189
YOR087W,0.6924056163837928,0.5689937539075081,0.7296535065815839,0.4744586860876078,0.7234494504371752,0.6604553863192779,0.02731252774577842,0.032330653029211814,0.025605488472364876,0.03570065022154665,0.02589762617870672,0.028695983737427797,6,9,0.0024677350383096276,0.04967630258291802
YPL222W,0.7833567677261388,0.7876536734642492,0.7522101698750456,0.7504243244882087,0.7511626804147359,0.6722207208936628,0.05927808157422767,0.05868727612659975,0.06339621297384833,0.06362425416673333,0.06353007002498351,0.07291423516418025,7,7,0.016504268918679503,0.1284689414554331
YDR438W,0.015182850380198287,0.2203836424227359,0.09677034596618583,0.3101065555027126,0.2323342919935839,0.17712257260008601,0.28893423638317767,0.2570760837096489,0.27670709672170857,0.24183113434717227,0.2550981296038294,0.26411239198722763,6,7,0.08625723759847634,0.2936958249592192
YDR488C,0.626153833478121,0.43559978422391765,0.6508745259873632,0.5098295368302482,0.5371946080839844,0.4510465336593644,0.04905332098423999,0.06027199055811404,0.0474037521163416,0.05616884818527568,0.054578444536699,0.05944149382429062,7,8,0.006549332453864327,0.08092794606231105
YMR307W,0.9127773922423077,0.8776451447120561,0.8880478523279163,0.7721063872177725,0.9223446799278004,0.6916967500950959,0.2850849011810095,0.3376527467330996,0.322980199028611,0.46081410062075384,0.2689956705490502,0.5359801852639339,7,9,0.9481400768181292,0.9737248465650495
YNL047C,0.7883791865628138,0.8090177900136093,0.7557919318724904,0.6044730640997054,0.7145875707642382,0.6100606008769394,0.025854340612026783,0.024561265152888975,0.027773734547089462,0.03534616567422604,0.030025532430547872,0.03509561323659374,7,10,0.0032141170640607895,0.056693183576694554
YHR056C,0.776505922616099,0.7523674321226757,0.7623698275668802,0.5881357703302822,0.741356230240034,0.6137227363785245,0.022846925806305703,0.024049089719162225,0.023558387095868823,0.031015001004805927,0.024577956584786384,0.030036154879765957,7,10,0.002376526502595678,0.04874963079445503
YLR354C,0.8265272354759587,0.7182012240479752,0.836476942142084,0.7645900531363473,0.5370136198427036,0.49936360367109267,0.4191605593487092,0.5342374301100739,0.4069623770349867,0.48828925332147527,0.6847765334525325,0.7120753815785409,6,9,1.0305822559770386,1.0151759729116123
YDR350C,0.7712336789055734,0.6984141575846324,0.6466617398263957,0.5077951439801724,0.7505047755954688,0.6452696129474391,0.028534352802045547,0.032762531963965905,0.035462333983958545,0.04185476709317573,0.029799096811973767,0.03553212480878889,7,10,0.003621571826542812,0.060179496728892744
YNR041C,0.7061968621571222,0.5639894714373039,0.655037786769822,0.5133697697351691,0.7094739771746641,0.47229863475308453,0.030840544618319785,0.03757009663237603,0.033417933203706264,0.039691121109001436,0.030668062754034234,0.04133214389805069,8,9,0.0032941303893411888,0.057394515324560316
YML076C,0.7999307843644728,0.7916528280043877,0.7872757880217197,0.6359768011634378,0.7535789545531232,0.6400601583406891,0.02384152752447183,0.02432975565882036,0.02458399190102295,0.03215943967336307,0.02645957354517323,0.031978559967162375,8,10,0.002890952943976025,0.053767582649548465
YMR165C,0.7910403929101728,0.7703797239345325,0.7542554140562729,0.6775304670712452,0.7373202906460141,0.6440138158494462,0.02855420166330402,0.02993256734335932,0.030965694881208455,0.035471797392402575,0.03201489740609153,0.037269659288703544,8,10,0.003970368710905921,0.06301086184862036
YPL115C,0.7830260790873862,0.7989806280613434,0.7140767157155579,0.5325702601349799,0.7483691846108732,0.6658792705990142,0.022859459903048787,0.02200296219040404,0.026241397413310896,0.03355215094177402,0.024617509208823933,0.02836703254967192,7,10,0.002450628788801081,0.049503826001644366
YDL059C,0.8076471877650067,0.8758727857872084,0.8667172102187749,0.8045738336607002,0.8472536721770759,0.7757314565227739,0.057487791612126235,0.046180630693139706,0.0478534653166974,0.057945232770771044,0.051228512375832376,0.06207411504240261,6,6,0.017482593069409868,0.1322217571710869
YBR003W,0.6760870209017877,0.5066691051378747,0.6477862563801318,0.4641664580146393,0.6438492081662177,0.5859678377071209,0.028836170474421993,0.03558709733161651,0.03006952435029484,0.03708842211225137,0.03023711601565997,0.03260171514488484,7,8,0.0026121610906171657,0.05110930532317149
YFL050C,0.7957655052373238,0.8043262784697439,0.7544377275281376,0.687026688405682,0.7898023434150251,0.5803689921581381,0.02530525606702935,0.024769226307353006,0.027747701288451602,0.03132563196832132,0.02567202480074296,0.03627270757740814,6,10,0.0031904027813455162,0.05648365056673937
YNL127W,0.8571501935160791,0.8245692937673992,0.8674048283598168,0.7507507570012114,0.8521816984212693,0.758780898733948,0.02088442614273196,0.023143845635176522,0.020120861564810383,0.0275866930179956,0.02124451506184961,0.027138670344711496,6,11,0.003106837754946678,0.055739014657120355
YNR032C-A,0.678179614332743,0.47494491111080683,0.654844267904404,0.5037349846454814,0.6496869506179328,-0.9296478143607676,0.03592868550367774,0.04589200041463541,0.03720849446703477,0.0446160772002491,0.03748544842182306,0.08797789745445549,8,9,0.0040815229562254016,0.06388679798068926
YCR052W,0.8083393916542134,0.7467909373390289,0.7971060935866796,0.6923922256146801,0.7962426097712195,-0.5815348312028725,0.025689257712326465,0.02952736871317271,0.026431367087883812,0.03254496270254592,0.026487551196178474,0.07379458673949618,6,10,0.003503671550378943,0.059191819961705375
YLL019C,0.8224575472092124,0.7537046398958069,0.8273954097742805,0.3794499900603223,0.8008654378421047,0.7095149522615496,0.09481285596616582,0.11167198504788495,0.09348507729928332,0.1772574569620425,0.10041288443175936,0.12127687904951986,6,9,0.05152113000017882,0.22698266453669722
YNL005C,0.6298150779060254,0.4719017573381965,0.6232822444849038,0.2790192411650039,0.5396689193239608,0.3014166022425546,0.026868908337678788,0.032092091374633334,0.027104955829714554,0.03749751575365386,0.0299623455428882,0.036910488161214,8,8,0.0019844239310935832,0.044546873415466356
YJL149W,0.9315759555035683,0.8871060369322602,0.8940335964128434,0.8127578569263771,0.8967291380181728,0.8749264501217924,0.022885448012368723,0.029396146796683578,0.028479944949701057,0.03785792875518924,0.028115379437609184,0.030941245106478152,7,9,0.0077886687516491825,0.08825343478669362
YBR083W,0.6676451762569547,0.532889090895776,0.6787552134723571,0.5671156302564689,0.5384065158802458,0.551290771715643,0.03033279546611489,0.03596014618086583,0.029821500220498204,0.03461763511161612,0.03574713811503065,0.03524471022058779,7,10,0.00281692980405221,0.05307475674981667
YJL184W,0.7959514564152124,0.8197845874467791,0.7654057911526443,0.6124677002700039,0.7909236795915859,0.5898961790521705,0.03609390679978765,0.03392056739158037,0.038701320758802144,0.04974175404219446,0.0365358795673234,0.051169839027470826,6,8,0.006496619386317785,0.08060160908020252
YNL056W,0.7729843902880082,0.6260362630016931,0.690001868545603,0.5735077145638898,0.6983777713937965,-1.2275452616265201,0.02367650866991273,0.030388169984952047,0.027667463114436783,0.032452293232713654,0.02729112721385955,0.07416569489711337,8,10,0.0025126543008753286,0.050126383281415075
YIL031W,0.652665275702031,0.7173962327882142,0.6016424950888298,0.7742527323074427,0.6837651654345936,0.5402444102523111,0.08619371703745433,0.0777482247501017,0.09230771696825112,0.0694884715712727,0.08224440476217561,0.09916650722205965,8,9,0.02176487382881205,0.14752923042167626
YER104W,0.8584865399055053,0.8512012617471383,0.8338337779965553,0.6720848707558107,0.8393096735238541,0.6940063462657089,0.02582378035289675,0.02648015777969326,0.02798287400649365,0.039309875777607535,0.027517933115825,0.03797319625807948,6,10,0.004795070825043017,0.06924644990931317
YBR159W,0.7068642964740475,0.6963841726919167,0.6703902648547699,0.5922589356413993,0.6684724007049783,0.5189847822157625,0.03125672510776484,0.03181056024175849,0.03314432122467675,0.03686390518221198,0.033240607984649666,0.040039488646643605,6,9,0.0033913402658168144,0.058235214997601016
YIL157C,0.4484900348073968,0.15952855948292555,0.6089700351178235,-0.0038981714465924355,0.2422073075932848,-0.2440912059074054,0.031534896017859505,0.038929264767030985,0.026553375727490846,0.04254608004762692,0.036964933372047266,0.04736317757970064,8,9,0.0018347740133531187,0.042834262143208665
YBL089W,0.8101881215716005,0.8070464669527945,0.7801527127645327,0.6025827848668623,0.7675899777286874,0.670413168410356,0.02232073104215197,0.02250469276830533,0.02402189566677439,0.032297585657394295,0.024698702953753888,0.02941248011439219,7,10,0.002670832052712607,0.051680093389162976
YER045C,0.6453155613011888,0.7184908753401915,0.5995393860904272,0.5972427729791072,0.5770444841906861,0.5947421103366974,0.030027847583227255,0.026751576068870058,0.03190678455071251,0.03199814532004988,0.032790684447452596,0.03209732758478915,7,8,0.0025867794887821384,0.05086039214145068
YDL089W,0.7889766808782555,0.85345609398614,0.7380696007743335,0.742425339658636,0.6911610420592229,-0.11115290859932858,0.027473376552715055,0.022894475336390243,0.03060833925315261,0.030352773545655146,0.033236313981137265,0.06304254361444374,7,9,0.003639542252521462,0.060328618851432876
YGR128C,0.6941152358157971,0.3466897058502293,0.6220340408790481,0.22294998378111175,0.3796396000495569,0.13240398560128297,0.030070488164424567,0.04394619781915189,0.03342626865713268,0.04792763978771019,0.04282364096714791,0.050643105550862995,7,7,0.0030079890373776097,0.05484513686169094
YLL050C,0.7546476012726571,0.7307544966321255,0.7361285166777518,0.572623320601622,0.6308398608863763,0.5328261023083968,0.10980642216115993,0.11502886018709566,0.11387511174565483,0.1449232274192011,0.13469143733550695,0.15152066639791464,6,8,0.05000556191055594,0.22361923421422394
YMR251W,0.6331265719360433,0.7559374666368617,0.6046108206091674,0.6357981930315847,0.6004086215970139,0.46681429684180287,0.04611759253683629,0.03761482593534428,0.04787633408728785,0.04594936849865604,0.04813007668431953,0.05559653773884461,6,10,0.005898887801465443,0.07680421734166323
YBR271W,0.792040063704552,0.7711832059512813,0.7343409657727573,0.6687889244655545,0.7205976390425629,0.650378439056809,0.026146884602249617,0.027426731852327236,0.02955237622472386,0.03299761398738213,0.030307153464699452,0.0339023041695972,8,9,0.0033451327905590286,0.05783712294503444
YLR037C,0.8332151614304908,0.8848369807550145,0.8203779535518254,0.7696552749523538,0.7585705708252518,0.7407226599396646,0.030358561512326493,0.02522664095976543,0.03150523511399066,0.03567730495620289,0.03652565466582571,0.03785168229797169,6,9,0.0056228817172257065,0.07498587678507004
YDR527W,0.7091347558102943,0.7567623705392856,0.6424140781524394,0.5803535182840578,0.5640374306046019,0.5290599988293769,0.023073535463469762,0.02110005614401365,0.02558341029618872,0.02771468985754253,0.028248333477254018,0.029359659873713074,7,9,0.001862471335564498,0.04315635915556939
YCL036W,0.7705389186161672,0.6995252954147255,0.7728317646257403,0.6227052315235196,0.6825502180727498,0.5004737528441199,0.02724692269421763,0.03117933871797164,0.02711045108738992,0.03493842579353225,0.03204796503379131,0.040201485204030656,8,9,0.0032921454996180663,0.05737722108657813
YNL317W,0.7702226143832833,0.791703493534477,0.747723478518579,0.6575795963648531,0.7452907867887725,0.6983508122092223,0.03044940585765689,0.028991198802163103,0.03190535623638676,0.03717106449229799,0.032058818161536745,0.03488801506214862,7,9,0.004105853978147075,0.06407693795857504
YMR036C,0.8369321073489663,0.8721217748426151,0.83912468226935,0.7480710508440108,0.8117611036704068,0.778697227585421,0.03422674946982906,0.03030956661176803,0.033995868085923864,0.042542250854815326,0.03677359684147998,0.03987262735632401,6,9,0.007309976671731476,0.08549840157413165
YGR199W,0.7726708676866277,0.7209481927780299,0.6962619069427374,0.5609378617223063,0.7793719475245786,0.7238511708672819,0.028080871581562302,0.031111822758708375,0.032458815495643084,0.03902528023315684,0.02766389974112386,0.03094957141471146,6,10,0.003529548958826369,0.05941000722796092
YOR209C,0.7712929343987098,0.705088959472677,0.6785119375949817,0.4432683336543376,0.8458709290029575,0.6317636996897538,0.04210295432694239,0.04780995069353747,0.049917773449918657,0.06568946762919876,0.03456328882070517,0.053423960344724956,6,9,0.00788676132440079,0.08880743957800377
YJR052W,0.7647568315584867,0.8364528144991891,0.6471167615316988,0.49671965387332817,0.7440599909120817,0.5413039544119744,0.02761904664504938,0.023028821354753436,0.033827171761892316,0.040397562250627995,0.02880840831959425,0.038566717038999686,7,9,0.0032995406616333884,0.05744162829893829
YNL161W,0.7145171631052392,0.6610463442048135,0.6621715624413119,0.5196607817105334,0.6435581577188323,0.5360322580114452,0.02840985993331766,0.030956314617410736,0.030904889348021856,0.03685132555146857,0.03174486105308328,0.03621787654373423,7,10,0.002876810924415473,0.05363591077268543
YJL165C,0.7713599577318735,0.5814918660565498,0.6764077043870097,0.5566176983657021,0.6945027601190488,0.531483610311018,0.0308846232176109,0.041784779351210576,0.036742207717920874,0.04300860322378855,0.03570013077440874,0.0442108185283565,7,10,0.004245075913981816,0.06515424709089819
YNL233W,0.7910656176139007,0.6957833583225063,0.7377219208356731,0.5108705263711751,0.8159576480571739,0.6784457419521668,0.02313981212302633,0.027921989249332004,0.02592602102327952,0.0354051784921599,0.02171769646614923,0.028706616279035018,8,10,0.002607731548989335,0.05106595293333255
YDR362C,0.7588641596084356,0.8471187381940355,0.6632955348552869,0.4542156231581784,0.7457655625837072,0.5194975604538874,0.026672552456646067,0.021237863474950436,0.031517962413996715,0.040127697903345506,0.02738740500962684,0.03765143160786763,6,9,0.0030020680239195145,0.05479113088739376
YKL173W,0.8011281567819327,0.8225769672814924,0.8157033387214265,0.6312217028072146,0.7779035159764793,0.6260921117267677,0.02436858730184184,0.023016999203686224,0.023458618756606046,0.03318382014099362,0.025752212368376597,0.03341381141978625,7,10,0.0030383691990963947,0.05512140418291605
YNL188W,0.7338736589400723,0.7432568308115921,0.7258919576935337,0.6957558090155552,0.6994953276600311,0.6424037730400749,0.031037837865395195,0.03048575657683577,0.03149984506069787,0.03318628787106997,0.03298170805721171,0.03597857784235692,7,9,0.0036833941603497226,0.060690972642969916
YJL138C,0.8610634977461264,0.7521143650119836,0.8518415732570935,0.7116067677287505,0.7412372243374238,0.6249296541860123,0.18372682483241848,0.24540876450990093,0.18972631335130444,0.26470181628750233,0.25073518955433877,0.301870555152316,7,9,0.2472190401375084,0.4972112630839213
YMR131C,0.7865529091080135,0.3027116175058815,0.759281849935821,0.2804736785938008,0.5459145538083221,0.5775333872603625,0.04681589762329403,0.08461638150518372,0.04971674110918822,0.08595508567814408,0.06828369691321161,0.06586344320632154,7,8,0.010448395591233568,0.10221739378028363
YKR102W,0.25694302315993856,-1.1132107138065068,0.3164263506419599,-1.150364330009149,0.1660107758869268,-2.349403562326962,0.08360219890939737,0.1409866671642137,0.08018613831670898,0.14222065222438468,0.08857004429648503,0.17749674009999858,6,8,0.009571200685421515,0.09783251343710594
YBR212W,0.8898347198327494,0.5712895277819731,0.7879797893525773,0.2465118264080991,0.8714376113384967,0.8102920979117009,0.03998532973493696,0.07887881112652603,0.05547112079916362,0.10457226871160512,0.04319517885192635,0.05247120293431814,6,9,0.014767594480859755,0.12152199175811658
YDR394W,0.6128042774639311,0.5442683954690811,0.5837995106001357,0.4049816269267045,0.5646536990738402,0.4100272795708607,0.19045495181658192,0.206624381739384,0.19745961531810488,0.2360979310914505,0.20195026280411557,0.23509476513399236,8,9,0.09532506817585126,0.3087475800323806
YKL197C,0.8579059345419109,0.8494765608989433,0.8424199634950931,0.7577791558129403,0.8262794426676028,0.7197521394799828,0.02226276016496038,0.02291358820636157,0.023444535686686134,0.02906677135462551,0.02461595247061475,0.031265270508869764,6,10,0.003549238740505572,0.059575487748784496
YLR254C,0.8027887960846078,0.7381269098791503,0.7709819586517468,0.6465870445742716,0.7479228572051844,0.5531510302008646,0.034445531861551644,0.03969287342308461,0.03711948574106302,0.046111402923967426,0.03894339741155259,0.05184984748594201,6,10,0.006121915677895638,0.07824267172007637
YJL208C,0.7790226193063161,0.7055322162814162,0.7818952725981629,0.434880656758016,0.5927913361795013,0.5946300615905252,0.028185663715549508,0.03253668098339171,0.02800186095752806,0.04507382785679179,0.03826157647208147,0.03817509485084328,7,9,0.0036581528558506334,0.060482665746895065
YBR046C,0.5180509310096237,-0.240814574757521,0.4936449327195813,-0.1582539863027217,0.3493878618122329,0.5000624190660028,0.0749885855423548,0.1203228283682124,0.07686385627126231,0.11625094470445708,0.08712758366549449,0.07637522123622895,7,9,0.011872503765585627,0.10896101947754357
YER169W,0.7950857534584661,0.7475118666394263,0.7628645623406283,0.7315268630283669,0.7393948556776369,0.6387997493446812,0.02697863212443418,0.029947069829198255,0.029022316869477188,0.03088049605723004,0.0304246325403646,0.03581853928878986,6,9,0.0036142720296384783,0.06011881593676374
YGR070W,0.7152889150883778,0.48465624100012983,0.5807553470528588,0.1704587745635452,0.6966578708829103,0.4854283334571877,0.06878706638405743,0.09254503212075112,0.08347152849297612,0.11741500122306342,0.07100206264451592,0.09247568025313592,8,8,0.016910729313432998,0.13004126004246883
YNL118C,0.7032489486600275,0.3473976885999235,0.6162930797972328,0.23674759007345536,0.6228092351364407,0.4105075425912482,0.024534955251393487,0.03638425115711834,0.02789902030730976,0.039348051325087674,0.02766111374685699,0.034580260725576815,6,9,0.002064103223439081,0.04543240279182998
YDL054C,0.8382181756640099,0.758970333990994,0.8029115408600658,0.686889576135751,0.8191667295612626,0.7551502124297221,0.09399496434318255,0.11472946614122234,0.10374575135649379,0.13076408712278498,0.09937540042518599,0.11563507569817677,6,9,0.0555690003759448,0.23573077944117693
YER060W-A,0.8342623614665245,0.7578250161331993,0.8027739098471177,0.6439416752132548,0.7682039039534472,0.5979920454355876,0.024653118929695572,0.02980066375047886,0.02689326182986504,0.036134485016279055,0.029155087965946614,0.03839534911150367,7,10,0.003731433729024142,0.061085462501516204
YGL145W,0.8668802838122596,0.8704120891900419,0.8077948720955922,0.6954049964929061,0.8386068869522592,-0.013290573346895318,0.020744769387096428,0.02046772927325015,0.024926993753215013,0.03137970144475042,0.022841778671820356,0.05723404240972369,7,10,0.0032894855079404826,0.05735403654443585
YHR015W,-0.015759260570125777,-0.16688725306241192,-0.14467832279306303,0.06318326521371753,0.15558396013542086,-0.05730895914425749,0.3310904471506175,0.35486707185513827,0.3514738223062285,0.3179644564393403,0.3018766294222723,0.3377942178121326,6,7,0.10981347838139081,0.33138116781342725
YLR099C,0.03171407344142019,0.1353265776972502,0.03287861723243468,0.1057970130245599,0.05629306676570056,0.06929638071840716,0.324453004941757,0.30660275010777405,0.32425783872276764,0.3117942121014908,0.32030857384759426,0.31809415742433367,7,8,0.1106249582270831,0.3326033045943517
YHR208W,0.4287529698483198,0.47813965428892413,0.4136175780884196,0.3802482756482023,0.3813467141872052,0.28491909113696146,0.3938159846252015,0.3764077103655242,0.3989990242331699,0.41019487885611283,0.4098312060574625,0.44061467127027115,9,9,0.2762586353632706,0.525603115823404
YBL032W,0.29414957453805846,0.3565758664858023,0.291532544414978,0.28875086587721854,0.34023882234486036,0.23886764846992048,0.05410236800910157,0.05165455291411595,0.054202570917537024,0.05430887532117009,0.05230621711298423,0.056181072371771834,9,8,0.004219616728663098,0.06495857702153811
YDR292C,0.6782860562383985,0.5852038897911773,0.5553769256190533,0.43277961487154304,0.5408046404177043,0.5074376034863521,0.01953976819391668,0.022187164458859612,0.022971029715958116,0.025945400572387103,0.023344426562196617,0.02417770597235149,9,8,0.0012075971178735505,0.034750498095330234
YOR011W,0.7399869090110334,0.6974946517024723,0.7494721716685888,0.7018960180975342,0.8363518636963182,0.5773955443926224,0.028832460506311552,0.03109930097734383,0.028301671492674225,0.030872229020664065,0.02287386905656894,0.036757937462993585,6,10,0.0032532791916727857,0.057037524417463854
YDR454C,0.42388593845812883,0.27416437949337824,0.35704079909622366,0.3800359547518767,0.5074581480979821,0.3998767293509522,0.19222265697269364,0.2157592764079635,0.2030682592717343,0.1994038732715711,0.17773456994657746,0.19618715619257165,7,9,0.06526101353913899,0.255462352488853
YBR043C,0.6958607776089327,0.25157220526735635,0.6298132111429677,-0.014711504062193015,0.4671147198286959,0.4554676775476828,0.03693730618084257,0.057943397666611184,0.040751111767494914,0.06746838209719538,0.048892907685321695,0.049424335117488886,8,10,0.0045646884930629385,0.06756247844079537
YIL103W,0.7576196759791978,0.8286266681777786,0.8193873154693849,0.7433725040315038,0.8470987459727107,0.6730027400331836,0.02723207632938632,0.022898323940497855,0.023507486682289174,0.0280210024456224,0.02162905766473169,0.031630359764595724,7,8,0.00311327359029711,0.05579671666233695
YKR029C,0.8201690452154533,0.8441436355627604,0.8080320383278468,0.6977162742015808,0.7953723787855957,0.6676517339340796,0.0244645983101458,0.022775511279267264,0.025276692265377,0.031718544306699854,0.026096844159924838,0.033258493480981734,6,10,0.003386607505457353,0.058194565944402
YML117W,0.6719361759366995,0.64406786680593,0.7039701421449818,0.5750857411849533,0.5383869248312989,0.6062010563544531,0.05601267330248097,0.058343264794783176,0.05320774916740671,0.0637467108948057,0.06644253288234063,0.061368343772760924,7,9,0.00973122235653624,0.09864695817173603
YHR181W,0.5755094473312241,0.6311271026847548,0.5583568045893202,0.5318398452457462,0.6147416590728029,0.45968500948126423,0.023853713505058535,0.022236189050814637,0.02433087659455646,0.02505066206128856,0.022724692188364842,0.02691197016601843,8,10,0.0013639457799612558,0.03693163657301495
YMR107W,0.5965070614707015,0.6265954356268901,0.5116439745469074,0.31400287330008125,0.5396743427699214,0.4947557286055677,1.4917537380209804,1.4350564223258164,1.641146839481438,1.9450927441950112,1.5933520975327624,1.6692825923935326,6,8,5.611919967106035,2.368949127167157
YMR056C,0.8510270832403332,0.7597185289078701,0.8124399460974912,-0.10817865712731223,0.7656046294509433,0.79523520209417,0.13860879266313614,0.17603428526382417,0.15552753708759237,0.3780437051849667,0.17386478791141252,0.1625042668720873,6,10,0.13122826237363333,0.36225441663785596
YPR042C,0.7907726330879169,0.7910543258998692,0.7761570754475855,0.6596086202529863,0.7376233411403126,0.6769520331882071,0.02792054901220841,0.02790174729634146,0.02887928220319137,0.035612624913689446,0.03126635881999479,0.03469350797126075,7,10,0.00379125115633391,0.061573136645244164
YBR244W,0.7937945487124933,0.4534888131743733,0.7849839438049384,0.520546340653868,0.7315688007142882,-0.20850277267288275,0.03549926990381401,0.05779215355347115,0.03624973165942494,0.05413057855993316,0.04050287447002888,0.0859395698709307,6,9,0.00621858876868416,0.0788580291960442
YGL206C,0.9497893815987717,0.8575696398507703,0.8985321978207929,0.8019525799745494,0.9450519574725114,0.8849370993890677,0.04584192071978842,0.07720871186749349,0.06516721291424882,0.09104364049702804,0.04795579924603026,0.06939571896649627,5,8,0.04258760125416496,0.20636763615975487
YDR477W,0.7033440458972758,0.6210034627010588,0.7164820398450658,0.47638698844369476,0.6804677144761839,0.5370796436694614,0.03191426917736831,0.03607247906774412,0.031199573471348826,0.042399778134549065,0.03312193815659081,0.03986681202506813,6,9,0.0034935734302554405,0.059106458447917856
YPL059W,0.4124503380965264,-0.12470625555338066,0.39833625901664604,0.34632094784690004,0.040897734923024176,0.23625228564484346,0.06499311701684775,0.0899217252762475,0.06576911460903707,0.06855314117613837,0.08303812492400524,0.07410031212287281,7,9,0.00731548777588905,0.085530624783694
YDL238C,0.8292289443070233,0.7542919334170016,0.7853515895323101,0.7513765991831202,0.8103780392107428,0.7079080212210005,0.03065855703698779,0.03677513590460455,0.03437228605530501,0.0369926616639361,0.03230642452247003,0.04009630884357976,6,10,0.005600699814454897,0.07483782342141504
YHR014W,0.6961492902778194,0.7765104575919877,0.6484957575209116,0.6141995453731613,0.7255618705081301,0.6613855056832894,0.09792408729967071,0.08398234711407548,0.10532335636140921,0.11034197990646344,0.0930639818019678,0.10337420363158036,7,9,0.0321123395710374,0.17919916174758577
YHR102W,0.7968474706697133,0.7801530130357572,0.7672706176385546,0.6876266901694528,0.7770501122184471,0.6694023643193376,0.02528801654507399,0.026306550799804967,0.027066322893977843,0.03135744070376021,0.026491544499669534,0.032259194700647136,6,10,0.003203025808376634,0.05659528079598717
YHL032C,0.7306315538410281,0.5795969298794557,0.6451673225497806,0.5651179109360729,0.7394631306169515,0.5459850904453587,0.03620940728857595,0.04523566663224353,0.041558499583520106,0.04600804888317408,0.03561087546168796,0.04700922732517209,6,10,0.004952782410530346,0.07037600735002197
YGR193C,0.8508640535606697,0.8510738172861764,0.8305944902648081,0.6738609858051867,0.8176409012091841,0.678727022253601,0.026098161311847244,0.026079800970089127,0.027815220650413287,0.038594029183005564,0.028859078696569628,0.038305033203633806,7,8,0.004647192103888777,0.06817031688270767
YNR050C,0.6727040454877677,0.5533098032783916,0.7216610745914931,0.421172872269971,0.6599065433631071,0.3181811335570611,0.04130747903576232,0.048257140402897615,0.03809301481125238,0.05493293594065475,0.042107311251974484,0.05962012464011088,8,9,0.005304810601356199,0.0728341307448383
YLR215C,0.6811728427571601,0.7520927257243171,0.7155300215393046,0.5079100925128297,0.7104379648024781,0.5929517881571772,0.02534088902035364,0.022345435778868595,0.023936597298485355,0.03148229778203032,0.024149881479074837,0.028633017526416355,7,9,0.0020494698080917775,0.04527107032191505
YOL058W,0.11476561685307052,-0.6461258515786252,0.09669793294720375,-0.2298725387567646,0.07668164712302661,-0.02717771401338731,0.30358645543955554,0.41398515893399307,0.3066689149676934,0.3578354037109922,0.3100480388639832,0.3270213060664079,8,8,0.10593992156592268,0.3254841341231899
YPL138C,0.7740495934872901,0.8302162980994253,0.7762681021401836,0.6073059148845645,0.7536453147482951,0.6463538220259294,0.025918785988937588,0.022467569381689784,0.02579122947438328,0.03416923629571306,0.02706378317263433,0.03242594014000497,6,10,0.0030253060950523555,0.055002782611903875
YHR094C,0.7488496659610985,0.8280139987474756,0.7435799327010055,0.7767681420633128,0.7647972151902198,0.7718669534478273,0.12088960757748962,0.10003883771081257,0.12215129981320572,0.11397252624359126,0.11698853903643153,0.11521690048680004,7,8,0.05921030707145511,0.24333168119144516
YML126C,0.6394550619835083,0.5720071554123429,0.590622143374855,0.5367922572237558,0.5307915799269814,0.49825258720643417,0.19820677894137964,0.21595191358553417,0.21120343464148258,0.22466049308019825,0.22611100542284682,0.23381984780347992,7,9,0.11087426225296841,0.3329778705153969
YLR075W,0.9159080166182174,0.8590892074348724,0.8352356434814422,0.7664952573830114,0.9401157819309217,0.7254718000303688,1.0565633874092886,1.367698555135536,1.4789377435632862,1.7606219508289285,0.8916090148827358,1.9090255482953,7,9,13.507956596587812,3.6753172103354306
YGR196C,0.6071959282169904,0.6389715257881312,0.601261383713619,0.5177042259062972,0.6245795749940923,0.5300731362299456,0.03922509204011256,0.0376050966128157,0.0395202906138588,0.04346430195071769,0.038347312207565876,0.04290334138415412,6,8,0.003985704523240337,0.06313243637972747
YGR089W,0.7273500778651751,0.6771701752680377,0.6961532157767958,0.4762364605462125,0.700918618492524,0.45186002543913173,0.023192751803229956,0.02523692381013629,0.024483692342041202,0.032145280724837924,0.024290937717339017,0.032884809403003784,7,8,0.0020074850547300302,0.044804966853352654
YCR020C-A,0.7181838462284473,0.5879324520112155,0.7732669473900097,0.5550056429533993,0.5844867203287827,-0.8826197734159902,0.032655429052988405,0.03948722908116146,0.02929070805361204,0.04103455276701429,0.039651982578139615,0.0844021987423341,6,10,0.003850330796699338,0.06205103380846558
YEL017W,0.5672212249470434,0.324654521963079,0.5666395694054319,0.21974685606737898,0.591651946205377,0.25321190713383945,0.031184126169264925,0.038955035133503305,0.031205074896901098,0.04187148520935045,0.030291155976366946,0.040963711102810246,8,9,0.002286411218548644,0.04781643251591072
YLR344W,0.8914100782383187,0.8417716656017097,0.8658396914921949,0.674143738164439,0.9167097693322774,0.5580586376958003,0.302735883243889,0.3654359498991921,0.3364969753829346,0.5244235381815705,0.2651344574067609,0.610733110746835,6,10,0.8587987812011361,0.9267139694647621
YJL167W,0.8546343077491435,0.9228991833000826,0.7741652249291978,0.9018076750748877,0.8500038419156077,0.5343831664460115,0.13825823873270385,0.10069074378237854,0.17232784949152777,0.11363152396585893,0.1404430095671905,0.24744255777712126,6,9,0.1338052818964994,0.3657940430030257
YOR287C,0.814143224725621,0.8266741232410769,0.7917247643174193,0.7073968284364427,0.7135858601667171,-0.5729713568523191,0.02609402580837385,0.025199016543301575,0.027622991264349465,0.03274095955793476,0.03239284672893483,0.07591232552693314,7,9,0.0037278370079388903,0.06105601532968632
YOR346W,0.7544608936903998,0.7809212681213245,0.7589123485876298,0.7326961291792962,0.6820690198246402,0.6105694376075123,0.02866749391219432,0.0270788054937872,0.028406444377663882,0.02991107470102752,0.03262089092069069,0.036103092948131896,7,9,0.0034057434103495006,0.05835874750497564
YAL055W,0.46295871786138365,0.7850690243595569,0.43300595152822197,0.4545204286911868,0.2911529122514478,0.5318895402822694,0.06374625052021912,0.04032740852007729,0.06549981295526662,0.06424510672567289,0.0732364170901629,0.0595148005269078,6,9,0.007699362317694113,0.08774601026653071
YGR249W,0.8184059868567738,0.6337919054010454,0.7816032074216707,0.5332659140942524,0.7933179717643697,0.5777546580269469,0.029166679594871018,0.04141905608868451,0.03198595747742848,0.04675962149420548,0.031116273847479902,0.04447527696059289,7,10,0.004766785318387012,0.069041909869202
YKL101W,0.8295571743958515,0.8124253335634902,0.7555619292366064,0.6459052397744882,0.8487212081358958,0.6940046670596116,0.02506743951041484,0.02629709070596084,0.030019609367487286,0.036131031727649525,0.02361617926140034,0.03358752589642976,7,9,0.0037514085493413223,0.06124874324703587
YDL040C,0.7240073650990624,0.631865209636522,0.6966623069395804,0.483444356567432,0.6695906638245399,0.39252549484501476,0.023128636153945583,0.026711895609966133,0.024247360394571812,0.03164170178278049,0.025306228956286904,0.034313522682257167,7,9,0.001972221520429975,0.04440970074690861
YPR061C,0.8756133198433181,0.8992108226740803,0.8459220776587848,0.8997419869552978,0.9044254904648744,0.8836400481284166,0.04005358989055091,0.03605466448985498,0.04457842446620867,0.03595953399672073,0.03510957297789362,0.03873970192803328,6,10,0.01312387709655114,0.11455949151664012
YDR267C,0.7112879189206902,0.6737836921141831,0.6423660839312308,0.517086032448133,0.6363131377623787,0.4547046767718318,0.023745289990865316,0.025240492993925917,0.02642800305326505,0.03071000468134775,0.026650711359223766,0.03263329189963599,7,9,0.0019872071280162356,0.044578101440238965
YER141W,0.8279404337818136,0.646340366857286,0.8271924578431504,0.42861423672110943,0.7948911899622952,0.5479817511522977,0.04346871310711741,0.06232038351551867,0.04356309406232606,0.07921402459389121,0.04746019614549654,0.07045557368219331,8,9,0.011174494353114621,0.10570948090457459
YNL068C,0.7899848623457992,0.85741638510397,0.7614459746988452,0.7418205587634737,0.7908349015704638,0.6702739234561297,0.024743811768663436,0.02038806991148477,0.026371490597727226,0.027434821056255856,0.024693685532428313,0.031004015906020158,6,9,0.002966441205188804,0.05446504571914729
YLR004C,0.678189117086533,0.6623624054602113,0.6634076487231577,0.48627731800785856,0.5772255511954958,0.46719060283517,0.0354247513759954,0.03628539425497747,0.03622918537413945,0.04475801505829773,0.040603251525709705,0.04558189594774135,6,10,0.003967948554787193,0.06299165464398593
YER093C,0.7668606860794916,0.7812622939083496,0.7241239186454842,0.5243071767024349,0.7637503121305731,0.6327949043643674,0.026208669965370048,0.025386279168399778,0.028509805152054906,0.03743695562006038,0.026382919152950955,0.0328920979229026,8,10,0.0029979721061212526,0.05475374056739186
YML088W,0.6619859958617946,0.6518046629411876,0.6945111856794235,0.5243387454981243,0.5979566454408194,0.4158753040997263,0.027260266605517742,0.027667774504809783,0.02591554870380535,0.032337887103405544,0.029730293460336843,0.03583567060769447,7,9,0.0022370652002347627,0.04729762362143327
YBR001C,0.7625857338005007,0.724972025546165,0.7992411618814959,0.6174670079781543,0.7993554476385311,0.5336660843273417,0.058291325329840264,0.06273919742351461,0.053602847430343,0.07399203507490158,0.05358758804215183,0.08169566733530295,7,9,0.014563111852848382,0.12067771895776114
YJL134W,0.730778539037887,0.677434302158147,0.7040997283056645,0.5191187956488508,0.7442007535336678,0.5115107097369203,0.022833890815435014,0.024993908333474903,0.02393854574479229,0.03051715075029241,0.02225741441697031,0.03075761135654388,7,9,0.0019706218838507535,0.04439168710300109
YBL093C,0.7325006762162065,0.4581676777134598,0.6034993569427817,0.6989705481530177,0.2982281351839945,0.4468285473355774,0.04842949168668027,0.0689256738798363,0.05896177029387111,0.05137514497079996,0.07844161793129911,0.06964315640985755,6,9,0.00892175454695848,0.09445503981767453
YJL087C,0.8053307029132697,0.790943640379125,0.7365928972441111,0.6543958804669157,0.7558131526873084,-0.9099446366887636,0.023957165930438663,0.024826666040153492,0.027867656661865494,0.03192097630251566,0.026831678675528353,0.07504073856450774,8,10,0.003000036640136323,0.054772590226648245
YDR436W,0.8602558841469571,0.7737599093427074,0.8474111127936711,0.6530875434577221,0.8976749642465441,0.771677131413783,0.027660550385081025,0.03519482704340492,0.028903837381960833,0.043581683193694445,0.023669277684720835,0.03535645859392609,6,10,0.005571103698850599,0.0746398264926346
YDL193W,0.7080588411261537,0.746079327434021,0.646690003418205,0.5648097450336982,0.6518366576082321,0.6026916194301367,0.08391089536762544,0.07825637404299582,0.0923099794323548,0.1024496012334238,0.09163517485523667,0.0978891493100043,7,9,0.024541128006171167,0.1566560819316351
YLR180W,0.7638196440332085,0.6777054234194281,0.6767265078810893,0.49803069322980065,0.7221546674665215,0.4951889438373226,0.13107302034857118,0.1531150637182422,0.15334741803710203,0.1910864983426564,0.14216509299602684,0.19162662456620197,8,9,0.07401776704972282,0.2720620647016464
YBR170C,0.6132194176276922,0.6168815091178852,0.5799376387453797,0.5396115464039051,0.6735193513825763,0.6062505714469255,0.062467954614429104,0.06217152371162379,0.06510012751623231,0.0681533434433021,0.05739230626622256,0.06302820267274865,7,9,0.010266042245859653,0.10132147968648925
YLL033W,0.8352207729538738,0.8456433657461231,0.7682685600934006,0.7279357632947558,0.7445215478977864,0.7471998718462358,0.024034410567145236,0.023261884507204324,0.02850195992899258,0.030882892767280856,0.029926738111909917,0.029769455412182205,6,9,0.0035671192485726318,0.05972536520250531
YGL171W,0.7172959452579906,0.6139235341503042,0.7262187866956767,0.5627558323988089,0.45417652027589095,0.4022647950483934,0.029322677844245894,0.03426685720183993,0.02885621945264869,0.03646696521781736,0.04074400506453326,0.04263752901086812,8,9,0.0030947698584085585,0.05563065574311127
YLR085C,0.8069880801765473,0.8418828093515531,0.7771633802026219,0.7599223047439317,0.7799621523065616,0.7108092363499865,0.022512921536801296,0.02037648819188221,0.024189844326920885,0.025108206919910822,0.024037455130944126,0.027557004142010323,5,10,0.002671977045167805,0.051691169895522825
YMR159C,0.8796814337966836,0.862190714358951,0.8597501016520954,0.7133176685094018,0.8181452277288861,0.7266766303149101,0.023840214086824192,0.025514265347054203,0.025739203568972815,0.03679970108377127,0.029309349406660527,0.035932067782830146,7,9,0.004806631100053958,0.06932987162871397
YDR316W,0.8005062460536111,0.6931815598301844,0.7442059997175292,0.6336236583938175,0.7424616051119499,0.6060687716391098,0.021120459844902417,0.026192650448493553,0.023915743955864165,0.028622161584615117,0.02399715245463445,0.02967897673994567,7,10,0.0022752576040279086,0.047699660418370995
YBR108W,0.8715061397348793,0.7554704561664081,0.8327154816265447,0.6552705376225059,0.8554728798355835,0.7704605707468897,0.02398615691223384,0.033089114945257625,0.027368270729945215,0.03928788800948008,0.025438655657058003,0.0320588641259469,6,10,0.004556087982672227,0.06749879986097698
YBR148W,-0.03921425261739886,0.0038711556867573327,-0.019883481429951333,0.13914368438276614,0.09523485962656275,0.0862035716062789,0.6710638166331706,0.6570055425303495,0.6647931781687392,0.6107684716703563,0.6261511824099674,0.6292685161827505,6,7,0.4409361325768538,0.6640302196262259
YER153C,0.8627867772420259,0.856312726100698,0.8400935586867304,0.8079354473569719,0.8115329272747266,0.703817851667527,0.026606404222433284,0.027226847265215477,0.028722430126726258,0.0314783392813576,0.0311821420076151,0.03909017745161374,7,10,0.005249640249651554,0.07245440117516364
YDR469W,0.8255925645950993,0.7565332181537271,0.8311021789747561,0.7933716299791747,0.8275024919084609,-1.516245576459235,0.018922751922687452,0.022357418456324198,0.018621463974058654,0.020596658708969085,0.01881885563246798,0.0718750748568304,7,10,0.0020890879955071354,0.045706542152159524
YFR043C,0.8073041032535291,0.8373616360282442,0.8266328290237525,0.7533267822769091,0.8065409868547408,0.7375426964463467,0.026993624677147825,0.02479913142152978,0.025604034448422318,0.03054119114931622,0.02704702208703944,0.03150317335020742,6,11,0.0038477166371838436,0.06202996563906709
YGL048C,0.5308817707728141,0.5590817766441206,0.48824843323901623,0.3960296523939302,0.5607845500527702,0.2530509325299335,0.17744627855936476,0.17203022818843294,0.18533409918501836,0.20134161579848356,0.17169772678156228,0.22390883778176068,8,9,0.06829747060809885,0.26133784763806955
YHR058C,0.835550260757231,0.8202618308538219,0.805113875426894,0.7377970995085004,0.7679258728245248,0.722623987047281,0.02450557507460005,0.025619370877563132,0.02667710902909844,0.030943330059100035,0.029111304495813447,0.03182605101795674,7,10,0.003715777887263462,0.06095718076866303
YKR066C,0.4515915808613157,0.28906141575000943,0.3801528012772438,0.1677010587103125,0.325881641399683,0.002522528530676249,0.1541346967001156,0.1754948587287888,0.1638666883163344,0.18988384906293365,0.17088991461490521,0.20787387090722612,8,9,0.04408083868104202,0.20995437285525162
YGL225W,0.9071471006098144,0.7793853394555093,0.8809721342899863,0.7279353455357003,0.8747777955841376,0.8961762584761722,0.045169449035221784,0.06962484528687625,0.05114125503468302,0.0773184466456295,0.052455101402002643,0.04776341783388665,6,9,0.022358736349799638,0.14952837974712238
YER180C,-0.07029916055335428,-0.1622222709705352,0.07866471886618998,0.08971985387208126,0.12122383938149395,-0.003256860350756785,0.3379572020405938,0.3521710970108591,0.3135580569648079,0.31167118254191395,0.30623036144727844,0.3272014221257627,6,7,0.10858538234873295,0.32952296179285134
YKR084C,0.8894816886010269,0.8703929475400716,0.8944347885806486,0.5150171499613108,0.8437342291782166,0.438794186622663,0.014833076587310725,0.016063065701307284,0.014496879521458507,0.03107257961270921,0.017637866373882646,0.03342529118403842,6,10,0.0020257291396913006,0.04500810082297742
YOR092W,0.734798223374284,0.7322254497773775,0.7488869935922964,0.6166373358894568,0.7432419497411156,0.6184971312704731,0.027556934562458384,0.02769027951094595,0.026814968687549182,0.033131995796271435,0.027114695081048128,0.03305153197883834,8,10,0.0029136576304219512,0.05397830703553003
YOR286W,0.20775099880479353,-0.23103711428561535,0.032361022453334276,-0.07749542526022934,0.07774064848178786,0.10134424454389535,0.11733121572730043,0.14625754986380174,0.1296699661324797,0.13683287056021284,0.12659287243240167,0.12496241235600959,6,9,0.01768147856292886,0.1329717209143691
YLR020C,0.7253998339384531,0.7926522885504351,0.7138205997079028,0.6010197505770265,0.7671599369539508,0.5309815528491075,0.021864581088912087,0.018999421881463148,0.02232080985368915,0.026355208840317043,0.02013351568133759,0.02857496620415969,7,9,0.0017714735175459319,0.04208887641106533
YPL220W,0.9430044231924423,0.7711310254938407,0.8960888506104501,0.6130823120710849,0.9346538928250904,0.9125725184671946,0.08143382815456002,0.1631840608719251,0.10995509268242623,0.21217468523831493,0.0871955125678523,0.10085751387931564,5,9,0.11839181733354757,0.3440811202805925
YLR218C,0.7780116113043374,0.7592776272126154,0.7902976712769838,0.7671343889772022,0.7256500574999828,0.6238908458170298,0.028557370639656247,0.029737969831188454,0.027755861734554656,0.029248646097728603,0.03174720713091211,0.03717149605902313,6,9,0.0037381723031095627,0.06114059455966684
YDL194W,0.8443570438655107,0.8161629538391231,0.8468867304517043,0.7504412508013559,0.8192036871377014,0.7438629196382747,0.024994289091455266,0.02716392795489008,0.024790339163649873,0.031649179350474954,0.026938340491075574,0.03206359990661341,6,10,0.004084183481595836,0.06390761677293119
YDR266C,0.7160179950754045,0.7431607031953202,0.6489652459729969,0.6382766409469093,0.6809750599801958,0.6409061427120748,0.02226953334600024,0.02117856070729474,0.02475943693162395,0.025133558599429687,0.0236035879172986,0.0250420393769441,8,10,0.0017769882250515579,0.04215433815221819
YGR264C,0.9346820421657374,0.7571417135770273,0.9170015729219837,0.6499098410242765,0.8820452606389011,0.6388170673700693,0.041782331226004936,0.0805661910247883,0.04709895805504077,0.09673114310646325,0.056147970905898716,0.09825167851394094,6,7,0.027196052757733215,0.1649122577546412
YNL142W,0.7313303393180791,0.748923252176472,0.819236172135869,0.2281852499022855,0.7001942900516767,0.5955163551777888,0.40919361078161637,0.39556948131458003,0.3356412232625293,0.6935472716155976,0.4322544574983744,0.5020766375376615,5,9,0.6341502951997099,0.7963355418413207
YDR448W,0.7893041145968425,0.7884856480364413,0.7169528052385981,0.7014146894563704,0.7309190890939017,0.5661897765356798,0.02388128344278753,0.023927622949115965,0.02767955243140959,0.028429148689565295,0.02698802355605941,0.03426727164015266,8,10,0.002754307405391843,0.05248149583797934
YKL150W,0.34529513602772366,-0.13509697836904477,0.33242428873457597,0.1449432783145973,0.42191915867452723,0.10428587137588063,0.17311380309787572,0.22794254740094652,0.1748071439587627,0.1978364800555744,0.16266840256345227,0.20248535882462323,7,8,0.04657694131889419,0.21581691620189136
YOR172W,0.810690900333534,0.8532790021974679,0.8027782580957837,0.724960571509456,0.6971210067870455,-0.15869134726164535,0.023553413288573223,0.020735487179524382,0.024040611086375882,0.02839001265362751,0.02979220750030071,0.058270935378076705,6,10,0.0029818744456372374,0.05460654215052659
YGR123C,0.7644036395516669,0.4641089342014427,0.7464803381376743,0.5143491309127045,0.5312668895566852,0.3966412331757868,0.024360486722623188,0.036740065908606595,0.025270131167498766,0.03497548599363822,0.034360896701078975,0.03898427719716304,8,9,0.0025630464875380852,0.050626539359688465
YHL029C,0.630226310082866,0.5519234552112704,0.644889120805379,0.3948112926354761,0.6078718287271132,0.5710521157472737,0.02999497186447989,0.03301844077137371,0.02939425410138652,0.03837300967743434,0.030888333476683322,0.032305965161228814,6,10,0.0024757913920528643,0.049757325009016154
YJR140C,0.756598952113503,0.8013861465125943,0.78415880269135,0.5984788435599686,0.7552958753253592,0.6337402602583606,0.027832207345260724,0.02514150075511842,0.026209190053386698,0.03574708608064551,0.027906609433007126,0.03414137600743297,7,10,0.0032383664882762162,0.05690664713613179
YML087C,0.8098360832973971,0.760905033182751,0.7932292795363417,0.3214700622074337,0.7143161832721744,0.6124461397715443,0.02632221594324608,0.029515055741715885,0.02744750742973053,0.04972134840890746,0.03226273719654957,0.037577200697798234,7,9,0.0037074040457066274,0.06088845576713723
YAL012W,0.8260666000128936,0.9436468187451275,0.8361113166503802,0.7559883626885591,0.8646013514166616,0.8021446801960669,1.169303105419697,0.6655716712623408,1.1350371934766992,1.3849716364852276,1.0316746864776596,1.247123536931902,5,7,7.9987911527337285,2.8282134206480474
YBL046W,0.8091697767882209,0.7518843185602306,0.8232252421108642,0.636212582133219,0.8036103643504939,0.6386682656300144,0.021888963885240885,0.024959089151671693,0.021067439291607565,0.030222157372452103,0.022205517955438858,0.0301199799474068,8,10,0.002554796950106229,0.050544999259137684
YCL047C,0.7493309441024242,0.7444973363908718,0.7052009929011882,0.6539620360660565,0.6474610529340188,-0.11099751331001317,0.02516583045753346,0.025407306093693547,0.027291280428261275,0.029568056387615116,0.029844510167873504,0.05298067013039361,7,9,0.0025708393896315333,0.05070344554003735
YBR057C,0.8608721676259607,0.9070975326224873,0.8392755062803521,0.7931873040448345,0.8788981117348883,0.669652483645746,0.06228917030534753,0.05090016157207275,0.06694938160290269,0.07594411660329553,0.05811403011525352,0.09598227946118532,6,9,0.028376851746364735,0.16845430165586373
YOR083W,0.8600811272606469,0.8784062367493135,0.8023278275956712,0.7302787627370824,0.8464170543188139,0.7354817948813503,0.02952047251120481,0.027519516904121733,0.03508794417834058,0.040986678714574454,0.030928342944647434,0.04058942877291735,7,9,0.006337579927436219,0.07960891864255047
YLR295C,0.7462264723045098,0.7638809074119126,0.6832400981118703,0.6378615685948539,0.6714525634597571,0.5445116452217711,0.25709919472259657,0.2479951061656592,0.2872385051068844,0.307124785384467,0.29253416830742535,0.34444207510202807,6,8,0.26503806598403484,0.5148184786738281
YLR273C,0.901993529780431,0.8706216144141641,0.8582435420857507,0.800691966083233,0.8739634536474917,0.7944346130607185,0.03878817647937756,0.04456591757393614,0.0466491156847384,0.055313914163856344,0.04398658400129769,0.056175504824984505,6,10,0.015620578571045492,0.12498231303286673
YOL018C,0.8225531142241272,0.7577742165497009,0.795787722442426,0.6798549574790332,0.7630159197520658,-0.1855945264438572,0.02202193628608006,0.025729508818799703,0.02362447877019912,0.029579763779976738,0.025449596275248332,0.05692321274957621,6,10,0.0027809665152265187,0.05273487001241701
YER073W,0.7524671690188747,0.7431617534891114,0.6940081068763271,0.6258518695670388,0.7689223192039003,0.5138132915795413,0.055863152773139184,0.0569034877618041,0.06211035312279112,0.06868008561205145,0.0539744267115012,0.07829077262597404,8,9,0.0128283622207955,0.11326236012372115
YBR119W,0.8286940089869607,0.8130587875699595,0.8365612318929244,0.7602244313053957,0.8080921353363402,0.7353880034832514,0.03070618686067148,0.032076881530748565,0.029992809752955502,0.03632804923665631,0.03250019743004261,0.03816316433299602,6,10,0.005600571721070614,0.07483696761006965
YGL247W,0.7176111818282538,0.7437150236608718,0.6283264735429757,0.5515150693152846,0.6036220053398536,0.6426669031508214,0.025614826579296427,0.024402214822911317,0.02938654211844604,0.03228060008783394,0.03034746645724336,0.028814049213390057,7,10,0.0023642232388517573,0.048623278775209694
YNL074C,0.4812836130337619,-0.33742428410404113,0.3918085765934286,-1.2816288489045986,0.2466684118055239,-0.1410432429980384,0.06030465363913134,0.09683234417309021,0.0652989186020979,0.12647606440357448,0.07267397790529724,0.08944105125581779,7,9,0.007133863981645624,0.08446220445646457
YOR344C,0.5883693999425236,0.6984597566052626,0.5682978982468526,0.5193632317851926,0.6287535944672937,0.47395169167762996,0.08259534371240225,0.07069266907972653,0.08458509087482115,0.08925041293162948,0.07843914794316162,0.09337154668319067,8,10,0.016863845523572597,0.1298608698706912
YLR308W,-0.09116470341634586,-0.15200289322843918,0.022716302562527546,-0.06274166991258578,0.08848716501504739,0.01743572710456409,2.041422961332504,2.0975611257608295,1.931960166365706,2.0146596828523116,1.8658178125310332,1.93717263312208,6,7,3.8862328571407327,1.9713530523832439
YBL074C,0.8304088581545371,0.8159445730450648,0.816180921697369,0.7250440922523105,0.7781018296208084,-0.24002709339395878,0.024761146868398105,0.025795472520846296,0.025778905001618255,0.03152831070281158,0.028323442320927466,0.06695526929218934,7,10,0.0036786755506855924,0.06065208611981613
YJR097W,0.8282527918180206,0.8230544157765135,0.7932273376549073,0.7439147373805237,0.6886176006996395,0.6933521178864215,0.025570888219519552,0.025954988165855106,0.028057406898503112,0.031224339742376102,0.034430870350245994,0.03416810991117339,8,9,0.0038739595279420527,0.06224114015618651
YLR381W,0.7988904695440942,0.7680906929059332,0.6986642317080985,0.6360789073385873,0.7653194570523132,0.5922682716335704,0.02496215367079516,0.02680555574086416,0.030555617792660084,0.0335791223056108,0.026965238669545127,0.035542909889495274,7,10,0.00315271411216672,0.05614903482845204
YER083C,0.6722030293698453,0.5391163991383252,0.6940259861992817,0.5330586483254695,0.6193376773059844,0.5371914135848317,0.026564989228218434,0.03149943790052265,0.025665483381520436,0.031705772886659045,0.028627084696242217,0.031565151650897225,7,9,0.0021906222300724534,0.046804083476470866
YHR071W,-0.22299615383503002,-0.925261558401379,-0.07653238660488526,-0.5893869073311142,-0.1312526699068528,-1.2072926244458593,0.16551170027352713,0.20766390872587515,0.1552850707957784,0.1886822168140949,0.15918273531240165,0.22235459598195792,8,8,0.022792158003011688,0.15097071902528544
YNL230C,0.8174665601595069,0.8351083660939265,0.7917657384534696,0.8030352922776312,0.738218730631867,0.7314278577320823,0.024876227459592736,0.023643545964363077,0.026569867807586432,0.025840892424040286,0.029790828732421646,0.030174757029029012,7,9,0.003449687365855403,0.05873403924348642
YNL192W,0.9030507857785341,0.8210979990550932,0.8468809934705065,0.6716783959543586,0.9135939410747287,0.7124042978245675,0.04779676313635618,0.06492828607314992,0.06006768452310498,0.08795814674143598,0.045123049076573524,0.0823223075871463,6,8,0.023977605889844985,0.1548470403005656
YDL198C,0.3278344684532518,0.36497261270593495,0.28653406778214596,0.07803380564269446,0.2986169545932753,0.3749811619526019,0.059095030683224005,0.057439291095657284,0.060883479382963256,0.06921023787829231,0.06036573252804146,0.05698484836345304,8,8,0.005286628886391497,0.07270920771395806
YLR154C,0.7572863273845842,0.703379570917392,0.6261066523536627,0.27686126388912136,0.6976141103941595,0.6634845240533349,0.040002755156387945,0.04422250223136884,0.04964970269032967,0.06904839627172811,0.04465021391678137,0.04710264595471263,7,9,0.006708705138090482,0.08190668555185518
YJL092W,0.7781594071034139,0.804252649300732,0.7424761920609873,0.5377872386497221,0.7458085561191969,0.6172544921132848,0.024584282610577563,0.023093245769537692,0.026487789955862616,0.03548607752788294,0.026315855627505158,0.03229178722870358,7,9,0.0027722168575969393,0.0526518457188059
YDL043C,0.8152168614069362,0.8419704362352735,0.7674781584663639,0.7233631362736912,0.7222477633287175,-0.6525585009428858,0.02503790193340903,0.023154528136784914,0.02808656585682945,0.03063527551814631,0.030696972618072277,0.0748764396459515,7,10,0.003452126221458219,0.058754797433556175
YHR070W,0.7784990208026683,0.7291155942543929,0.74744163547789,0.6675490442827448,0.7103960614404055,0.570516365064664,0.024323819148266715,0.02689898808949041,0.025973161666984174,0.029799414653161167,0.02781289347407323,0.03387016017912237,8,9,0.0027179472196237862,0.05213393539359738
YKL141W,0.6090608269228915,0.6808483287698383,0.5614727284074015,0.5480972289078738,0.387743484454004,0.5521813718218302,0.2656469019495816,0.24002071320075935,0.28135100049411677,0.28560950901168164,0.332442751521838,0.28431595911121516,6,8,0.18367644226871707,0.4285748969185165
YML056C,0.8923820419568053,0.5052444534420729,0.8816886427071565,0.6518394888197134,0.721356953381386,0.707556205417188,0.09344549385070712,0.20036013963513663,0.09797814396739105,0.16807601612749887,0.1503626928262874,0.15404130708217917,7,7,0.08256293394970007,0.28733766538638833
YKL014C,0.7403327398433164,0.2550201348228962,0.8002557856748002,-0.03173048294415537,0.44518022776793187,0.12277095669961868,0.03101342472103505,0.05253072521349866,0.02720058430009676,0.06181932518661564,0.04533327489629036,0.057002989134484594,8,7,0.0037690803490186423,0.06139283630048902
YKR038C,0.7210023096350535,0.6017743745393845,0.6792203972582918,0.5771825352885223,0.6144912637184167,0.48868378372059196,0.02363650319019415,0.028238883678284782,0.02534464984757711,0.029097748232046975,0.02778433681840665,0.0319983589707343,7,8,0.002037600243093839,0.04513978558980801
YDL081C,0.9381251703100769,0.8510004148295538,0.8815159279635788,0.7126223494135651,0.9283631503759259,0.8815217525262175,0.5761058795901082,0.8940006383952864,0.7972146759262704,1.2415716696790742,0.6198884415721321,0.7971950805333854,5,10,5.458128254228682,2.3362637381572915
YIL036W,0.8171165404617257,0.7239099836366027,0.7976461297010106,0.704760821764436,0.8078408851053815,0.7176848350287292,0.023908673305995533,0.029376064611607175,0.025149191111364346,0.030377725780719365,0.024507485723780323,0.02970539743430968,7,10,0.0031804580004951323,0.05639554947418397
YEL001C,0.8123527706680531,0.8019412450792698,0.798715739151566,0.5998816618037657,0.8320172101428847,0.5651046031298659,0.04513471561857125,0.04636995287870727,0.04674600926970443,0.06590735160545193,0.042704341274799225,0.06871191266645213,7,10,0.011046695996531216,0.10510326349134558
YGL234W,0.759603130375594,0.703169114041216,0.7454907025367182,0.5394100630289169,0.7400070818029628,0.5247274465369447,0.1311768090815111,0.14576296789951723,0.13497224896845655,0.1815724195776305,0.13641854639219747,0.1844437849495629,6,8,0.07283471990896065,0.2698790838671286
YEL005C,0.7351113270094178,0.7884620248191356,0.6207253785246325,0.6774394132604891,0.6588825069569109,0.5138892101496042,0.032243488093305066,0.028814062591397446,0.038582220215418656,0.035580821742222477,0.036589992407391664,0.043679529753219606,6,9,0.003993684799781741,0.06319560744056299
YPL099C,0.7441556247917662,0.7232189281207881,0.6614819588086984,0.7762483763334233,0.671003568461531,0.6804221605628904,0.03660772283827821,0.03807614495029408,0.042109073655049546,0.03423480636098369,0.041512641764310555,0.04091410978377901,6,9,0.00532994458730025,0.07300646948935587
YJR021C,0.8159249093264007,0.8122681402166347,0.7426261288110638,0.7537051150408701,0.8250213446298722,0.782543522337439,0.04247263488002111,0.042892433236292236,0.050221990331249335,0.04912916567956617,0.041409904611214014,0.04616340844873323,6,9,0.009971868050850497,0.09985924118903818
YMR201C,0.7461999812629503,0.7666088529391084,0.7621812683871035,0.7124836329089941,0.749151578035709,0.5721084858385552,0.029559035151902478,0.028345662920519765,0.0286132677177052,0.031461231269411784,0.029386652384975676,0.03838055636128132,6,10,0.00350301499227186,0.05918627368125028
YBL018C,0.8101276217966298,0.7618090432129137,0.8038093890904662,0.6901015829675341,0.756389950597302,-0.8422907715355321,0.02591121730540304,0.029021479981855426,0.02633880283385544,0.03310294256011482,0.029349757781524162,0.08071160987311951,7,10,0.003598048233151094,0.059983733071151
YDR170C,0.9282270720007975,0.797429631455401,0.8897376284425832,0.7164194338140792,0.8961245344972119,0.7660475359337926,0.026487019263818183,0.04449802284209054,0.0328296626545949,0.05264910442808044,0.03186465693018919,0.04782077028637719,7,7,0.009946233461134664,0.09973080497586824
YMR062C,-0.055497525429595296,-0.738419779417,-0.15856340818472137,-1.2592385065887925,-0.2323294926754753,-0.5644418315536177,0.05677170852532382,0.07285857652698571,0.05947894524917418,0.08305855962152407,0.06134324920691248,0.06911671117487037,7,8,0.003107133026137083,0.05574166328821811
YCR076C,0.8295405016804893,0.8164772771025464,0.8171158549365469,0.6616652640705449,0.7913648941358853,0.7357607268436253,0.032918551481715325,0.03415663161185004,0.034097154849774,0.046377080705389005,0.03641864698398369,0.040985364020913004,5,10,0.006468645709130965,0.08042789136320164
YGL203C,0.48943568832438256,0.35700975930627565,0.4743319918968678,0.3670797993698274,0.4032421000911408,0.44051701317375114,0.0314564431685351,0.035300965040366034,0.03191833002586633,0.03502344530422787,0.034008186679386924,0.03292894599314532,7,9,0.001972068121586416,0.04440797362621285
YHR068W,0.9219876260148078,0.7739671465615591,0.8845487128791337,0.41960687797657026,0.8952763954121016,0.7614663404542122,0.04017162959265197,0.06837911668806768,0.04886940957741742,0.10957180883268793,0.04654360236851232,0.0702445343789559,6,8,0.021048858227322182,0.14508224642361375
YMR237W,0.8378120151628348,0.7529961999089045,0.7912762634913166,0.6424914134165535,0.8750299286633088,0.7226794906159479,0.0324462277554234,0.040041163716525024,0.03680787910858339,0.04817238093890134,0.028481173692026848,0.04242734622880047,7,9,0.006604848872668896,0.08127022131549105
YJR078W,0.6657552815712787,0.750638769642664,0.6485404060481443,0.6458669615934445,0.6417640450049513,0.5851041614337326,0.03678919518848248,0.031776237769488104,0.03772469280002155,0.03786790101734579,0.03808663436377724,0.04098807760999281,6,9,0.004120303040699793,0.0641895866998674
YLR078C,0.7047070597649658,0.7139273268298202,0.6379431611509376,0.5544605173644773,0.7218270183547175,0.5578187938360742,0.025191661109372907,0.024795248224941262,0.027894504473782358,0.030943780473377407,0.02445050007972236,0.030826939725438787,8,10,0.0021868232591411465,0.046763482110950064
YFL003C,0.8993221301467923,0.925759601231519,0.8323815078610868,0.8076799350744087,0.7633490948026472,0.8300464846696357,0.026676370501201037,0.022907615211954745,0.034420779107591,0.036869905967133125,0.040899106141543067,0.03465970065359802,6,9,0.0071923796060114,0.08480789825252952
YOL102C,0.7671170108590346,0.7582192296466159,0.7422896269759011,0.7196176819826607,0.7646461410707343,0.647568335917992,0.02729046654001056,0.02780692434213941,0.028708336396120727,0.029944522192674586,0.027434859379211102,0.0335721795399873,7,10,0.003254147928400072,0.05704513939329162
YBR160W,0.6996623791553802,0.1788426505141616,0.6697390976623083,0.4261676693943294,0.3407735268813247,-0.12871979760713614,0.04911303497436344,0.08120917462759543,0.05150157207529178,0.06788665516593834,0.07276277004750763,0.09521052846637865,6,8,0.00817216161431116,0.09040000892871172
YOR237W,0.818752014296862,0.8591576322282088,0.798390881876007,0.7205413764397874,0.8156566567036683,0.6737667185916317,0.047119123811886016,0.04153624863833012,0.04969534348074462,0.058508554618003424,0.04751977126895508,0.06321566981237946,7,9,0.012464485631392684,0.11164446081822726
YJL082W,0.680233307259849,0.47648808675553034,0.6225304205080388,0.3454302728776866,0.6471468193244185,0.46409863997734646,0.04984037206754366,0.06377169314780898,0.054150895353496147,0.0713087167605844,0.05235542404730293,0.06452189183477901,8,8,0.007904646707654865,0.08890808010330031
YBR042C,0.7328921047483525,0.7448797455838448,0.6585634025003219,0.5804041126803954,0.7320973525711936,0.5016292367521902,0.023344723156201577,0.022814861415724277,0.026393707555867223,0.029259100914226552,0.02337942727678044,0.03188758606213338,7,10,0.002076078967693717,0.04556400956559593
YLR330W,0.574729647324135,0.24077508430628403,0.5487698901367015,0.18535357596351165,0.511692149409416,0.40671529828335373,0.035311397381645224,0.0471810472703746,0.036373189604152305,0.04887276704972891,0.03783808982813684,0.04170747763217276,7,8,0.002983443647475569,0.054620908519316745
YPL174C,0.8309401554959751,0.8379357241380285,0.813307675522984,0.7286874203071543,0.74834386129985,0.6833139241741631,0.02289387479154933,0.022415205109798664,0.024058154093854804,0.029002406548067204,0.02793205156094583,0.03133383520420691,7,10,0.0031546507035650965,0.0561662772806343
YOR328W,0.6926545102547322,0.6509376143530722,0.7026348624791944,0.5100426650054606,0.6946312646944752,0.5724900110660395,0.05490505345979797,0.05851273830063678,0.05400623754063176,0.06932310848392871,0.05472820218076565,0.06475480947627017,6,9,0.009980468564526841,0.09990229509138837
YHR193C,0.8723175602202213,0.7103373692222352,0.8093700787978937,0.7262590150060012,0.8559549821279456,0.7978898080874487,0.16266451429766365,0.2450041663963437,0.19875715360567645,0.23817553380386786,0.17277319135305366,0.2046545203468748,6,9,0.2108665083227874,0.4592020343190864
YIL109C,0.8248270919636917,0.712068408203944,0.7634542877674082,0.5850270562286539,0.8171322925093453,0.5809193927908832,0.12708389349999297,0.16293024147726104,0.14767758517980792,0.195599136364164,0.12984509614422166,0.19656483417192372,6,8,0.09381390677534626,0.30629055939637817
YKL145W,0.5982795489858034,0.6267766758850306,0.5647278222904193,0.46838557977706585,0.5676546640912086,0.44849091911534833,0.3020916811270236,0.2911797598516308,0.314454091097303,0.34751629356167824,0.31339508732018917,0.35395913823397257,8,9,0.231156829065768,0.48078771725759384
YLL029W,0.14573402220135923,0.4701745590753398,0.04148581870461865,-0.009763047223600552,0.3257592036881204,0.44007515647382,0.21670701777758125,0.17066435531404986,0.22954915148510177,0.23560589748250965,0.19252358221849522,0.17544511848050365,6,8,0.055937876881423154,0.23651189585605023
YBR030W,0.7957276495184361,0.7737613374586605,0.7788811197166903,0.6648340026209425,0.768476640230968,0.5563972031302795,0.024733043364057256,0.026028921773623728,0.025732719090969285,0.03168128164281251,0.02633117102561493,0.03644768119529356,7,10,0.0030471839319024157,0.05520130371560454
YLR385C,0.8561878995696056,0.8494933922462673,0.853824432684972,0.7057176620323321,0.7889630166887593,-1.3291884705726171,0.02662806525906293,0.02724078895844706,0.026845981833499094,0.03809114230535351,0.03225679268801369,0.10716283979204158,8,10,0.0050169172042919975,0.07083019980412308
YOL076W,0.7023846136763154,0.5469844561811887,0.6624868454729885,0.40014490457741936,0.6441840819787891,0.243277724179921,0.02542299149823008,0.031365738266652086,0.02707349440876405,0.036092929932553384,0.02779787827272153,0.04053845767981661,7,8,0.0022097902977283304,0.04700840667081081
YGR206W,0.8595408443611682,0.8782224368816108,0.8540704056374664,0.7600569277374389,0.8483423075807972,-1.7909728304442218,0.022728007166292464,0.02116264615869311,0.023166371613278877,0.029705744313969825,0.02361666410587035,0.10131275734411392,7,10,0.0037421897064859226,0.06117343955088616
YKR064W,0.7716608291683674,0.7687171243103024,0.7445040795654636,0.608929871910502,0.7079756457293963,0.5910276660930602,0.02643455342532161,0.026604402363299424,0.0279623555238632,0.03459466185703005,0.029894500707966586,0.0353776298059598,7,10,0.003113986132809804,0.05580310146228258
YNL257C,0.8175232983388667,0.7440586008411141,0.7519459877387283,0.4315949193797446,0.7256194371559678,0.5873912656231345,0.02449744688382759,0.029012648970738544,0.02856210698800606,0.043236057836544085,0.03003957506146988,0.03683717541245207,6,10,0.0033464733050941955,0.057848710487738576
YPL125W,0.8175328964786924,0.7644221816674012,0.7708792550072991,0.45819253756425893,0.8407916378455308,0.6245597564610288,0.02175183022952614,0.02471557471687469,0.024374500371225297,0.037482280560398436,0.02031825718329395,0.031201388951815238,6,9,0.0026385186587677125,0.05136651300962245
YBR040W,0.843294609232196,0.4510372504677512,0.8163583208170345,0.5849697102419473,0.8659469768126327,0.19269190343274079,0.029238266149109744,0.05472440957756651,0.03165157125943569,0.047582750593045904,0.02704256940811915,0.06636350277519937,7,8,0.005551015388457241,0.07450513665820123
YGL011C,0.6346837204890099,0.6443894284971379,0.5761188501737142,0.5088126489476388,0.5915724584618234,0.39198004895755967,0.18575095646800402,0.18326683396550159,0.2000868732482228,0.2153873202033986,0.19640568565258215,0.23963787551031057,8,9,0.09610505449025644,0.31000815229644596
YOL051W,0.5549587112163858,-0.3949776946229193,0.4840192184866723,-0.34058976702597343,0.4158547772132728,0.5297977789293663,0.053570573331649836,0.09484398076462604,0.057682344644003125,0.09297669235195805,0.061374300691687464,0.05506409175192308,7,10,0.0065615345813992134,0.08100329981796553
YMR282C,0.7169574504335983,0.7050971117311772,0.6831471062545122,0.5455178612076621,0.6736121446916408,0.4342924771617399,0.02549004326589672,0.026018617815388452,0.026969540537904128,0.03230004436639333,0.02737232602378012,0.036036340835619844,8,10,0.0023358371189397234,0.04833049884844686
YDR071C,0.6662087714181804,0.7019454801536964,0.6466485458759799,0.527281486288466,0.7476820708326531,0.45739285953110254,0.05623878493031647,0.05314303152618234,0.05786312840830354,0.06692675596978888,0.04889590905076315,0.07170364301245805,6,8,0.009641621440244778,0.09819175851488136
YML041C,0.8118036195868823,0.8257556664324561,0.8085465136713923,0.7649305385238422,0.7577381062128741,0.7356403213321147,0.02514871591250175,0.024198559485496898,0.02536540619470754,0.028106598379272957,0.028533348165429805,0.029806280861836967,6,10,0.0034195857724679383,0.0584772243909365
YGL004C,0.8336254828752083,0.7871764268698552,0.7867483897916829,0.7845921124170838,0.7841119397872309,0.7553309927144007,0.02326291640654602,0.02631059207534194,0.026337037106564997,0.02646985467725039,0.026499340655307277,0.02821046442986393,6,10,0.003309745878642586,0.05753039091334758
YOR210W,0.9293897890525411,0.569342600505594,0.8814818120771002,0.3636208556290832,0.9103992444646587,0.7837511941568991,0.056941854713619816,0.14062541309943874,0.07377179585831664,0.17094477211754827,0.06414365312041019,0.09964940580008151,5,9,0.04672495015519488,0.21615954791587366
YJL013C,0.8222767014229431,0.8896869679219042,0.7873143430601208,0.7286454679769407,0.7850482440887689,0.7512593005146426,0.02473960752678495,0.019490996070426255,0.02706385914734283,0.030569558232347728,0.02720765560133913,0.0292680675465156,6,10,0.0035042443671948467,0.05919665841240405
YCR094W,0.7405934916349439,0.8423603260211097,0.705987274554369,0.6311835244045988,0.7809652188399914,-0.04147930892166585,0.030048651867983077,0.023424337788390943,0.031990249118165844,0.035829414792641144,0.02761156989108872,0.060208787482792486,6,9,0.003541785487870286,0.059512901860607384
YER147C,0.8248741766979137,0.831357474981691,0.8341324244373458,0.6388339500305333,0.7951755134411396,0.6088383874751722,0.023705562087988265,0.023262624501125005,0.023070441770551283,0.03404306249933416,0.02563693485769022,0.03542854169495587,6,10,0.003265152445881443,0.057141512457069624
YGL104C,0.7098421667023505,0.44652326893701766,0.6233710300052154,0.4666709533664086,0.7201017019643587,0.5556587105369348,0.03572037245340673,0.04933424797496686,0.04069637158897664,0.0484279903763219,0.035083180482269,0.044203551551552964,8,8,0.004474564734643173,0.06689218739616139
YBL015W,0.18487910686219444,0.41574817440572,0.24241947825434873,0.1020873488628643,0.4238026615274899,-0.0800918803922539,0.787111175558717,0.6663848348745797,0.7588212180361102,0.8261180502745163,0.6617755079210952,0.9060567845876933,6,8,0.7733984014227517,0.8794307257668177
YBR294W,0.8358660582659545,0.9486109953102542,0.8624184180549728,0.8584804906574836,0.8182109851896028,0.883289084643944,0.4413948665242197,0.2469807934013703,0.40411803041152033,0.40986066028579843,0.4645279995058796,0.3722063823782646,5,7,1.2078396841216268,1.099017599550447
YPR116W,0.8483574184915301,0.853405497580205,0.8329072644329139,0.7656000884717821,0.8203924845160748,-0.3605797345852717,0.026786655844477484,0.0263370273783204,0.02811814705572939,0.03330325134408144,0.02915212154389072,0.08023611872945297,7,10,0.004814697037980119,0.06938801797126157
YNL098C,0.7953692380694678,0.6861349034020401,0.7833614392019534,0.6618010214560494,0.7494797031954982,0.4052263968611044,0.059663674014402625,0.07389176558577512,0.06138926213394489,0.07670270468611567,0.06601551129569994,0.10171860028059303,8,9,0.01770117936927552,0.13304577922382776
YGL095C,0.7881322526037213,0.7120240910146463,0.7924101998428992,0.6515409357048692,0.7588893395797704,0.677020938555533,0.022638794855789308,0.026393619921934987,0.022409072666838618,0.02903332412564079,0.024150664558427112,0.027951689517218832,6,9,0.0024614719830183696,0.049613223872455314
YGL080W,0.7811978777786408,0.7938266360727327,0.746504837601668,0.8545758202962381,0.748064215834293,0.6228959493134427,0.10089050119857504,0.09793564613852723,0.10859488066790808,0.08225131042983624,0.10826035412201965,0.13245096085815522,7,9,0.047337156519297936,0.21757103786877963
YER052C,0.6442265366816542,0.5282616091864325,0.47572959425587824,0.09991174430663463,0.46353099380941676,0.5890342025237019,0.08550469746858971,0.09845863478189347,0.10379606050739795,0.13600214139058814,0.10499666796029958,0.09189799551537774,8,8,0.02091026495512189,0.1446038206795446
YNL148C,0.6172419506254312,0.3889968398914393,0.6087722499872781,0.3757504152206613,0.4888898432443646,0.5040563738797592,0.030028333225829915,0.03793942883889739,0.030358750031007558,0.038348483236356055,0.034699747609904005,0.034181035615446456,8,8,0.00239712818590461,0.048960475752433306
YDL138W,0.8253036652051273,0.7769036083482811,0.8531783287964068,0.717941614915042,0.7975640406241225,0.6432049248490883,0.020025469426544484,0.02263013171625444,0.018358444894794212,0.025445460574176963,0.021556817191320413,0.02861872188809736,7,9,0.002335795165677597,0.048330064821781454
YDL045W-A,0.8777266753419236,0.706748592245607,0.8694358910812622,0.6125010706404893,0.8671605186378213,0.4171678025701492,0.051577452657056926,0.07987559042655568,0.053297388921753355,0.09181830727992793,0.053759796274112356,0.11260710576524624,6,9,0.022138143339678677,0.148788922099996
YNL231C,0.43237440099726676,-0.05522329232275247,0.6276889208228936,0.2835636266759719,0.12176609554945028,-1.2852349431756869,0.16353114162864743,0.22296755242037164,0.1324410032944661,0.18372078626888103,0.20341106871533968,0.3281216676088428,6,8,0.04793934566006683,0.2189505552860436
YER142C,0.6035847351800581,0.645033827550491,0.639271424755411,0.6806882308901668,0.5784603129234044,0.5221114918770722,0.04620404459336685,0.04372182618396771,0.04407528028776144,0.041467921957482515,0.04764573642982824,0.05073037855666194,7,10,0.005479775382382664,0.07402550494513808
YPR094W,0.8589681147644327,0.7910584204177613,0.8424369558996894,0.7455627356606889,0.8242111243981718,-0.24368785051907982,0.022565590382722146,0.027466320380108992,0.02385147415970853,0.030309474275410263,0.025193223464957577,0.06701063612078882,7,9,0.0036739160421717498,0.06061283727208082
YAL019W,0.785117870420015,0.7881318875973631,0.7781544153067628,0.6926429631945938,0.79105439643158,0.4301168002120479,0.023251641176028116,0.023087997205722445,0.023625382974830914,0.027808338595740403,0.022928206331672085,0.03786573485854667,8,9,0.0025601184704703702,0.050597613288280406
YBL013W,0.8847668410995196,0.8390082116177547,0.8488044243347894,0.7773463108453514,0.8558718810365673,0.7261621125345032,0.022488599315239916,0.02658125827575463,0.025759843150934034,0.03125997458270257,0.02515058158557834,0.03466733368799995,7,10,0.004465812486255692,0.06682673481665621
YBR267W,0.5477786696103332,0.21892961795179033,0.6035758302622749,0.11567367935285733,0.48152935437999633,0.0007545524429086736,0.03461954428781535,0.045497853714009544,0.032413496955413526,0.048411897017649336,0.03706874745384403,0.051461437602075825,9,8,0.0026967754634998533,0.051930486840581935
YJR116W,-0.712520075078884,-1.0489607617398287,-0.2229466748008717,-1.5680391616380969,-0.3604206534685479,-1.6448783961494708,0.1301924405441848,0.14240812008647974,0.11002001323780353,0.15942952557508078,0.11603915054292678,0.16179712012795505,6,8,0.010071380477573902,0.10035626775430571
YLR369W,0.8519939269127172,0.8807280181371011,0.834206642386769,0.8152082546346076,0.7517005836017999,0.7021939489617106,0.019902279716549336,0.01786620346618212,0.021064280101959706,0.022238441161766893,0.025778100179172907,0.02823123106559124,6,10,0.0027231982124881525,0.05218427169644272
YJR104C,0.7204635295255446,0.764941525326832,0.7837304899891866,0.6738426913615226,0.8038279332345227,0.6848983658173775,1.2524398421361982,1.1484857022367296,1.101628807756993,1.3528548206333724,1.0491950184880923,1.3297284596234291,5,8,5.709898787869876,2.3895394509967556
YHR163W,0.9169795766862784,0.8873421956636228,0.8736658803381181,0.6886369258833975,0.9117698502147642,0.8568226718518411,0.045648684207080986,0.053176093994046915,0.05631137360895833,0.08840347673201161,0.04705917403361816,0.0599477543376519,6,8,0.02554022518216063,0.159813094526577
YKL045W,0.6950637015057164,0.44000202069552485,0.7306051374545353,0.3793319494497688,0.7183496007909247,0.4092703234815589,0.02793705384137454,0.0378590116984747,0.02625854738142726,0.03985710380980403,0.02684919247357689,0.0388839554785918,8,9,0.002604385226995922,0.051033177708192164
YOL049W,0.43642974751108443,0.1307601359102738,0.31226181235190964,-0.09542867904375818,0.0874590057566127,0.3969761525815855,0.062214477193206524,0.07726578885922522,0.06872725451741239,0.08673801493798913,0.0791668959565561,0.06435535183765487,5,8,0.006988564674077794,0.08359763557707714
YOL045W,0.7250600510315486,0.813587741559572,0.6934463377526855,0.6225734912866281,0.7049243198487289,0.6083164218307279,0.03104119752455133,0.025559760350960588,0.03277727145648975,0.036369367088023005,0.03215779422925029,0.03704991579644135,7,9,0.0035660893867121815,0.05971674293455883
YOL038W,0.4683546431135224,0.5042320975969482,0.4436899164614354,0.45616546540937564,0.3746618928404357,0.2697793196343179,0.25337601509703356,0.24467730697293674,0.2591868448347396,0.25626416496975163,0.2747969678324558,0.2969487853112201,8,9,0.1228745996398168,0.3505347338564565
YBL056W,0.8820976595791631,0.7562304741458353,0.8487393662493181,0.6982660807331629,0.7590102129580583,0.3049334350543996,0.0378921580412374,0.05448511015007294,0.04291914727685549,0.06061780326662806,0.054173568708946906,0.09200285955226051,8,8,0.012391657230003681,0.11131782081052288
YOR033C,0.14588945965653843,0.09897422484195839,0.14051477998415607,0.1514058005212331,0.25337138373982515,-0.04475264190296757,0.10307869364029133,0.1058718428369088,0.1034025077716659,0.10274528345808595,0.09637495334885343,0.11400361011856329,8,7,0.012658343257864243,0.11250930298363884
YIL129C,0.8813418640678837,0.7708658637855709,0.8641859287282285,0.6258081875446002,0.8529846067944855,0.8139045566851495,0.025902513915079747,0.03599465807089219,0.027711851241396822,0.045998142599182945,0.028831986095022993,0.032438519488900724,7,9,0.005753597112709029,0.0758524693909765
YGL164C,0.7628059979622821,0.7321942896729873,0.7270193965707228,0.5904551756856231,0.6765414816225895,0.6596888172691419,0.02653241278981169,0.028192579292326863,0.02846366299218311,0.03486387172087612,0.03098376503195987,0.03178066674046947,6,10,0.0030199720666339107,0.054954272505728895
YLR393W,0.8435654383876403,0.8394118525313086,0.7576823135861778,0.8707837276860231,0.8165544819897022,0.7372965616414365,0.02826346253795957,0.028636224284783927,0.03517641433321164,0.025687250163597974,0.030606422133276825,0.03662620228632477,7,9,0.005196024141808442,0.07208345262130861
YGR221C,0.7739997696199292,0.7689191594863218,0.743865913306818,0.6480543116449191,0.733510292701766,0.6090557187080264,0.027201359416479037,0.027505410902008677,0.02895808625632497,0.03394485770774697,0.029537680454167527,0.035776149798424535,7,10,0.003331389969831203,0.05771819444361719
YGL022W,0.8186639647353098,0.674817505079659,0.7403869943032384,0.6029014493905764,0.8289382961647641,0.7501581575369535,0.030318789864044505,0.04060068719332625,0.03627713887824106,0.04486616569627881,0.029447348877371958,0.03558790248909865,8,9,0.005158135515350604,0.07182016092540175
YDR506C,0.8812349541106003,0.9207521797981043,0.875081449195918,0.7742602687192459,0.7646511097677265,0.8605111303580113,0.025240118793069047,0.020617724720409413,0.025885737499218905,0.03479774297759079,0.035530649914767606,0.027353748630689644,6,9,0.005458172866954277,0.07387944820418109
YKL043W,0.41469785697074657,0.1583352684620415,0.44202181639722005,0.3482253406470195,0.3660322011099455,0.29082667896109904,0.07560714468407859,0.09066555923249339,0.07382124909896422,0.07978504892855819,0.07868761455648085,0.08322407457300304,7,9,0.009937993262708496,0.09968948421327345
YBL098W,0.6654433954267928,0.5886366681810987,0.681976017700402,0.7330602899059326,0.6635200857739805,0.6078296234578979,0.05213512046089176,0.057810718343204934,0.05083063242954233,0.046569563755662145,0.05228476372025497,0.056445973822058994,6,8,0.00826693061814355,0.0909226628412496
YGR134W,0.7540738203002898,0.807429683870279,0.7599790959125492,0.6229960557211978,0.742554219869366,0.6329035516345944,0.026518286939714673,0.02346592917551509,0.026197968614568634,0.03283341309659889,0.027132260158925378,0.03239911708021227,7,10,0.002909640315813279,0.05394108189324051
YHR047C,0.8792770618042671,0.7679511504788885,0.8511031163174501,0.5550109479535895,0.862557396177605,0.6325210025502104,0.028325717950221763,0.03927134157336115,0.03145783514078951,0.054382690657161975,0.03022363634000541,0.04941994860181567,6,9,0.0067627789749725754,0.08223611721727002
YFL034C-B,0.835570698523511,0.8327995063573663,0.7984609206084511,0.7493673779398303,0.7692853607734383,0.7344184370025839,0.023412629257886362,0.023609096091782227,0.02592031155680305,0.028905426445373764,0.027733083433022842,0.029754971826522966,7,9,0.0033921441715794084,0.05824211681918342
YGR059W,-0.033887044816562906,0.06871876843136415,0.058324123678797246,0.1254755897754406,0.1143184669634415,0.21422269535989213,1.4451077054415926,1.37152615909721,1.3791591734649795,1.3290754565784524,1.3375267139041314,1.2598342488722556,6,7,2.0553248728500217,1.4336404266237828
YHR059W,0.860672839291969,0.7063189407130475,0.8161072523499383,0.4847022823516153,0.8376562437992623,0.5851763424512579,0.029574444656576833,0.042937492032438136,0.033976685152469675,0.056875838751139725,0.03192394103032498,0.05103057513485184,8,8,0.006387788784755276,0.07992364346521795
YKL203C,0.7670589882132265,0.8190516475308498,0.6596713763159472,0.4609384075791667,0.7777993500039022,0.6495440672537094,0.026125510680951612,0.023026033188940837,0.031578467389799934,0.039743032753605245,0.025516110380936898,0.03204487028198715,6,10,0.0029815133431221157,0.054603235647002785
YLL063C,0.7557903568355955,0.7576236451299607,0.6848425089292429,0.6224440206309064,0.7537907685500376,0.6227890820459527,0.029213334268418156,0.029103475061872115,0.03318665960310779,0.03632372673922374,0.029332689819910874,0.03630712419239973,7,10,0.0035559249389716507,0.05963157669365829
YNL082W,0.8438428564781897,0.8518577216177718,0.8207068435627833,0.6499091041248826,0.8322093961450876,0.7381460858306819,0.023473957341010883,0.022863614702502075,0.025152852232636875,0.0351476094073307,0.024332638355102285,0.030397293581168695,7,10,0.0035905741820108665,0.0599214000338015
YAL035W,0.9079593550190332,0.691768385007175,0.9315397167072282,0.6854732340572367,0.7987664312096281,0.650772212459434,0.10497410514171028,0.19210158376315412,0.09053399823376738,0.19405335656581332,0.15521817366751509,0.20447807632356388,6,6,0.12182540023385971,0.349034955604535
YPL273W,0.9189003671143854,0.7043521874233627,0.9154222230271845,0.7098501904060729,0.89590624667929,0.731791913894624,0.041126044299088636,0.07852262867435343,0.04199867873619823,0.0777890808252015,0.04659290929441893,0.07478998194592387,7,7,0.021221111515964175,0.14567467698939365
YDL087C,0.9072890314947702,0.9229827270846838,0.8906488957307118,0.7898526045661555,0.8912028243286271,0.7408860404841243,0.018523690990293096,0.016883249438828966,0.020117478927849576,0.027888424118172016,0.020066460718508178,0.030967587541816353,6,9,0.0037659718985453457,0.061367515010348477
YPL079W,0.9014813294041376,0.847638645387772,0.8807512793373721,0.6922731330638966,0.9112205300660076,0.9094797320129007,0.17786890377952758,0.22119645865815005,0.19568954402334807,0.314357238220888,0.16884843159396065,0.170495795102521,6,9,0.3267643372699322,0.5716330442424862
YNL037C,0.46178870875593536,0.37680344715199465,0.36867624612897365,0.27309380916957005,0.6508188337848735,0.4457549467800047,0.5430440342147776,0.584347467029847,0.5881454068544401,0.6310994888858296,0.43740530922534704,0.5510735383873193,7,9,0.5575328062665255,0.7466811945311904
YGR076C,0.74243698362215,0.6365409560487771,0.743815404883432,0.5882269557419821,0.6800699822291041,0.6286252729967962,0.028150593096851844,0.03344055972161237,0.0280751641148752,0.035593832682744395,0.031374245684930795,0.03380274512427431,6,8,0.0031307236496398373,0.05595286989636758
YLR189C,0.8622604504690808,0.7425776969653954,0.8182199476911094,0.648168584654131,0.8615286109376509,0.7834598993382977,0.02542172269263941,0.03475351479932197,0.02920443172122359,0.04062963824860422,0.02548916873316647,0.03187460525297165,6,9,0.00477424204989886,0.06909589025332014
YDR407C,0.8159641472801107,0.8139250180851003,0.7430910757706372,0.389887475167341,0.702965925423966,0.6239190871667368,0.023316041865867096,0.023444857655731875,0.027548198449066905,0.0424530187851413,0.0296214793326406,0.03333068611299215,6,10,0.0030058018887299965,0.05482519392332321
YHR026W,0.8097511851779803,0.7947324600187182,0.7388866254358626,0.4799022518439976,0.8139257816381175,0.7783103234536309,0.0694375619951189,0.07212629483533077,0.08134821781488107,0.11480900966573308,0.06867150820227327,0.07495596831006221,5,9,0.025788145149714226,0.16058687726496904
YOL128C,0.7791322446003734,0.742427306320894,0.799786843070305,0.595467608511452,0.6889642832567899,0.5686398180928417,0.027801875758387048,0.030023260143924774,0.026470018583369847,0.037625700168903806,0.032992336316945085,0.03885330490215568,7,10,0.0035609757544817397,0.059673911841622546
YOR129C,0.8185036351510055,0.7962157462084337,0.7718257973614329,0.6861497039477111,0.7774874041990059,0.6887267931315881,0.025004364611288982,0.02649519799667064,0.02803594041855614,0.03288085704018387,0.027685932624175028,0.032745583044952224,7,10,0.0035052326880755627,0.05920500559982714
YGR247W,0.4213353738096074,0.504627707992843,0.35347545396550806,0.3894720437253072,0.383672804501356,0.37413932451127463,0.052460302785792834,0.04853814571777075,0.05545105770297687,0.05388527494318134,0.05414059087709791,0.0545577131137118,7,9,0.004839358422806335,0.06956549735900934
YEL012W,0.8135283644071235,0.671481466070571,0.683531149255315,0.5331164760312248,0.8366585181470676,0.5900494145672652,0.07413838505228625,0.09840488758565884,0.09658333924330224,0.11731161283550982,0.06938809703575012,0.10992652189896211,7,8,0.02999346226231096,0.17318620690548933
YGR268C,0.7861023328462072,0.7930658819094686,0.7994886730049611,0.8085715929838619,0.8081056991574405,0.7107928413258868,0.03953338650346039,0.03888454707238259,0.038276344082755195,0.037399361439216114,0.03744484461266967,0.04596904842179004,6,9,0.007434899915873548,0.08622586570092264
YLR029C,0.9147802834404788,0.7932688503328558,0.8800219532943648,0.7301858312764966,0.8955397487678056,0.74437022418144,0.6106168385933992,0.951046372910732,0.724518746831344,1.0865034500064792,0.6760429165424889,1.0575586292684647,6,9,4.451953353655615,2.109965249395263
YJL094C,0.9230782948699606,0.681089728452942,0.8871118525443048,0.466535745469162,0.90588785603992,0.8179092208913407,0.02402279394504538,0.048914015683497805,0.029102026903428994,0.0632632832013777,0.02657185649891672,0.036960942900487834,6,9,0.007633984388509496,0.08737267529673963
YDR189W,0.7500597753093486,0.7142968757568708,0.7276248586546236,0.2886072497301664,0.7224127141311727,0.5339122043287376,0.02481456444476451,0.02653053901310648,0.0259043269607461,0.04186424817209475,0.026151003812157635,0.033886166807321955,8,9,0.002506861239086384,0.050068565378752206
YJL210W,0.7439956707350142,0.4288775383179054,0.7343426738376174,0.6201749242691164,0.6240617457868926,0.6265587934051702,0.02820893017531474,0.042133504294599285,0.028735837532787568,0.03436012835799822,0.03418386944419711,0.03407015267893454,6,9,0.0031628533801770094,0.05623925124125507
YJR144W,0.5068776547570532,0.48583685667033527,0.5185400048010933,0.38991789350022943,0.490094610024459,0.44396497973790283,0.03233216418652632,0.03301474181102404,0.0319475484810386,0.035962641029546646,0.03287776111653175,0.034332743340374665,9,10,0.0021570887133257675,0.04644446913600981
YDR173C,0.79093071969852,0.8433341168536026,0.6933009750575578,0.6614939772563823,0.7641082720063479,0.7165470456697929,0.03329001627322879,0.02881748733399924,0.04032042423929915,0.04235962389320016,0.0353610580512706,0.03876228668522492,5,9,0.005393751434568404,0.07344216387449654
YER180C-A,0.8050300503100574,0.739682874771771,0.7603419226687627,0.32421431362122055,0.744395967807971,0.08720993223210727,0.03177336019518834,0.03671391313849673,0.0352269742334061,0.059153956923607816,0.03638003869070936,0.068748742565999,6,9,0.005268800450505889,0.07258650322550253
YKL032C,0.36063964489588485,0.3094247976068587,0.3035939577331912,0.28546262592318306,0.4530105448242787,0.2054739992623683,0.10595099941292722,0.1101127719651724,0.11057666087328212,0.11200687505590477,0.09799900878389618,0.1181098894353414,7,8,0.017865597681735915,0.1336622522694269
YPL037C,0.9267077719296148,0.875505240402442,0.8832631108183835,0.8178468554350562,0.9459746460981031,0.8604264295554338,0.14931764821549767,0.19460666687958023,0.18844570209691805,0.235396778685438,0.12819792303612962,0.20605529216058377,5,9,0.3095405113381767,0.5563636502667808
YPL218W,0.8011854814328687,0.8503364436598388,0.7403982490398267,0.6130045545683942,0.8573445431678903,0.7160417639204921,0.10265314479719069,0.08906482954405541,0.11730108233037151,0.14321916506820195,0.08695456865834598,0.1226804740634663,7,10,0.053932376693871464,0.23223345300337647
YPR184W,0.8035318410742263,0.27626580390584243,0.7740691775641527,0.570834439032175,0.7785026088740825,0.6257997656023693,0.09200121601112306,0.1765781760635111,0.09865866204364195,0.13597526438471186,0.09768587872814045,0.12696952868390626,7,8,0.043837734053611174,0.20937462609784208
YMR152W,0.6726644826271209,0.42784416450771245,0.557254138154113,0.4507326331436411,0.6931022715142197,0.5122942073789698,0.04712797952243484,0.062307370211203604,0.05480996326525022,0.061048381476304925,0.0456330075216811,0.05752560734543216,6,9,0.006904268132178903,0.08309192579414021
YNL071W,0.6960404683629609,0.7352011747836682,0.6405280431194529,0.3474861404225833,0.664696508991826,0.38345337818881486,0.09100275832330076,0.08493852203407778,0.09896444210383185,0.13333419496933424,0.09557971041163477,0.12960735092344744,8,9,0.027723399513845046,0.16650345195774485
YOR281C,0.5325271352054262,0.6941690910013087,0.5082720292924552,0.5382203548128726,0.4531573422601989,0.5257360541575464,0.02896638952610081,0.023429167164572374,0.02970835600881141,0.028789462463146984,0.031329059385007574,0.029176031446246233,8,9,0.0018263561205958472,0.042735887970134036
YDL099W,0.380440939273088,-0.2165529968391493,0.35131309712181236,0.14776330101554724,0.20868598410854777,0.053860068323293486,0.04475369499433142,0.0627123474851878,0.045793633724207486,0.0524889224652818,0.05057803707513076,0.055305105801727754,6,9,0.0032894873504423364,0.057354052606963496
YER157W,0.7785830311494669,0.7670594245815159,0.73488141861828,0.6629475514193646,0.7477091780561302,0.5986213532521037,0.024875307644554978,0.025514413050943343,0.02721968491392585,0.030691050462732707,0.02655300858400146,0.03349192748576662,7,10,0.002843669748875383,0.053326070067795016
YAR035W,-1.2824356497650702,-1.4947339094015755,-1.1467360871455634,-1.5039264617563752,-0.16783161113587064,-2.4722302252031585,0.6917628898835009,0.7232194615938085,0.6708838196816891,0.7245506896806776,0.494820977159527,0.8532223945504935,6,9,0.21333844065370478,0.4618857441550938
YGL126W,0.6096653578281453,0.6293632070612588,0.5210367691614544,0.41446963272992865,0.5360896197042357,0.4912094888918116,0.053415218687430946,0.052049999197074176,0.059169452375639316,0.06542160195821359,0.058232241517431206,0.060984008046645145,9,9,0.007437826831794628,0.08624283640856571
YGR216C,0.7891792498297556,0.7735074239016262,0.7751668186703307,0.5226600876825731,0.7801499486429294,0.6429627694741364,0.02696091035401834,0.027945048062624784,0.027842490363713022,0.04056876150955001,0.02753221554362002,0.035086062101904056,7,9,0.0035083982706406768,0.059231733645409
YKR096W,0.7912141936488415,0.7574998485722035,0.8036182601982379,0.5680256504915473,0.7505291272818371,0.6671030206319182,0.025271386628235113,0.027235452397534506,0.02450920013330264,0.036350263733544635,0.027624123672070542,0.03191049299124935,7,10,0.003112506814111961,0.05578984508055172
YDR198C,0.8221341510829493,0.8099687027807012,0.7494213415881046,0.5282813873984341,0.7165763310886777,0.600864445085286,0.02391901951994699,0.024723483093012227,0.028390244212812592,0.038952792262048,0.03019361731352581,0.03583086532921053,7,10,0.0032730098692881743,0.057210225216198674
YDR322W,0.779379692862176,0.6891724127340642,0.7732024281040559,0.30627649337868956,0.7541648715523439,0.5497281794238829,0.022225740743886557,0.02638112309571053,0.02253474780313946,0.03941183964010405,0.023461483643671687,0.03175198537461949,6,9,0.0022783484269149677,0.04773204821621389
YOR045W,0.7969056356472257,0.3641172321357463,0.7967275677394678,0.4046480277204352,0.7846521590734914,0.62727937415026,0.04716881948858141,0.08346311683793639,0.04718949316106116,0.08075937872499507,0.048570920246880124,0.06389954772706993,6,8,0.011147186822220649,0.10558023878652979
YIR023W,0.7953102555541977,0.8004846243094751,0.7232742802266032,0.6374618333643994,0.737468478362862,0.10163063317587906,0.023801427224749032,0.023498662462729858,0.027674496025292872,0.031676108727068615,0.02695539409917553,0.049863461670186765,8,10,0.0028161971438725487,0.05306785414799197
YDL235C,0.6211920720741634,0.5356472307675885,0.555569879453626,0.5138805947079161,0.5907729734576421,0.435421511589686,0.054896360992431045,0.060779629267740755,0.05946148747721705,0.06218784475898716,0.0570579521962131,0.0670187294401588,8,8,0.008095080865327878,0.08997266732362601
YFR022W,0.7532272019384749,0.7431264776463085,0.7393263623095157,0.710994481419764,0.7267378630457599,0.615654389122755,0.03085777486421103,0.031482965533560114,0.03171498568480279,0.033394045248297186,0.03247174991596964,0.03851030217628443,7,9,0.00392631432700976,0.06266030902421213
YGR096W,0.7985929401157112,0.7835689042219338,0.7895813738929538,0.6902901021984627,0.7737204180226759,0.6756345420945047,0.02718599573403728,0.02818173512162736,0.027787532897181885,0.033712071704536654,0.028815793512697693,0.034500484915204105,7,10,0.003733953772880501,0.0611060862179906
YDR006C,0.6229494643824878,0.3137973093115072,0.6086725264001118,0.2589985564474069,0.5461390356250231,0.5800711757444283,0.03207041720848658,0.04326443505154074,0.032671945675303606,0.04495876323255131,0.03518570397254153,0.03384485608455196,6,10,0.0027756378131690925,0.05268432227113767
YLR313C,0.8619297203104311,0.8646560532613483,0.8384468469828521,-0.09114326981763488,0.8153758273765933,0.6730741476593425,0.021824268020579123,0.02160772293962709,0.02360735351111737,0.061352247020494924,0.025236775551730192,0.03358259226071517,6,10,0.0035102035921314298,0.05924697116419902
YJR001W,0.7499034748506316,0.5901623895333507,0.7344187268461366,0.5234609245340544,0.7651931172282481,0.6510352767865999,0.051758933649612565,0.06625785877102854,0.053337200317593515,0.0714464657605415,0.05015184365867077,0.06113955236274615,7,8,0.010899739556859508,0.10440181778522589
YHR168W,0.8338532687026836,0.8277200343525174,0.7943527564473382,0.6870249708371434,0.7807229604358848,0.6823456102669174,0.024129284460732002,0.024570609560820432,0.02684478863963286,0.03311718292028619,0.027720121032903194,0.03336383565309389,7,10,0.0035657445167900275,0.0597138553167523
YPR032W,0.8482149155218996,0.8194904419137699,0.865604141579401,0.6707069179251497,0.8304046265420171,0.7926106610819523,0.02250310917706542,0.02454019901284226,0.02117487823799243,0.03314509608767771,0.02378674293691854,0.0263039634565852,6,10,0.0033947601514146626,0.05826457029288608
YGL050W,0.6462626125838672,0.6659805878803576,0.5142744333901752,0.5206613976629728,0.5004958885272852,0.3498936940199726,0.022471281296054472,0.021836006150969124,0.026331938741995672,0.026158242218812165,0.026702805225727003,0.030463482112930682,7,9,0.0014525391494392993,0.038112191611599816
YPL212C,0.7396951558186184,0.6147013837888857,0.7140566632972913,0.5314763483433548,0.6332288061444349,0.3210855125457691,0.026095042089975994,0.031747943678790254,0.027349970794430932,0.035009236239514886,0.03097522616299292,0.042142899715194956,8,9,0.0026618703025588536,0.05159331645241323
YOL039W,0.9377652403741036,0.8316690028957688,0.8792251462625406,0.7646212296955632,0.9460893041600604,0.862883727944453,0.5092044367504377,0.8374477475293481,0.7093554845219129,0.9902829816654694,0.4739288420606639,0.7558231145138019,5,10,4.2394008203120785,2.058980529366919
YDL072C,0.7539672688588521,0.503389362604162,0.6573397587655687,0.5083582315687774,0.7249709136417645,0.7445702385365072,0.07229598802631797,0.10271308239378527,0.08531975735715182,0.1021979394778312,0.07643760423070535,0.07366369550679445,9,8,0.0216166626475981,0.14702606111706215
YJL116C,0.7306647848261847,0.4487292565256975,0.7111363157178183,0.4435129018566931,0.5325116812307729,0.5584361665234818,0.08972828836721362,0.1283705155609113,0.09292429741738918,0.12897643336619047,0.1182138045887083,0.1148892939863302,8,10,0.030417167133751477,0.17440518092577262
YMR319C,0.5534401906742161,0.32232416994456115,0.4086384779786111,0.31904189908029545,0.6795171232408388,0.6197599351617031,0.0628877639554651,0.07747067402658127,0.07236904936698953,0.07765805903591665,0.05327564931055497,0.05803036123099156,7,9,0.009011681012248342,0.0949298741822001
YOR080W,0.8186687595816304,0.8432533074485111,0.7789766295936823,0.6027769398254941,0.7463575369337695,0.6472232810800679,0.022547583552313042,0.0209634560151348,0.02489331801619793,0.03337189858694336,0.02666703123802582,0.03144949289208059,7,9,0.0028528603647524735,0.053412174312159146
YLL061W,0.7226357152006073,0.7715311604960942,0.7789630838969008,0.5299723832344192,0.32278182839594205,0.8413852368579677,0.08576768962249856,0.07784163159068673,0.07656509907298852,0.11165036069707585,0.13401788008609603,0.0648589996379791,6,8,0.026986715014933164,0.16427633735548514
YGL060W,0.8532697145919677,0.8430298480924625,0.8078543885810133,0.5861345822457922,0.7652143477941253,0.7341242561382201,0.022222268749877556,0.022984605478341143,0.025429847116561762,0.03732141349743858,0.028110223016745286,0.029913544299527788,7,10,0.0034246024784043453,0.05852010319885249
YML062C,0.3626915767552069,0.3612680728697599,0.4331033628731986,0.4244727145640099,0.4497018226164815,0.3036614045455689,0.06024455233247592,0.060311796477336935,0.056819170952184465,0.05725005540917219,0.05598117239192163,0.06297282636404024,8,8,0.005794807885819835,0.07612363552681804
YNL052W,0.7635107461964907,0.8368416970993464,0.7274623789231013,0.7487279110818282,0.5833356987983671,0.6707189139753893,0.5713749053655894,0.4745915993138569,0.613378695094783,0.5889624164946822,0.7584179501108561,0.6742156816818715,6,8,1.4047015177660165,1.1852010452940112
YIL010W,0.7977950708507279,0.84113134323176,0.816913415317669,0.7638497351047832,0.7932020489389766,0.5336530033548241,0.03163159689550439,0.02803782754680036,0.030099100015264828,0.0341837313671424,0.03198883060313431,0.048037438389995905,7,7,0.005035048226570569,0.07095807372364732
YPL169C,0.6302241824722994,0.5929219227697404,0.5467797824106024,0.5842483010342223,0.5402031896167921,0.1943578214652798,0.020730986645545978,0.021751518259901934,0.022951197828500598,0.02198202691248269,0.023117118329895214,0.030600027480351427,7,9,0.0011826454784895377,0.0343896129447474
YPR091C,0.7610025269009192,0.6645615249546872,0.7110234492665195,0.5979041809463264,0.694645803699182,0.6172743246277947,0.02755844476920937,0.03264859434755676,0.03030325998641398,0.035745619577409814,0.031150139556801106,0.03487400692343431,8,9,0.0032334729984301934,0.05686363511445776
YBR014C,-0.28684165770525016,-1.124111338783055,-0.23992184332498945,-1.9986686661206936,-1.7854176282500238,-3.855408324874543,0.059491827219164226,0.07643343731930942,0.0583971843217707,0.09081529395774111,0.087526570505465,0.1155600261717167,6,7,0.0027986116801031833,0.052901906204816315
YGL061C,0.849170692743007,0.8735193821266478,0.8507155979059258,0.7717584511811666,0.8415723127248398,0.7180133069330651,0.022070228990903374,0.02021044892027416,0.021956908272527928,0.027149467999673417,0.022619318311267827,0.030177153938383914,7,10,0.003286102304490965,0.057324534926076504
YHR010W,0.9184737377786398,0.8549467832086961,0.9003931155739467,0.7633122632445927,0.9339225352244303,0.7644617944157492,0.4217412427842603,0.5625498198855116,0.46616749300366156,0.7185966466004392,0.37968548401541113,0.7168495035586431,6,8,2.219973311514937,1.4899574864790395
YEL055C,0.8197193785300698,0.6657144939217277,0.8332290928289618,0.5773906488826633,0.6721157534023641,0.488959809134617,0.026763585476081018,0.03644421037461714,0.025741266867001133,0.040976921026127384,0.03609358720630759,0.045060634197115035,7,6,0.004042897035638443,0.06358377965832515
YKL085W,0.5880972727201923,0.393279513107171,0.5507718260607009,0.4515096736668025,0.5590766191009826,0.4016241538911579,0.1935979543638912,0.23496207032110755,0.20217940923421826,0.22340244222607786,0.20030186579130485,0.23334067916759724,8,8,0.09258912897130142,0.3042846183613319
YFR027W,0.8715812441254199,0.8764032803964444,0.8319815026622821,0.7761621462990728,0.8780253205598579,0.7098673583716422,0.023449947436805514,0.023005470335504305,0.026822928544973302,0.030959533703915892,0.022854013901763854,0.035247306953896565,7,10,0.004357209350064155,0.06600916110710811
YFR055W,0.23274919767372082,0.13500161345449546,0.22744439545764195,0.1300974732341137,0.19468814227043085,0.15642073763303366,0.15150660037483227,0.1608683199875565,0.15202945946071983,0.16132369988494621,0.15521901551238085,0.1588641213610347,7,7,0.0304424003545132,0.17447750672941542
YPR033C,0.8949231963944627,0.7077945743843118,0.8072736479907117,0.6132591726199672,0.8451659661799139,0.789466571722409,0.03680268835541906,0.0613719970155803,0.04984213853561425,0.07060510910440874,0.04467446205427133,0.05209387321198595,7,7,0.013116119740927029,0.11452562918808623
YIL046W,0.7672050673335788,0.8044089948307597,0.7978358394160899,0.6352185355745595,0.8084542883392895,0.8097335089056801,0.07539507476244808,0.06910837070346679,0.07026002473056309,0.09437839688469517,0.06838997289144037,0.06816122223063585,8,7,0.02484651985958046,0.1576277889827186
YPL048W,0.7323550798091065,0.7602754783741416,0.8034807013965837,0.631270183021756,0.7711825319639765,0.6009563804730941,0.13751967652096037,0.13014922007595459,0.11783869989125599,0.16141335649809377,0.12715397092366396,0.16791733196797515,6,10,0.0718991600908087,0.2681401873848989
YLR099W-A,0.7056428733653066,0.731584590878565,0.558676207462743,0.2602552742282076,0.6789951511734462,0.604542279417046,0.08183259107379838,0.07814347984333553,0.10019999408076687,0.1297268771783844,0.08545644483705735,0.09485037547520576,6,8,0.023148944195534298,0.1521477709187167
YHL034C,0.5604708936119349,0.6215266976503676,0.5727064432006894,0.6652569273758036,0.5673746476203725,0.4084878894181293,0.43851796242914315,0.40692202050742843,0.4323711814383934,0.3826919849859415,0.435060395648793,0.5087159890696977,7,9,0.44518474365206057,0.6672216600591295
YNR055C,0.8066398948910911,0.7866374321300865,0.8300930456687463,0.6973095807351102,0.7407172694389772,0.688008273831616,0.040808297363448646,0.04286710484982156,0.038253450576955804,0.051058067822967734,0.04725544250234688,0.05183660821100437,7,8,0.008763613480734256,0.09361417350345115
YPL082C,0.76979546495187,0.7134895711012543,0.7787397091559133,0.7144929916865834,0.7863160673814965,0.4562024161031776,0.0224756474300356,0.025074107916481687,0.022034693442195455,0.025030161970760915,0.021654153308380254,0.03454410222133016,7,9,0.002232871263506522,0.04725326722573289
YEL020W-A,0.9223236519961362,0.8075075016437078,0.8885159631261753,0.5401062778652886,0.9218090650804569,0.7056456448162765,0.0462626701897459,0.07282713093216733,0.05542333300830906,0.11256802253722682,0.046415656703159155,0.09005784061194605,6,9,0.028036624859690787,0.1674414072435214
YNL300W,-2.450990930103516,-0.8845997290604692,-4.24152745572921,-3.727965301040161,-1.4829728922230965,-4.277494888586575,0.3528131066134044,0.2607248123441498,0.4348122128430768,0.412961858447393,0.29926697270502967,0.43630150598964856,7,8,0.036702761417945214,0.19157964771328193
YKL163W,0.5514061293222101,0.4003166203401688,0.5168107437474849,0.343529027790216,0.38481634932405995,0.29256978715916826,0.4214613040980735,0.4872951009310398,0.43741097287419833,0.5098457489913971,0.4935525856471963,0.5292645923556645,8,10,0.4029166512956358,0.634757159310264
YPR020W,0.6816746927436358,0.7099305135542977,0.610422927260005,0.605412966893367,0.7061012271717623,0.58740988949942,0.1499393762538353,0.14313015428146236,0.16587342469510968,0.16693658351186355,0.14407180681459625,0.17070235921979107,7,8,0.0718643282960869,0.26807522879984064
YBR015C,0.7158690292732747,0.6562575630842973,0.6238973464764651,0.6451354492423078,0.735670894775206,0.42182639033331815,0.0540650825467736,0.05946674379795835,0.06220292133342515,0.060421136740669935,0.05214708970953562,0.0771234973066363,7,10,0.010468110627043526,0.10231378512714465
YNR037C,0.6734253671269325,0.3802985676861864,0.6113490208629164,0.051813838666092904,0.6667288924134491,0.40320241960164926,0.054165737976206906,0.07461475045435567,0.059089909382248146,0.0922954405514797,0.05471825931937726,0.07322290717750463,9,9,0.009141553802703307,0.09561147317505
YIR013C,0.05280480999466586,0.5062934233035761,0.20577527689050856,0.5701224612455709,0.3584028420743618,0.47211918287746324,0.8483242140782264,0.6124583749567049,0.7768082376691899,0.5714977149635273,0.6981895385384232,0.6333008363773276,5,7,0.7731030395872017,0.8792627818730882
YDR478W,0.8418557781929437,0.8372329457433529,0.7549428798716558,0.6814195147589345,0.7087209658617379,0.6336793330117486,0.024802688066971272,0.025162589867854055,0.03087491352103029,0.03520316180695049,0.033660975677418215,0.037748769351133554,7,10,0.0039581961506403125,0.06291419673364917
YAR003W,0.19474574766386443,0.09351943701314125,0.24240109632960438,0.08241118934357561,0.13012149671487172,0.035202986332240616,0.06379014155463018,0.06768092733167594,0.061873790314412425,0.06809435443669776,0.06630043101112315,0.06982404873527491,7,8,0.0051419428189811,0.07170734145804808
YJR006W,0.7027391739974678,0.519341130925303,0.6339414562767669,0.48151147279441886,0.7052786942892793,0.5390149417529475,0.020599739173869903,0.026194575303129904,0.022859575179106174,0.027205859878257316,0.020511557919797592,0.02565289041374497,7,10,0.0014525761217616005,0.03811267665438365
YLR092W,0.8646326716405109,0.8547645398377236,0.7518263576937115,0.6664750811285696,0.6852839706207494,0.900123738717008,0.08930614689348042,0.09250405180989035,0.1209211449471552,0.14018081058790813,0.13617075800455877,0.0767106321670272,5,6,0.059951766542000094,0.24485049834950326
YMR061W,0.7304571008787004,0.731535834847675,0.7049476847954275,0.44059588767594815,0.7419519540091336,0.43323236608541993,0.02095418336745116,0.0209122111051274,0.02192331913357614,0.03018697671663816,0.020502512240948997,0.030385005065502364,7,9,0.001657550324501118,0.04071302401567732
YPL153C,0.8215859408926843,0.8412252039876987,0.7914634615167562,0.7228487450838763,0.7849463664838969,-0.4209925079692314,0.02441247178697628,0.02302968507395865,0.02639297203401897,0.03042675532043527,0.02680221025428299,0.06889585775413992,7,10,0.0033989718881671633,0.058300702295659895
YDR473C,0.7690332582095962,0.7678269025523914,0.7812340236672879,0.6370263088049852,0.806129116736931,0.706596871918842,0.0272705989412669,0.027341724324239074,0.02654054532548109,0.03418672720010758,0.024984821263765163,0.03073635208061265,7,10,0.003276370770757644,0.05723959093807052
YLR246W,0.30648262881300226,0.40149987053984426,0.34962121635001675,0.4250066248196116,0.4208861904723331,0.41547336512343824,0.07397978253169554,0.06872527761093208,0.07164197688023825,0.0673621281081273,0.0676030576190422,0.06791825686207481,6,8,0.008030117402878756,0.08961092234141303
YMR234W,0.7185946352789578,0.7173965953371222,0.7272239094165951,0.6717478223432234,0.722787476923492,0.6836011127513173,0.026025520813027697,0.026080861794758648,0.02562337858438977,0.028108459912548987,0.02583090759027247,0.027596291047845358,6,10,0.002449173906002481,0.04948912916997511
YPL083C,0.8155451059293044,0.8094307066170043,0.7543258480788751,0.6120431846503591,0.7319392856564438,0.6732949683323424,0.02396506805215251,0.024359032623163114,0.02765752464081592,0.0347556382324161,0.028890174199357806,0.03189418337236858,7,10,0.0031682561629880947,0.056287264660739154
YGL031C,0.9300757505423485,0.7751259055581247,0.9008127771628004,0.6926093368046427,0.9292497333241092,0.8159732419874203,0.3489076780031804,0.6257002572715668,0.41555114670900817,0.7315465319340698,0.3509624558695642,0.5660269472349407,6,9,1.7715212961092641,1.3309850848560492
YAL028W,0.8318253823195305,0.836852010215061,0.8138122788565635,0.8434395789535916,0.7833104751276154,0.6690410058107361,0.028577066933280916,0.028146752287277983,0.030068581857491547,0.027572644271548676,0.032438173036874914,0.040088935235361334,6,10,0.004941149485588879,0.07029331039002842
YBR260C,0.7831662691136559,0.8435573009118381,0.7835705982546427,0.6957189792640237,0.7618709858236199,0.6316051262292992,0.025444808477064977,0.021612918468741523,0.025421073982378948,0.030142078552257225,0.02666502051184606,0.033165958596770295,6,10,0.00303825812538437,0.05512039663667497
YKL020C,0.722108687420344,0.47883490134052265,0.6960112642325433,0.43424877253191785,0.6906526483014498,0.5941407243136483,0.027948011620143928,0.03827375673571995,0.02923089922670285,0.039877340124357195,0.02948741019961344,0.03377545187619732,6,10,0.0028600919662473048,0.05347982765723264
YHR113W,0.8188578559921789,0.6155507716391933,0.5921695920703507,0.5062072625798959,0.780105831434545,0.8083836601802438,0.04297355946201652,0.06260529586288127,0.06448094258702239,0.07095188281304136,0.04734765033756131,0.04419853205908719,8,8,0.010373762213883217,0.10185166770300434
YGL003C,0.18567774680364213,0.23574060374293193,0.2500961173041586,0.2755956038608146,0.1893020214308071,0.2732192909947023,0.1094248731555409,0.10600791525603073,0.10500759247068693,0.10320683001347813,0.10918109494487585,0.1033759695987642,7,8,0.014961975476187807,0.12231915416723502
YDL174C,0.19734481001054105,-0.24921318067216403,0.14083758006167724,-0.13852514570217767,-0.2755066772144896,-0.31164272608169097,0.0770210871980685,0.09608673014874108,0.0796861366517433,0.09173106781640745,0.09709268333583124,0.09845843154480098,8,8,0.007520442741225517,0.0867204862833778
YML036W,0.7460093578596094,0.691158635152849,0.7428921519399156,0.6691611433896869,0.7560547030958723,0.515561055766351,0.024450070232739853,0.02696118549880955,0.02459964952285946,0.027904838190352887,0.023961691792876865,0.033766867791548034,7,9,0.0023949455486630203,0.04893818088837202
YPL087W,0.7530067051435831,0.4327087639535425,0.6914984815473753,0.3800054309180654,0.6402002569246589,0.5643661667894104,0.055325484421068744,0.0838466432515643,0.06183171555724702,0.08765497819778313,0.06677487256500016,0.07347565126683149,7,7,0.012610096926330082,0.11229468788117308
YCL018W,0.5532235370105582,0.5469588702336643,0.5842966092435422,0.5034329057738918,0.5337894864044824,0.23050953949055708,0.19545394553673345,0.1968194957297531,0.18853460804417485,0.20605742456746678,0.19965966151931647,0.25650800269299223,7,10,0.08700650743166297,0.29496865499856584
YGL106W,0.44589083860279555,0.5364595771898137,0.5019884599644604,0.3691327800028623,0.3880890142908844,0.35797379127760676,0.095754757245395,0.08758031453071295,0.09077837358168583,0.10217194837123655,0.10062521455292524,0.10307161308117475,6,9,0.016837535579498082,0.12975952982150515
YIL044C,0.8581409174277626,0.7658573651984386,0.8048490003919686,0.7614796144542644,0.8019843229443588,0.619287172300369,0.01678408752324748,0.021563011409674336,0.019685867252669187,0.021763659041798705,0.019829828110091482,0.027495898578300784,7,9,0.0020206517072698803,0.04495165967202858
YOL064C,0.8492516786515608,0.9506127181598844,0.8248724754778736,0.69765232048253,0.8220276089344598,0.8446337581329306,0.13515445623399341,0.07735915002262705,0.1456737605436834,0.19140683721578922,0.14685219584644582,0.1372089552747844,5,6,0.12329952180615669,0.35114031640664206
YPR052C,0.5931946461568123,0.45148225636077144,0.5499577921712822,0.1974428051901217,0.3906667264927526,0.3526310718246284,0.12828719377230924,0.14896536864603666,0.13493250982576618,0.18018887405662753,0.15700642405010004,0.1618325586649113,8,9,0.041165470965444644,0.20289275730159675
YAL049C,0.6912286315765501,0.6828005210413829,0.634956647047942,0.5147791909848258,0.696755684337053,0.7587471902575535,0.06719651084550328,0.0681074224288208,0.07306349353759861,0.0842360358204382,0.06659238143893922,0.05939698515458757,7,8,0.014880227171261754,0.12198453660715261
YIR029W,0.7743370100768895,0.8761713081766945,0.8071920273642486,0.6622570237499608,0.7102938858836014,0.6783374252395105,0.11171904719581952,0.08275756361852116,0.10326652148993166,0.1366753570727588,0.12658314584483338,0.13338202945910912,6,9,0.05627911327281696,0.23723219274124024
YBR112C,0.18163550611594026,0.3051133452693898,0.17090511777555062,0.1959336795531228,0.270488050142764,0.0665793310210463,0.09853193084030945,0.09079471916460853,0.09917580202849227,0.09766738049163239,0.09302931202153142,0.10523066399516445,6,9,0.012071475188111925,0.10987026525913153
YLR386W,0.7816037329584985,0.7794873722167424,0.7771288507438303,0.6081166232926947,0.7778126191593652,0.005607242513840038,0.0266456642578528,0.026774457393255163,0.026917261408731744,0.03569294367955815,0.02687593862715048,0.05685686663767296,6,11,0.0033079659438278904,0.057514919315147184
YMR033W,0.665766718207144,0.5813671529306712,0.5710047468343684,0.4055409783085203,0.5870000250905134,0.32066432154521074,0.02347751419219505,0.026275072059527244,0.026598277242280612,0.031310371914730385,0.026097702600229162,0.033471060840005604,7,9,0.0016780607067870745,0.04096413927799624
YOR130C,0.7312404391867378,0.6369874529376953,0.6725456968996057,0.5392248416413339,0.6930874328383436,0.2633150741666479,0.023635650011260473,0.027469225031343924,0.026089210691035546,0.030947823947760123,0.025257649080284134,0.0391314986533652,7,9,0.002115067909818154,0.045989867469021416
YER046W,0.27856694123836656,-0.06302345394368447,0.34717424279564424,0.0029250248101486687,0.3490683168646197,0.19447253438712053,0.1327162778964999,0.16110076279440383,0.12624808929742573,0.15602352357668864,0.12606481150354745,0.14023820680170251,6,7,0.024843082681248137,0.15761688577448843
YFR029W,0.7979298841461535,0.8250231598591713,0.7859180771217467,0.7265756328047221,0.7810158332513002,0.6795802991352011,0.02793014852665532,0.025990371347352676,0.02874830199793326,0.03248933392373091,0.029075591429365267,0.03517076423192534,7,11,0.003928235696423616,0.0626756387795419
YLR088W,0.8096078709372194,0.7778056637913927,0.7794599459512197,0.6166467861803588,0.7863424712330358,0.6938585330504037,0.01999653943777889,0.021602143218221823,0.021521576798197058,0.028374610134098935,0.0211830967244359,0.025356623853586214,6,10,0.002137045827968605,0.046228192999171025
YJL012C,0.5283595055298489,0.7561666514663776,0.5494766364785622,0.4777109171269954,0.613821041480316,0.4618608814121725,0.13992472482576135,0.10060868437150186,0.13675637404429355,0.14724630064100497,0.12661443518407797,0.14946386207653378,7,8,0.04224068719055384,0.20552539305534448
YPL166W,0.8396360715436302,0.8223431318667926,0.8266517143915125,0.8031304468634577,0.8231751820443494,0.7051793167267932,0.027585393141246486,0.029034666057828326,0.028680426802823282,0.030564346338614826,0.02896659480370663,0.03740285973944006,6,10,0.0048284174058990026,0.06948681461902684
YFL049W,0.8084684750524436,0.8730373068068422,0.8081629346333352,0.7311872017336478,0.7514201495622205,0.37670445427543053,0.0226483073095202,0.01843969269797356,0.022666364952351522,0.026831230295858505,0.025801715201244992,0.04085663809279911,6,10,0.0027251120862375163,0.05220260612495813
YGL093W,0.8372241438760569,0.8821950751278107,0.8105141602423152,0.5053957558122895,0.8431012179818111,0.7366289275784234,0.021950063839899243,0.01867336201837941,0.023682588776141933,0.038262180218208604,0.021550164007295914,0.02792060532538875,7,10,0.003011859613927901,0.05488041193292832
YBR025C,0.9231331021199921,0.9328791408547541,0.8534429901614216,0.851321544266382,0.8913220454006904,0.8398929461124179,0.12088182372019032,0.11295880248037754,0.1669147145275407,0.168118438274215,0.14373484144535045,0.17446027764477096,6,9,0.19343532624916931,0.4398128309283045
YNL286W,0.7247062247802974,0.7407248305687606,0.6985168334989551,0.6339008621877071,0.6585365449080053,-0.27738673735407615,0.02652317129028426,0.025739951108535993,0.027756122036997816,0.03058627629554021,0.02953924354457599,0.0571331876736912,7,10,0.0026002053436019776,0.05099220865585229
YER019C-A,0.6218164426520418,0.6510610089802003,0.5304673701339472,0.4501499434475602,0.5194277873567879,0.5987197972058103,0.21093881246323815,0.20261888719644242,0.23503799012894394,0.2543474057777741,0.23778502644933805,0.21728464784489573,7,8,0.11971911248484048,0.34600449778122894
YPL010W,0.6828194540343997,0.7334489087171612,0.6486738368658288,0.4500401950969318,0.6490472970763967,0.5210221073443192,0.08610217835925142,0.07893163526688685,0.09061834251811626,0.11337736061775663,0.0905701659983622,0.10580802364215305,9,9,0.023783451132079077,0.15421884168959082
YLR412W,0.6761099653255653,0.6624906875409682,0.6724315836366364,0.6467436917801712,0.6255480805858007,0.5391606922626562,0.0254820884325538,0.026012321058358153,0.025626378484350478,0.026612225114146508,0.02739897121386858,0.030395618384260005,7,10,0.002039978493857281,0.04516612108491586
YNR012W,0.7677260505297199,0.7457578630134765,0.7621687571603002,0.6614386960806196,0.6663942987243446,0.520494488393124,0.025086380570667775,0.02624590299124865,0.025384710031223348,0.030287010873352026,0.03006453465800801,0.03604413070517005,8,9,0.002756948453381087,0.05250665151560407
YDR320C-A,0.3260343282026794,0.2524374311957822,0.30027303438273767,0.4640065352269691,0.2377547344829669,0.5244084540692953,0.10612097448361614,0.11176507527839745,0.10813011042805286,0.09463724486393482,0.11285731374702933,0.08914549567792651,8,9,0.017002697182998298,0.1303943909184682
YJL176C,0.7009275861091793,0.5246298931620071,0.6314433520301794,0.1557488250541489,0.676679834536478,0.6357459011312367,0.027971304800512208,0.03526472339769792,0.031051077300740044,0.04699594475191613,0.029083116562375312,0.030869299292016948,7,9,0.00266196434007997,0.05159422777869604
YGR099W,0.8372285748854676,0.8840270386225499,0.801480764620546,0.6718552134364904,0.8390092633441131,0.7209873398655015,0.022631306638141203,0.01910288317030166,0.02499319876253906,0.03213314993521547,0.022507175113754448,0.029630057957151987,7,10,0.0032018002198290767,0.05658445210328608
YHL020C,0.7578258350309273,0.7065237982127253,0.710430735712754,0.581116743231603,0.7784147870118223,0.5430461030668059,0.0304983765229988,0.033573704308474554,0.033349478546432776,0.04011061464427649,0.02917314186746438,0.041893728030900336,8,11,0.003908217908954488,0.06251574128933039
YOR195W,0.6508543816805021,0.48564689602418254,0.6299982651032898,0.41390647280838966,0.6619544390578921,0.5437995168580305,0.038207435303404355,0.046374076150906204,0.03933203967220802,0.04950260468441085,0.03759518333288601,0.043673948612667615,7,10,0.004254439131308993,0.06522606174918882
YIL027C,0.3798655508532134,0.3622722466699986,0.3547615839272795,0.3654169439163121,0.3289348950604962,0.3142982767193143,0.03865819360145583,0.03920272776081278,0.039432901699441754,0.039105952089269626,0.040214340985170904,0.04065053337895,8,8,0.0024521689768274087,0.04951937981060959
YBR152W,0.8774301272048666,0.883086213710292,0.8130266098170839,0.8008093236556985,0.8250534977870995,0.7647197130830602,0.02289632434722104,0.022361800246883345,0.02827898400681208,0.0291882733009858,0.02735435840449547,0.031722446345296945,7,10,0.0043521207838823645,0.06597060545335601
YML016C,0.6683169707361818,0.6400304080919414,0.5671061277100353,0.4828552695748295,0.6629115600659546,0.5892039003041751,0.031179479062995428,0.03248180367745305,0.035620330804933244,0.03893258864507467,0.03143251698009933,0.03469927373864167,7,9,0.0029824117137808065,0.054611461377450855
YPL096W,0.7754360122878861,0.7652118645602086,0.7348565743976805,0.5983494735507633,0.7331707366248333,0.6651023882788232,0.02585441711771089,0.02643642765614604,0.028093453300173595,0.03457712385327094,0.02818262383157327,0.03157335411437763,7,10,0.00302888321465192,0.055035290629303665
YLR061W,0.9388764705043319,0.8194603794680126,0.9190850099527308,0.6161467852311721,0.9183398975517684,0.9227770712411064,0.3061947970683505,0.5262351547311995,0.3522963042828195,0.7673194129519815,0.3539146620027842,0.34416502109862623,5,10,1.5607750984287918,1.2493098488480716
YLL014W,0.7210765238519877,0.5201457440407434,0.6092158078183537,0.33958576147957364,0.70582429044956,0.5156725752775161,0.023957270137023038,0.03142313208147585,0.028357196272169267,0.03686404685611734,0.024603574079486278,0.031569254486504855,7,9,0.0020938363189481825,0.045758456256173925
YDR490C,0.7944710121591254,0.7650809777903949,0.7547895400200693,0.7098481855552421,0.7239750873983285,0.5621781358801299,0.025809573656828507,0.027593283378509918,0.028191214422687818,0.030665986080000263,0.029910138865024482,0.03766977374361506,7,9,0.003297932143254055,0.05742762526218592
YOL012C,0.73842446284508,0.493120915318342,0.8141188986877739,0.5873468627650739,0.6241014068159207,0.453366811975599,0.04973788391301266,0.06923742809292663,0.04192821367116616,0.06247141127136123,0.05962440959103249,0.07190129944644075,8,9,0.00962344615712364,0.09809916491552637
YIL164C,0.6394850983363176,0.41756088210024844,0.5836945245294178,0.16332111138924554,0.4369545899711157,0.29252066925271425,0.033331481876671065,0.04236607977548988,0.03581781371669798,0.05077762890571903,0.04165476830436197,0.04669279702065146,8,9,0.0031357336156692863,0.055997621517965265
YPL003W,0.7248655839615223,0.6287201215075651,0.5988327836295201,0.6137059463891237,0.7656298927640067,0.6247450210893253,0.035593273852729444,0.04134720746942681,0.04297918680710092,0.042174941423775696,0.03285084809250541,0.04156795968792928,8,9,0.004685372143155539,0.06844977825497713
YLL057C,0.12612961943227263,0.3176669131371975,0.09222443864414243,0.24803186173485958,0.10118322445128236,0.2369137100157136,0.14238191900886676,0.12581416738101628,0.14511776319903918,0.13207817276225986,0.14439990818046847,0.13305100451350532,6,8,0.023605641247282476,0.15364127455629387
YPL092W,0.7092011008958978,0.5245699866341902,0.6687244403347802,0.47756657908983924,0.6711044211229913,0.4065285621057728,0.055347132861596975,0.07076883503086454,0.05907360126383471,0.07418467953033298,0.058861017720678935,0.07906761889353164,7,9,0.010718910286867825,0.10353217029922547
YJL203W,0.8185492336554334,0.7984007077367805,0.7798044074817735,0.6839110822078952,0.7616525308892452,0.7075444706404346,0.023672563832599545,0.024952289152960407,0.026077755179513103,0.031244280471591206,0.027131335093374464,0.030053552216009787,7,10,0.0031425697355215746,0.05605862766355929
YLR276C,0.6460294327435651,-0.052515103357295256,0.6346396132933554,0.021535192717997198,0.3213021283420112,0.17010325555172312,0.03363174114633735,0.05799358335224964,0.0341685465202397,0.05591629413808785,0.04656976210955932,0.05149651107387276,8,7,0.003251506971499991,0.05702198673757335
YOL132W,-0.07219495830715705,-0.14579527926486735,0.04045954702384047,0.07879114742676285,0.10536505764951953,0.02988411554286141,1.0606771026838278,1.0964777608001333,1.0034089204316015,0.983162634499321,0.9688783279064047,1.0089232288995844,5,7,1.0676914487440674,1.0332915603759025
YGL010W,0.569579581720407,0.6893236870547443,0.5300227420516421,0.547139599025041,0.6253807898360306,0.5713412345884087,0.08505869341042929,0.07226472358114465,0.08888136100233211,0.08724779260557651,0.07935372106300755,0.08488444804227721,6,9,0.017103999970632493,0.1307822616818982
YIL095W,0.8420217065273794,0.8485734844868454,0.819288298948943,0.792675463445979,0.7627965734036197,0.031811525810657715,0.02088633953681935,0.020448647531501222,0.022338641667925124,0.023927040039940093,0.025593171327009365,0.05170631395651919,7,10,0.0028098322144389904,0.05300785049819499
YGL123W,0.9310399462984116,0.740886320438816,0.9264956880659295,0.6758114403171003,0.9165025906792093,0.6817474409825284,0.7185805552585542,1.3929060872478025,0.7418789930324065,1.5580288958043447,0.790702598346732,1.5436989819827769,6,9,7.619149039567054,2.7602806088452407
YML032C,0.49024078308522245,0.5779960903010678,0.5396539414461882,0.4618704379289934,0.509483267583624,0.2976677601071859,0.1799293421383036,0.1637109338627023,0.1709864372117084,0.18486848147430462,0.1765006714440978,0.21119846187436775,7,9,0.06462373204694964,0.2542119825007264
YNL219C,0.03511137915091789,-0.04235702096784122,0.30620569523452834,0.18121544420530256,0.3047333579099889,0.007211375670091336,0.08891723865216974,0.09241779932129855,0.07539850590686266,0.08190910789542531,0.0754784670711391,0.09019361020080102,6,7,0.00833773115406422,0.0913111775965255
YPL120W,0.8544715209048347,0.8152875219857746,0.7961838952314719,0.7553281738382813,0.8160507368711865,0.7002502815948128,0.021584418594533847,0.024317250961476425,0.025543806060806945,0.027987128464160745,0.02426696064235184,0.03097745618895509,6,10,0.0032575107454126395,0.05707460683537504
YDR498C,0.7073228562206026,0.6643614294248038,0.6478169416928612,0.5662698901088308,0.7307583094431096,0.6297202810175966,0.02559152710397449,0.02740549996052962,0.028072819169055734,0.031153839923795983,0.024545560422550045,0.028785034920481428,6,9,0.0022769669858237903,0.0477175752299275
YLR426W,0.6939191911361375,0.7039772744366558,0.660174282777386,0.5484191745509448,0.6499417281245865,0.6123489011084944,0.025506840588821446,0.025084251372703172,0.02687613035528216,0.030981779899452805,0.027277765403313767,0.028705104184689946,7,10,0.002162869783850515,0.04650666386498299
YDL116W,0.8198817460667014,0.7977221150697943,0.7848989046054101,0.33394244258129424,0.7749719561562929,0.6197796641920863,0.022002882998504284,0.02331712104252729,0.02404484801361452,0.042311323027576564,0.024593426856818316,0.03196821561952366,6,9,0.0027349827303834503,0.052297062349461375
YGR119C,0.7370900535674971,0.6673013149242519,0.7146015179132732,0.6033362009442693,0.6775616927134069,0.47303557889925485,0.018977979357863283,0.021348727989643,0.01977298746580457,0.023310830424576743,0.021016954201870632,0.02686810944025488,6,9,0.0013939463565102671,0.03733559101594974
YMR002W,0.8556386628482491,0.8272773892887686,0.825521546441607,0.7623462372059644,0.8011754379643456,0.6921290762761042,0.11593701739225777,0.12681518871517333,0.12745814017222518,0.14875412678035269,0.13606038410950178,0.16930937744513677,6,8,0.09474285959407541,0.30780328067464685
YHR034C,0.8451028796960645,0.8553685019325843,0.861110801224318,0.7335530743849097,0.8414143361275296,0.7136344023641612,0.02672672299577772,0.025825901058569294,0.025308026286025152,0.03505333935700798,0.027043070657685575,0.03633996143718098,7,10,0.004692466913058858,0.06850158328870112
YEL030W,0.7900761343222702,0.7934772542066529,0.6776342593189841,0.6120919175976054,0.7918204743244501,0.6385168869738609,0.0270122281880287,0.02679251283785125,0.03347371720410614,0.036719259679011684,0.0268997664620194,0.03544651222839393,7,10,0.0035368133594140543,0.059471113655404625
YJR034W,0.842476280534889,0.763576482391726,0.8051079605114397,0.7781778468208297,0.7090921342608816,-1.2157274200060546,0.023925847011040193,0.02931161041839626,0.02661285040109799,0.028392053242956447,0.03251412526164367,0.0897330663287955,8,9,0.0036977864170363653,0.060809427040849226
YER113C,0.7633351436459679,0.7842383574541725,0.720393482652102,0.5604228726989293,0.7560312787032865,0.6635077377918275,0.024530653305221178,0.023422289707537413,0.026663421225975877,0.03343180090791981,0.02490630508278474,0.029250262608524025,7,10,0.0025872452308295943,0.050864970567470046
YFL008W,0.4778493012963553,-0.05498045066817836,0.3639338556556746,-2.4471324624507362,0.18333049111344157,0.05403977392763437,0.047310852671081524,0.06724887904045881,0.05221724849533941,0.12156031861183456,0.05916788073984568,0.06367944677628848,7,10,0.004361931338148442,0.06604491909411686
YDL014W,0.8528315295984761,0.5416692361927986,0.8207649342855514,0.5624408640512307,0.7461458225159818,0.6760582333001137,0.10211836742835471,0.1802129431512301,0.11269586070110699,0.176081955669639,0.1341184829609157,0.1515060404648349,6,8,0.07210179687042956,0.268517777568692
YPL007C,0.817181504850694,0.8054850190477485,0.7697255787292651,0.5907225134922096,0.7524187170482166,0.6712325068035876,0.024520330060835902,0.025292559154665613,0.027519408606832704,0.03668809608121162,0.028534820928220492,0.032882186030355476,7,10,0.003346459949345458,0.057848595050748276
YOR216C,0.7925436935428523,0.772761782739463,0.7316856787246622,0.6664282773055504,0.7027146080375625,0.5842443377927132,0.023174774508578473,0.024254531104417897,0.026355673773569174,0.0293864287242413,0.027742077527237948,0.03280735988571173,8,10,0.0026342532873656847,0.05132497722713265
YPR018W,0.7628420658234623,0.7265033345636032,0.7739893016390568,0.544189011642455,0.797093237411553,0.6069282120924738,0.02431563669192871,0.026112162172145934,0.023737299810098762,0.03371003564964525,0.02249132687262072,0.031304210379272446,8,10,0.002536803165088918,0.050366687056912114
YFR023W,-0.0874609747760795,-0.31207629935206205,-0.01860993300873459,-0.20738420889328113,0.06515528344853894,-0.11346050259492046,0.7658652263947828,0.8412499592187117,0.7412239853850393,0.8069901923019084,0.7100930299490356,0.7749664812453334,6,7,0.5488379829155503,0.7408360027128476
YNR045W,0.8006504143579904,0.8035981839361497,0.7743579530415845,0.6690317562443344,0.7621928621509013,0.6665349226035722,0.02503777326035974,0.024851967852804364,0.026637781299363415,0.03226125041758403,0.02734641980383915,0.03238271165670321,6,10,0.003199846939909018,0.05656718960589272
YKR039W,0.7635593528048968,0.3329017838372106,0.6888404302717881,-0.0076407494879175974,0.5557480980704721,0.4436878406801191,0.3715354893764546,0.624071175890483,0.4262170468702187,0.7669942279414039,0.5092767882515156,0.569899808096582,6,8,0.5940617728194151,0.7707540287403077
YDR322C-A,0.41219038245772255,0.3894119177199583,0.16745288556159998,-0.43053390982011885,0.4917490859780502,0.03216881447828113,0.07568404899538227,0.0771365438349956,0.09007212822051294,0.11806878466080753,0.07037608420037263,0.09711488949635598,8,9,0.00991574082326694,0.09957781290662564
YCR084C,0.04605766159567748,-0.41641448442449636,-0.06422701337112247,-0.10596025634232098,-0.3921847745589415,-1.0106985429448923,0.06490197198433492,0.07908461597650446,0.06855102765074421,0.06988220352746966,0.07840527283011481,0.09422590385326607,7,9,0.004493107390078481,0.06703064515636473
YDR017C,0.784574226350561,0.7067728266156637,0.7384392085101666,0.4996148304811937,0.7743621708494492,0.6198387866120877,0.024448191533866778,0.028523316148732127,0.02693917118950828,0.03726062397505935,0.02502095403184976,0.03247744165302953,7,10,0.002823247519157345,0.05313424055312492
YER012W,0.6114720803374589,0.6404564940381691,0.5685816682259799,0.48552641354392123,0.6468059724748736,0.37328474022084923,0.28894028816478795,0.2779538601048701,0.3044712447980652,0.3324899529682838,0.27548861824408605,0.36697131650520537,8,9,0.2186488051203172,0.4675989789555974
YCL058W-A,0.7230512032030301,0.7552077644476303,0.6148860719435845,0.25393341168056693,0.6286638884672366,0.5775252134961228,0.029154353653940406,0.027409587239308062,0.034379399694164044,0.04785116016508164,0.033758820856007336,0.0360084206907226,7,9,0.003122917349859837,0.055883068543699684
YHR079C,0.7806521905263426,0.781361505029412,0.7398287857856749,0.6078254270722665,0.7437198952082709,0.5561214073688936,0.025535909538139206,0.02549458781730057,0.027810852533675684,0.03414478610425849,0.02760210011666858,0.03632593324602106,7,10,0.003024979937016563,0.05499981760893906
YLR106C,0.8295937658077762,0.2633014246361124,0.8551449502546387,0.13063636163356662,0.3426130646871236,0.3941362396510758,0.045430774165463934,0.0944609508636558,0.041886513999764424,0.10261435833340006,0.08923144631915601,0.08566331682323085,7,5,0.01232446097000948,0.11101558886034646
YBR034C,0.5697352691378523,0.14790353502993459,0.4860922157764156,-0.19575063495196532,0.34028108861465833,0.43796702507764385,0.045199490640955804,0.06360775218808916,0.0493978747580858,0.07535047193896247,0.055968688911829226,0.05165906780877204,8,8,0.004831527671889081,0.06950919127632749
YGL226C-A,0.7497160973962846,0.4701870826905903,0.7277576689130596,0.5364764937549146,0.7346041672338868,0.2746985769925274,0.027779098231891224,0.040416895895564194,0.02897206906406314,0.03780398358633775,0.02860544670135456,0.04728908916890188,8,10,0.003137303303060753,0.056011635425693054
YOR144C,0.8325801462042928,0.8574519633857836,0.789191145173352,0.7421713716533893,0.7770379394993739,0.7932366186448812,0.023509828699298907,0.021693349116336396,0.026380948741333305,0.029175046347125318,0.02713072942530371,0.026126594119719695,7,10,0.0033592715276693852,0.05795922297330586
YMR161W,0.5546653897997619,-0.1495875329202312,0.5156155565981659,0.06891870354991092,0.5207112465233705,0.07220299736367852,0.021474875227246885,0.0345031262678346,0.02239662189837039,0.031051402888327646,0.02227850499624249,0.030996589188133153,8,9,0.0010537267072872043,0.03246115690001212
YPR067W,0.6245086122398102,0.4179817931560551,0.6414072088071427,0.5293460158670567,0.5126479923665678,0.4696917632879185,0.026409003350736704,0.032879129194681805,0.025807907814815793,0.02956670247688978,0.03008662002191831,0.031384571804183144,6,9,0.0018899798794361918,0.043473898829483784
YDR418W,0.9474780266501686,0.7759002979457855,0.8993823635271695,0.6250418470788519,0.940711149157697,0.8340008023606278,0.3315199751014386,0.6847938055504751,0.458855814502359,0.8857896147546669,0.3522294786915204,0.5893756350797069,6,9,2.1292737747279107,1.4592031300432133
YHR133C,0.9051571357071089,0.7725626507938869,0.9064317234108941,0.4681973857575841,0.8113985107549266,0.6341761041743905,0.021258383995248153,0.03291992289665903,0.021115055732064632,0.05033883389211253,0.029977849553290744,0.04175071833651475,6,9,0.004848517546347514,0.06963129717553389
YER061C,0.8542442102179497,0.7709953115586052,0.7867164847179886,0.6994060511494309,0.8119739565673483,0.652317143347747,0.022645163589252424,0.028384728317955358,0.027393101070931448,0.032520159854670785,0.02572003519798484,0.034974715747339825,6,10,0.00357996060559693,0.0598327720032837
YOR259C,0.49609793034564686,0.46291155527814554,0.3521100756302127,0.3352366667649779,0.47319033072849115,0.23872958355506735,0.18006235221524822,0.1858971589379053,0.20417401127375306,0.2068156391616961,0.1841097197431702,0.22131931872194244,8,9,0.0654715818734808,0.2558741524138005
YGR240C,0.9507283708289137,0.8598264399626538,0.9204110191792378,0.8017518112796669,0.8987438301190234,0.7686248024415471,0.10130196166638653,0.17086473832789043,0.12874959328305652,0.20320014249405716,0.14522124040909762,0.21952187091550723,5,8,0.2119297501389606,0.4603582845338624
YBR125C,0.5308088614293442,0.5740300140115685,0.45896852007410827,0.4300779985892321,0.5761962547623831,0.4861070752757364,0.04067638492353898,0.03875760637369863,0.043679606323199095,0.04483066275461569,0.03865893120595647,0.042570011454694454,6,10,0.0035882941213346946,0.059902371583558316
YIR022W,0.6215456958074885,0.6877955421698331,0.6323506688124575,0.6420184818278419,0.5994405397130007,0.6888654804028435,0.06181049805721631,0.05614034388658538,0.06092175542150298,0.06011541110142437,0.06359002785842223,0.056044063628568036,6,9,0.010272216760868738,0.10135194502755603
YPR040W,0.8862527792337529,0.8379621246679017,0.8658113260280169,0.7462720274887024,0.8839851866972337,0.6661119824006947,0.026330596204220326,0.031426684521944935,0.028598827389053373,0.0393255196778645,0.026591756090708216,0.04511185780633037,6,10,0.006202028100672485,0.07875295613926175
YPR157W,0.805832265449862,0.8028529518348145,0.7874643125588467,0.7865873748130706,0.7624007143339572,0.6319169077615558,0.027351527569698147,0.027560569928757633,0.028616003928413063,0.028674979016687197,0.030256286230771853,0.03765875768600799,8,10,0.0039204800420928705,0.06261373684817789
YGR071C,0.7958132065334045,0.83644320694115,0.7459985562380713,0.790882975108495,0.7610969231621907,0.617914424510124,0.027254309906471392,0.02439246321200018,0.030397611349403907,0.027581384409041187,0.029480322959205676,0.03728221328554449,6,9,0.0037016543975637024,0.060841222847373
YIL130W,0.7557247774972274,0.7387120644072018,0.7254946899122037,0.6688355399277177,0.7161142645008467,0.5507896063928426,0.023937884687738588,0.02475744030796922,0.02537589898310699,0.02787198652115543,0.025805830910421223,0.032461677582614076,7,10,0.0023869606608711725,0.04885653140442097
YOR316C,0.7522493571045552,0.512044513324531,0.5853686399095229,0.333169759528792,0.782262560440714,0.31804137025262147,0.06313370905048284,0.08860209935622072,0.08167421755247876,0.10357657662472743,0.05918620107512474,0.10474490909209946,8,8,0.01637046278082036,0.12794710931013784
YFL047W,0.7493166303647223,0.7545994852816484,0.6765390285174875,0.49642396341712114,0.7276713136129858,0.577089701879189,0.025013417014438797,0.024748449553078714,0.028413269129137917,0.035452167241328415,0.02607095603608525,0.03248885396371949,7,10,0.002539648786492203,0.05039492818223083
YPL006W,0.7852585497368515,0.6659347559272549,0.8629441815079809,0.5432933828067608,0.7464565447495267,0.6823819414954827,0.06795672513264969,0.08475984387392271,0.05429042478475516,0.09910444939088509,0.07384153280370909,0.08264700010320905,7,8,0.021882762142814923,0.14792823308217712
YCL050C,0.708964050938116,0.7836573931406428,0.579368230190304,0.5760004309782792,0.6179265713550133,0.4083641982528248,0.08419187416819479,0.072588511051947,0.10121570269772047,0.1016200879600723,0.09646511286036019,0.12003947358909159,6,9,0.024782599340871365,0.15742490063795933
YGR257C,0.5893950737232012,0.5825384614060967,0.6026036561688386,0.4739945972206172,0.575139577471491,0.23219558935598117,0.02979908579090536,0.03004686027647531,0.029315870617442025,0.03372764089640301,0.030311958737408974,0.04074892574637064,8,10,0.002200568355071884,0.04691021589240327
YGR280C,0.7823381006388792,0.5890204555783739,0.7773372843363142,0.4325256260677921,0.5912015897887843,0.2441647599608775,0.04230609698864491,0.05813288233380328,0.04278933176125044,0.06831009362924714,0.05797841686320761,0.07883613448769874,7,9,0.008367132466714127,0.09147203106258288
YJR118C,0.3074711080385524,-0.1055025448296707,0.23822412087022216,0.08104062741327034,0.16753372722684456,0.2617676767456867,0.029668712425385685,0.0374851820203391,0.03111668756406973,0.034176525317775354,0.032528427897799334,0.030632065294086522,9,9,0.001293339790963861,0.03596303367297955
YNL273W,0.7485112570764172,0.8087879658174575,0.7486659942764897,0.6300586254822199,0.7660779949152463,0.6846671457547877,0.02566439405463224,0.022378416405180186,0.025656497384030297,0.031127066447276665,0.024751828018997064,0.02873798744939276,7,10,0.0026649963441073565,0.0516236025874537
YKR028W,0.770678982442864,0.5437924018132025,0.7125665070603098,0.368188089324866,0.7940028616044967,0.5857998774050961,0.024180718771643614,0.03410582294330985,0.027071727029683138,0.04013665546084897,0.022918060931347583,0.03249768221836683,7,7,0.0025944642449593817,0.050935883667208345
YPL058C,0.29962786920709106,0.23638461665752575,0.29133574129158135,0.1997961083330141,0.31062607870117254,0.33628566064093135,0.06274881739504916,0.06552068836485063,0.06311918491011029,0.06707202934864272,0.062254183603290686,0.06108459761195716,7,9,0.005720518205114645,0.07563410741930286
YMR069W,0.8417224796199851,0.846474272353412,0.8448059527314984,0.8515557380256327,0.8119071227505855,-0.8068996603782195,0.02667229242088463,0.026268864912586155,0.026411207332811746,0.025830477369253108,0.029076149948718075,0.09011928617804552,7,10,0.004573562178597859,0.06762811677547927
YNL185C,0.7618507429541055,0.5664567569947634,0.7327213929485242,0.27825410445806475,0.7692399503048241,0.03593605376023434,0.055013528467610005,0.07422686120878465,0.05828099865114652,0.09577166695565442,0.054153333699698325,0.11068730310344144,7,9,0.012931321469886408,0.11371596840323882
YNL167C,0.679787086758584,0.43809934230146275,0.6410238124973355,0.403640121252,0.6822638183394678,0.5629172969695909,0.027138922812774642,0.035950336116856725,0.028734656203030947,0.037036282990139044,0.027033764179158908,0.03170698849596541,8,11,0.0023404507557484864,0.04837820537957652
YIL138C,0.7510375488281483,0.7626146919663057,0.7369928162206886,0.7698257358522158,0.7048885132567895,0.6136356493073822,0.16385555309898361,0.16000043264812913,0.1684139431043429,0.15755152832962563,0.17839689685595894,0.20412338544484382,7,9,0.10973410233043444,0.3312613806806257
YLR250W,0.6613084788106948,0.6070386107480031,0.6451101748514261,0.4495416628115665,0.7165608943314334,0.5871717798351024,0.036208476070352255,0.03900165395715104,0.03706421944353024,0.04616047949054599,0.03312363336646627,0.03997539585649278,8,8,0.003938848771437115,0.06276024833791781
YMR213W,0.854355941189728,0.8513979611375659,0.8432654650817265,0.6999194938637141,0.7803039379466103,0.7272222213670108,0.02390822401872031,0.024149787513046517,0.02480180448498145,0.0343178302448804,0.029363787063709734,0.03271940700038828,7,10,0.003993512034548444,0.06319424051722154
YMR283C,0.8270928560220051,0.8136016694629462,0.7667720601972091,0.6394503277907491,0.7523387226222444,0.683971875533451,0.023816771685813365,0.024728480669693065,0.02766092586858683,0.03439212236355781,0.028503978321626208,0.032198770723602006,7,10,0.0033381510727574317,0.057776734701412744
YNL187W,0.8862961573355723,0.8824593331992345,0.8363273861431658,0.7671141527380942,0.8260873590103095,0.8371627803249406,0.019524531421214797,0.019851216407685637,0.023425078658592627,0.027942457379131612,0.024146746562191266,0.023365220725041033,7,9,0.0034114517678063244,0.058407634499321445
YOR298W,0.2312060577759003,0.28782261647829077,0.2154386222321456,0.24396307084693458,0.2751374920747808,0.25156136909925,0.10530461213579134,0.10135297603059748,0.10637899400816385,0.10442726920516536,0.10225162890459233,0.10390118826024358,6,8,0.01467702287060737,0.12114876338868412
YJL098W,0.76791890357756,0.7484456121713261,0.6375188105919385,0.6246414776823148,0.6905543971801484,0.4796994027714342,0.02543068188344142,0.026476103491250562,0.03178197330894395,0.032341582155789285,0.029365018540466588,0.03807722442311119,8,9,0.0028354982321410946,0.05324939654250642
YJR127C,0.7458370081031465,0.7929048084019944,0.7358346491619756,0.7279289158860963,0.748453848145656,0.656292696996737,0.030156721990047576,0.02722155830942436,0.03074439149187367,0.031201047079873163,0.030001074828677653,0.035068917085265355,7,9,0.0036409028292721476,0.06033989417683915
YER002W,0.3256941241330399,0.06071912830218451,0.21067941964742498,-0.02293483955246134,-0.5407034331380418,-0.006590433139554319,0.05483624533478365,0.0647197718693878,0.059328852965275236,0.06754033708966758,0.08288935569943781,0.06699858613830183,8,9,0.0045376564850412825,0.0673621294574428
YIL040W,0.2957560660357835,0.3950418635927123,0.2631748452507531,0.15071732564333662,0.4037764266893019,0.20310123183191675,0.031838969357725455,0.029509381337068995,0.03256714333142909,0.034964198387170194,0.029295574225030242,0.033868738531642156,8,10,0.0014646977856505236,0.03827137031320572
YBL001C,0.21435975796888995,-0.008076802889629864,0.08172434235043835,-0.3571877973935509,0.2886063077283142,-0.16178503468658834,0.13567318057828523,0.15368410648175534,0.14667925038777344,0.17832084727290007,0.1291032427902835,0.16498521795291396,9,9,0.023840613640672952,0.15440405966383447
YKL047W,0.7784695246576591,0.7967149725654917,0.722911032102008,0.6493889683049983,0.7111409835538178,-0.049667880380479756,0.025320827122591736,0.02425570180059491,0.028318533933090036,0.03185473061693646,0.02891372942045453,0.05511719435627001,6,10,0.002944933109250309,0.05426723789958642
YIL118W,0.8135598763750194,0.7601321225862784,0.813959211849584,0.7670674819255268,0.7574772529325435,0.4660398363089112,0.03191583196537705,0.036201163157070906,0.031881633436489365,0.0356739779502724,0.036400950007015515,0.05401208065682742,6,9,0.005559376608401419,0.07456122724581067
YPL200W,0.8423217868222872,0.7879271170502427,0.8204474898072421,0.7006522540655602,0.8068762435069459,0.7566577266181138,0.08955392481849152,0.10385833342352463,0.09556404403481644,0.12339193516470064,0.09910980676835096,0.11125193150412774,7,9,0.051754807348175114,0.22749682931455356
YJL053W,0.7704064207071479,0.769002420213137,0.7425242414985018,0.7234696425192341,0.7218121250995786,0.6554372771712768,0.026712599126877595,0.026794150493995753,0.028288143770651388,0.02931620061764895,0.02940392971187497,0.032724304326134095,7,9,0.0031624647458882824,0.05623579594785053
YCR053W,0.8199740115495227,0.7850295395272435,0.7289588843642504,0.5385519483772658,0.8454280046575433,0.6798497881198697,0.06650302049815447,0.07267133898771093,0.08160022514312315,0.10647194242008416,0.06162248041804784,0.08868510114646334,6,8,0.024997735912658674,0.15810672317349023
YGR167W,0.5946075003466738,0.5813494267596857,0.5941185575436244,0.5362955250801655,0.5981255360214922,0.376905874078586,0.0654894304398627,0.06655170769693666,0.06552891185176503,0.07004126839433103,0.06520464941994489,0.08119142937906348,9,8,0.010765144292121717,0.10375521332502631
YJR147W,0.6451785687983478,0.49299392692317845,0.634671871342838,0.5102107112738086,0.46463494626423274,0.366324161732124,0.03997872947063271,0.0477892975747945,0.0405663209666087,0.046970881217045124,0.04910764140642563,0.05342661270675546,6,9,0.004583542585293458,0.06770186544914002
YDL070W,0.6570454239290009,0.43480787331213333,0.6505749978039004,0.48767538786013975,0.574589975672582,0.31806784122075504,0.0677923773121452,0.08702832290725068,0.06842889879270277,0.08285813861305241,0.07550338498774012,0.09559455338992807,7,8,0.013635725926280652,0.11677211108085976
YDR101C,0.6308812045787935,-0.2124629145452701,0.6179267874510025,-0.0037747780128045694,0.512560180581073,0.17414690956082968,0.04003513727751153,0.07255919802270545,0.040731606273839156,0.06602013096468917,0.04600645223688675,0.059883839983830914,7,8,0.004418446715898241,0.06647139772788174
YNL331C,0.6694237059622243,0.7586957237290877,0.6850600302526508,0.6963170255318103,0.7100324710349164,0.5713903523147659,0.03230562433731244,0.027600998561354766,0.031532338204867956,0.030963675511569463,0.030256380217026976,0.036785211425374185,6,9,0.003212459850008048,0.056678566054621106
YNL236W,0.7694140158604468,0.762097757394314,0.667517923610695,0.4347869319231503,0.7284835658331821,0.6358065899161783,0.025010357318007468,0.025404035535421705,0.030032228708425108,0.039157011695749096,0.027139478880298756,0.03143181684563217,7,10,0.0027603237685017885,0.05253878346994521
YOR064C,0.9155456327067982,0.8337690383089282,0.893739623509925,0.687513321186745,0.8971658961644751,0.7220235099691605,0.017393749574823227,0.02440271318039116,0.019510474509304456,0.03345784083879193,0.019193348127376657,0.03155630828232466,5,9,0.0036451671798878953,0.06037521991585534
YBR061C,0.7911899997864047,0.7558810420514086,0.8094431451682017,0.640600267619337,0.7512674634335164,0.4798970768493016,0.023048474046231122,0.02492110439570471,0.022018048234921258,0.030238163114869,0.025155492829382713,0.036375684806607314,9,9,0.002588726678273813,0.050879531034334555
YLR263W,0.8043502890877481,0.8398917043729371,0.6514214343561178,0.7727054350234241,0.8064091227023786,0.7644975292795407,0.04714498336461584,0.042648405498009835,0.06292833206864808,0.05081482182269279,0.046896272594177946,0.05172418012812399,7,8,0.011559655754244367,0.10751583955047911
YGR245C,0.4940298708451468,-0.08569641614606494,0.5623307753797238,-0.09524556394980355,-0.40509109324212855,-0.11164059368688717,0.03914781030246875,0.05734548606361626,0.03640977883387591,0.05759712256502383,0.0652374949872524,0.0580266147618674,9,8,0.003082075051812112,0.05551643947347589
YGR140W,0.8560198673110794,0.8405152239075946,0.8564847318150449,0.7765297003556516,0.7852027238013476,0.7070725227070236,0.02245768371944784,0.02363596253797122,0.0224214001708343,0.02797844556293616,0.02743014234965053,0.032032713703671195,7,10,0.003564351214512551,0.059702187686152264
YNR056C,0.7704759934277124,0.8034851980845673,0.7404964527152593,0.7427729618042433,0.6970025252165087,0.6336107019441495,0.03029516928789693,0.028032185567870273,0.03221298533555757,0.03207137899957053,0.03480798074221279,0.03827636747186462,6,9,0.004068851022749811,0.06378754598469681
YNL062C,0.7435888206500567,0.6875834817799145,0.6998054219752654,0.5514181053340232,0.6914380543060573,0.44239251300514604,0.025645205500503053,0.028307707498252024,0.027748475461178198,0.0339202134024804,0.028132536279523387,0.03781830008485303,8,9,0.002609928132671012,0.05108745572712554
YHL031C,0.7711781871062462,0.5378046582708509,0.7099430787125464,0.6207838734660931,0.7120442585966653,0.5194385627483855,0.024966369930110067,0.03548292981715634,0.028109188421192744,0.03214031205764198,0.02800719152228931,0.03618104857134073,7,10,0.0027718295363859283,0.05264816745515392
YGL175C,0.8744009916951985,0.8993924261704952,0.8321578749793375,0.752254203544789,0.8386840731984022,0.8000828707400683,0.023303314011719214,0.02085642750279506,0.026938602802480397,0.03272862268935604,0.02640968407205367,0.029400152665631642,7,10,0.004399489668702961,0.06632864892867155
YHR166C,0.19503804987370554,0.2413291685875213,0.28762230028563174,0.19156547672702684,0.28719250398101137,0.17172333752769076,0.12208189661449352,0.11851962949705488,0.1148467605139331,0.12234494139952573,0.11488140033377549,0.12383725136655202,7,8,0.018839974955684582,0.13725878826393806
YLL006W,0.8325859821242152,0.7906574855101145,0.7952543729940008,0.7148713999632617,0.7944793860809614,-0.08398269321762752,0.02455748134356241,0.027461017900076694,0.027157840319563902,0.03204854400690543,0.02720918962654102,0.062488354306744785,6,10,0.0036654640467588054,0.06054307596049944
YLR231C,0.6395267175393211,0.5087520933472021,0.5893211713226321,0.5175238317382042,0.6369759180361039,0.5538311889049771,0.039924708352744344,0.04660747422606148,0.0426143991155055,0.046189487648069495,0.04006571797062872,0.044417572081473775,7,10,0.004499492801198199,0.06707825878180053
YMR072W,0.14413650635089115,0.18352132079418693,0.20258810917593428,0.11953722999133731,0.1902286338761482,0.13522226515505353,0.4901185389696935,0.4787086812276715,0.47308614887360806,0.4971121494943603,0.47673834781281516,0.4926643405791833,6,8,0.2855951948438845,0.5344110729053848
YOR250C,0.7033496732445923,0.6986238629790276,0.7062411117028187,0.6793665508425143,0.5439160524793688,0.5417911343390238,0.03577459598037705,0.03605842499831071,0.03559982230633538,0.03719261681243016,0.04435828181330612,0.04446149547096303,6,8,0.004389931891838808,0.06625656112294698
YPL272C,0.8597363479923498,0.7881445233161551,0.8101581075293843,0.6842856435633337,0.7158158548092501,0.7133193438741579,0.029459330094454523,0.03620513267598753,0.034272542439066606,0.04419747522829641,0.04193244808348597,0.042116230169106934,7,9,0.006295840675273523,0.07934633372294855
YNL301C,0.8837349968357989,0.8089713496698241,0.8359876970613253,0.6876712036383125,0.8515941811754943,0.637988948482962,0.048082215525514956,0.06163241998812272,0.057108161665897675,0.07880721511477898,0.05432321085634208,0.08484395039916018,6,10,0.02023359588259423,0.14224484483662045
YPL118W,0.6180539104895677,0.5109292075680847,0.5223452504215775,0.297004909723002,0.4675276546318319,0.39583163247015685,0.03044629679523061,0.03445238615587187,0.03404791271524293,0.0413056621609551,0.03594859913288224,0.0382923865420573,9,10,0.0024695625079896944,0.0496946929559857
YGR225W,0.1057082546421737,0.5009430217531059,0.20477172152154632,0.4129982511988105,0.25040596655433445,0.4069480751427401,0.4938114513436374,0.3688897704787597,0.46565841273990394,0.4000748429162892,0.45210010339326717,0.4021313258366298,7,8,0.2774573471648738,0.5267422018073679
YHR092C,0.41159582219177593,0.27499309828081997,0.4226236835834345,0.2681446037678651,0.3799680423039178,0.3724564323472854,0.05820748522619813,0.06461182873107041,0.0576594433687733,0.0649162766603576,0.05975138824684263,0.06011223893575343,8,9,0.005859156029382216,0.07654512413852509
YLR229C,0.6201919187837037,0.33834734130497157,0.45231148415240885,0.36972547596000616,0.41899391565111754,0.3513219984398447,0.06619913633649972,0.08737461073811084,0.07949449234101895,0.08527762556223328,0.08187674389634604,0.0865136844154872,7,10,0.011740688991104326,0.10835445995022229
YML101C,0.715009121608527,0.6426023566682962,0.6840010436734878,0.7426271778753065,0.6870723776764456,0.6344312432273687,0.1564123573252302,0.17515858321030742,0.1647018227762249,0.14864042000033975,0.16389946336336642,0.17714957606544066,6,10,0.08735027987518315,0.2955508076036727
YBR248C,0.7250802046609011,0.6449116470288476,0.6988551072085526,0.4909893663093705,0.6881057487341931,0.35384836272580633,0.03069085788190667,0.03487982007174481,0.03212134879721479,0.041760861548384036,0.03268960758478773,0.04705147545811961,7,9,0.003486303422664506,0.059044927154367
YHL006C,0.836898726576288,0.8306238870296716,0.8376357423830145,0.8181670287979226,0.8116603027604066,0.6848734637623066,0.025613733802635298,0.026101790330522154,0.025555797096830424,0.027044598192390273,0.027524228192181824,0.0356030089709166,7,10,0.004092998348791038,0.06397654530209519
YJL157C,0.750732553675784,0.665789998151141,0.6532757307463657,0.4537474977478344,0.7187312314148584,0.5889346987792814,0.029114974589246872,0.033712685922839596,0.03433805990305584,0.04310030593179151,0.030927469627479852,0.037388586142666345,6,7,0.0034603529968282574,0.05882476516594229
YJR013W,0.7731767216514713,0.7673836878919832,0.6953343091785905,0.4978698359566006,0.7044539854545792,0.5632078193535999,0.02208588184497728,0.022366138811969548,0.025596625114510142,0.03286087235684083,0.025210617687595346,0.030648439049483795,7,10,0.0021882402578337983,0.0467786303544022
YOR315W,0.6534548465547225,0.4116744497350239,0.6743512312777598,0.319056487212357,0.6061762547273152,0.30790448796878545,0.03885363205946878,0.05062447859378063,0.03766399891202344,0.054463713785397064,0.041419290701673994,0.0549078861995463,8,8,0.004432579715365664,0.06657762173107165
YGL179C,0.7754897384094178,0.8350408194177967,0.7354598434861876,0.07772350984028975,0.7159302015566082,0.01596353371121184,0.03202843281070175,0.027454013064007663,0.034766693889712943,0.0649154631156777,0.03602716779461446,0.06705376793446786,7,9,0.004649308017983258,0.06818583443783069
YGR282C,0.744200501216299,0.5614386678530441,0.743935733644106,0.5055737578177555,0.6981953858800704,0.4838444415470998,0.3557272232917062,0.46578170521292445,0.3559112750090866,0.4945588916829312,0.38639384109492436,0.5053096150586885,7,8,0.5033703763646148,0.7094859944809445
YGL054C,0.814298099696161,0.7725550286715503,0.7811784487892732,0.6247858400902926,0.8379124626317029,0.8017443607777115,0.08133800102058711,0.09001678349815476,0.08829383225896162,0.11561786107264625,0.07599064537472815,0.08404233217659704,6,9,0.036251316227463096,0.19039778419788161
YMR071C,-0.12635983236321335,-0.2768727097132462,-0.010395519927602903,-0.037719902962071394,0.004870622734500785,-0.17088127836501665,0.20499439566197483,0.21826153906763374,0.1941552402951007,0.1967630219553161,0.1926829045829197,0.20900652363772232,6,7,0.03796295057282366,0.19484083394613066
YDR529C,0.7048936479059076,0.7095753868244299,0.6214128876064811,0.6016694887752811,0.748424683250305,0.5839827662086544,0.6546353343481314,0.6494218161414503,0.7414691343034326,0.7605573205991308,0.604427448069124,0.7772591172944876,7,8,1.4776564234871805,1.215588920436173
YMR081C,0.7878283882742693,0.560356059411502,0.7788189645540091,0.6724095205281284,0.6777764943955893,0.5726361854646854,0.044955753581725794,0.06471309785165391,0.045900306730559996,0.05586081660198329,0.05540133798679928,0.06380291453312983,6,8,0.009692513766306305,0.09845056508881148
YKL033W,0.7828467261361636,0.7878191430610137,0.7741799756253435,0.5451136286834661,0.7724394238806211,0.6090529200931216,0.02607253593941795,0.02577230033237644,0.026587733016131654,0.03773562494300816,0.02669000139193024,0.034983162783938614,7,10,0.0031853217433546357,0.056438654691218816
YLR005W,0.7654517658197003,0.762642290271089,0.7578908892366856,0.46407147806991167,0.7780502777432738,0.6367805785550669,0.026316614517831797,0.02647375873160822,0.026737420206476698,0.03978023739579479,0.025600075028730553,0.03274903190722538,7,11,0.003004560879599842,0.054813874882185094
YJR053W,0.8541265053022201,0.8465783808322606,0.8122762421541879,0.6939969667852669,0.7936183446455313,0.6759534702735889,0.025158910749433477,0.025801616845197377,0.028540610611979447,0.036439004728806824,0.02992534641586855,0.03749793294935497,7,10,0.004415302054261642,0.06644773927126221
YNL325C,0.8079137689740485,0.803834196427918,0.7029426728740735,0.5895366423976727,0.7918935777424447,0.660512266832755,0.025817686324417506,0.026090406952775223,0.032106231799660385,0.03774039132978957,0.026872739603014954,0.03432268428861345,7,10,0.0035309497954433976,0.059421795626212755
YBR037C,0.36408358918018613,0.19336391768044658,0.25777871624712345,0.05681440507793745,0.4250550143261903,0.09084135692653861,0.06960872171127337,0.07839754526635798,0.07520216506057976,0.08477391142037226,0.0661876234431107,0.08323068673186967,8,9,0.007753189913357888,0.0880521999347994
YML078W,0.6141808384687226,0.536784031584622,0.6002288813930711,0.4248706406021121,0.6120757279831561,0.3082445867889868,0.07500682385264845,0.08218652924809837,0.07635097493765257,0.09157810412388916,0.0752111719929045,0.10043501816886462,8,9,0.014837847271741476,0.12181070261574505
YBR021W,0.7563485240733914,0.7705777355550764,0.7062740197795145,0.5818927325414394,0.7646888071668375,0.5700479480680007,0.027523145046780922,0.02670738190115081,0.0302193220164808,0.03605432704434565,0.027047979481663237,0.03656146156714258,7,9,0.0031635901097351567,0.05624580081868474
YGR104C,0.8302331218759765,0.8461028902867493,0.8031287861367205,0.7195179399990195,0.760658226417201,0.7377272151677633,0.023337816912778146,0.022220251951903126,0.02513187302087433,0.029997584920711758,0.027710413069544824,0.02900750401731816,7,9,0.0032645297623310563,0.05713606358799192
YMR193W,0.7393879248110309,0.2823303963357805,0.6683857937857133,0.011764947896363065,0.12800225426248368,-0.19541995747286012,0.022532867993465,0.03739223990369693,0.025417671869713183,0.04387825343268654,0.04121704821938592,0.04825912643773132,6,8,0.001982401183645416,0.044524164042072885
YER013W,0.7736423700653671,0.7832500292327983,0.7259959462505629,0.6359274816180279,0.7119191026368075,0.5629813579807014,0.025322655225736686,0.024779423419883033,0.027860580879038324,0.03211482959571821,0.02856728079356657,0.03518533210530435,7,10,0.002882547575172973,0.05368936184359964
YDR397C,0.752407547906082,0.7553021741856845,0.7531294692073134,0.6483653231708788,0.6174203263204484,-2.7800071202362244,0.02602221058593651,0.025869649336517576,0.0259842455715584,0.03101139730742063,0.032347180563689036,0.10167678268001237,8,10,0.002782941717398369,0.05275359435525099
YHL003C,0.8957530014957255,0.8565731090832995,0.8699877876524451,0.8474777093478619,0.8674181635829318,0.7687528708650192,0.023594679270159936,0.02767563476385755,0.026349620986728474,0.028539670713914885,0.026608740220685448,0.035141514412452016,7,8,0.005433976235465812,0.07371550878523332
YJR070C,0.8273061939614748,0.7095783883370492,0.8130131918798849,0.4801009999479269,0.7447953962348668,0.71529628414102,0.042403351288196736,0.05498905633186563,0.04412322881035639,0.07357347894800056,0.05154731557800749,0.05444504598520519,6,8,0.010594409131025993,0.10292914616874073
YML009C,0.8867815971598625,0.8098646459341936,0.8787778934385327,0.5205514555396349,0.8500253692645572,0.620461726342263,0.061202126591008266,0.07931209827742132,0.06332845811597831,0.12594444097918153,0.07043960330269224,0.11205617393244849,7,8,0.03366426520767458,0.18347824178270997
YGL229C,0.7739245449865917,0.7575535059784089,0.7641599541545033,0.6278801338628202,0.6835901372044721,0.05500694862356237,0.029574311600150054,0.03062639586062845,0.03020624307138195,0.037942799036286584,0.03498750260166795,0.060464747711118816,6,9,0.003936670021676161,0.0627428882159258
YHR025W,0.4754907116690853,0.41735231352028734,0.2381876378585126,-0.2002084993732518,0.515767256266068,0.5229435748688142,0.06940620709083961,0.07315175220173624,0.08364610600371795,0.1049905157241405,0.0666881694662862,0.06619216631604917,8,8,0.00934537166668867,0.09667146252482513
YGR285C,0.929961610613195,0.8657848886246888,0.9211257110266013,0.7989040986617867,0.9104734300043051,0.902631729379662,0.08065748828043742,0.11165478163757231,0.08559420195737787,0.13667158405592622,0.09119112875651508,0.09510105761407596,5,10,0.09451622660955003,0.3074349144283226
YDR254W,0.7263052430012457,0.710085863188348,0.7303082140437349,0.6597027674564455,0.7501238453877545,0.6226053288665625,0.036701809400223585,0.03777364835198572,0.03643242639485416,0.04092450594238798,0.03506845586724448,0.04309750396661678,6,10,0.005007968758555391,0.07076700331761542
YGR086C,0.40771499253709487,-0.314755539176772,0.37245102756965276,-0.04062424144914667,0.4432992710568434,0.2726973108823345,0.5162021165063068,0.7690895594482506,0.5313469873511127,0.6842288476679615,0.5004553152043996,0.5720210460176635,8,8,0.4577854236611415,0.6765984212671069
YNL072W,0.8159497910218901,0.8287603988163513,0.8365178822414462,0.6932530058381055,0.8269947006340722,0.7076527499549474,0.023877060071255275,0.02303110622718679,0.02250338353285276,0.030824983476191888,0.02314954171062504,0.030092772445053997,8,10,0.003151944248398202,0.056142178871132195
YDL201W,0.7928412735341643,0.6597262386196048,0.8220473560371355,0.5645034690039112,0.69244606822884,0.6186441733376231,0.024755243563100687,0.031727059153007504,0.022943930048217955,0.03589284945336681,0.03016311772393549,0.03358773983447087,7,9,0.0030101234890558565,0.05486459230738762
YJL109C,0.868367639620316,0.6770085251947975,0.8712295065039279,0.5908034218351905,0.7597354708497649,0.5551979833811669,0.03499198010651593,0.05481289167648184,0.034609503125123516,0.06169545635093356,0.04727505187718831,0.06432363191794452,7,6,0.009465150122565727,0.09728900309164303
YGR003W,0.8093309591751394,0.8212156891019886,0.7343297591560238,0.5922621225177929,0.7365748227776046,0.6706490006965047,0.024914856691520503,0.02412587120462462,0.029409643312468117,0.036434165897149845,0.02928511562170905,0.032745211157475855,7,10,0.003312758241068389,0.057556565577424695
YNL155W,-0.022813567428604076,0.37687013756973053,-0.10107784478476933,-0.01092310473296143,-0.031977988338675045,0.16179636236983863,0.3654323402040315,0.28523185166726694,0.37915584122788887,0.36330200967240894,0.36706582825691414,0.3308137174595272,7,8,0.13285277059651102,0.3644897400428591
YMR198W,0.8176104730562128,0.8434569400019678,0.8781438295454689,0.8406605002967501,0.8794016302232499,0.7633489989278573,0.029262786137734656,0.027110194557038694,0.023918805520234485,0.027351267026832226,0.023795040233615488,0.0333326542755395,7,9,0.004777322804919617,0.06911817998847783
YPR006C,0.6575447671213642,0.7039899217820292,0.37873297112911974,0.6176158409956387,0.5205483518026024,0.5901272019350599,0.1697477001676227,0.1578175308742119,0.22863417582322235,0.17937088122530007,0.20085118737102173,0.18570626005071564,8,8,0.08561643278155712,0.2926028584644332
YLR033W,0.6586007063647362,0.6718419719188626,0.6244835702163218,0.5378306180056449,0.6735458502888891,0.45009670919429434,0.02334907812635472,0.022891800155914452,0.024487976557338264,0.027166833095919985,0.022832292841776076,0.029633407182064857,8,9,0.0016249125626085041,0.04031020419953866
YGR110W,0.8731116566382848,0.919625633664823,0.8482124180969395,0.835943269485458,0.8748570632946906,0.8600057234028783,0.02792831387269248,0.022227603133416693,0.030545833078935932,0.03175637188384262,0.027735565436100274,0.029335195939462957,6,9,0.006254906813262182,0.07908796882751624
YIL071C,0.7442147680671842,0.7267313366918444,0.6902643144591907,0.6770023193877872,0.6768436694851712,0.6600588119540967,0.038139786982573226,0.039421708852764525,0.04196972776706797,0.04285882217517748,0.042869346574619695,0.04396857837040374,6,9,0.005786743037047766,0.07607064504161751
YOL067C,0.8489363541481532,0.8879792427013184,0.8349180814399468,0.7888239490838231,0.873554680638658,0.7918183247245959,0.05009869591641307,0.04314154482330038,0.05237164242218661,0.059233687836862024,0.04583506156647199,0.05881223579041748,6,9,0.016906200620736955,0.13002384635418596
YDR165W,0.7605798192071072,0.5772148642414461,0.741700629886417,0.5270010164798562,0.6482853748132213,0.42877197280119383,0.02715369724910207,0.03608348280433208,0.028203971546045658,0.038166180336833264,0.0329112068556172,0.04194240680796304,8,8,0.003133648833826473,0.05597900350869487
YKR103W,0.8178056930232331,0.8123528768372323,0.7220627406329592,0.6653124297118764,0.7680767828472542,0.6006247896764492,0.02476166769226644,0.025129476708868916,0.030583407762708306,0.03356079821410441,0.027937311044579364,0.036660893200507486,7,10,0.0034243497650343147,0.05851794395768117
YOR004W,0.7234083818173447,0.31297671391032866,0.6774526995467456,0.23982684142454047,0.5796376280289544,0.23700141367474403,0.033455355076846466,0.052726854634221824,0.03612791028278344,0.05546287797528538,0.041243741197351885,0.05556585517880293,7,8,0.004117611896174918,0.06416862080623924
YEL035C,0.8512703731530085,0.8361008050342115,0.8331512503220031,0.7923023728100069,0.7836503039058066,0.6862420924604333,0.02709712517820782,0.028445454916944897,0.02870026797062608,0.03202139449074789,0.032681547922668065,0.03935698429228209,7,10,0.005023450009724853,0.07087630076213666
YPR137W,0.7264804480599916,0.4718542328860945,0.7050798115322383,0.40363007563507525,0.6600352587170402,0.26667718172949284,0.029097315466141048,0.04043296930790008,0.030214192078854254,0.04296517658764068,0.03243961364552588,0.0476437935211243,7,8,0.003149710271500567,0.05612227963563639
YGR087C,0.31553442774518214,0.6190079783222172,0.38285058146858986,0.5507218035422264,0.4130853389512579,0.6279602450640152,1.116348246862392,0.8328788446608723,1.0600321870560685,0.904443749538728,1.033740114628778,0.8230354946547869,6,7,1.8526821562406128,1.3611326740037553
YIL073C,0.7322041642060585,0.7564858707794737,0.6672983257464226,0.5991554641611863,0.7184613214957539,0.5532328775521662,0.10586593157856311,0.10095234144756768,0.11799994555833114,0.12952162892358615,0.10854838032589316,0.13673979255728944,7,9,0.042585501440299996,0.20636254854091135
YDR291W,0.7936426626918642,0.821003680285558,0.785186362270539,0.567157564016199,0.7799737933132858,0.6616907865870165,0.024576543294743954,0.022889320076078908,0.025075047605076346,0.03559391488893587,0.025377453875622142,0.03146789947020768,7,10,0.0029783437470825517,0.05457420404442516
YPR151C,0.8002774482665965,0.7209597763664327,0.7033641887939139,0.6466743312289965,0.7721821425520554,0.7373364427467454,0.10080164693970407,0.11914819854590049,0.12284737041294545,0.13407310570691688,0.10765840873542132,0.11559897561817399,6,8,0.05176798815727359,0.2275257966852849
YER021W,0.5767024307979836,0.5258301032240797,0.6159548175666171,0.5091655179798135,0.5926128623453442,0.37185322266832543,0.18859102181678133,0.19960210440612763,0.1796343087537134,0.20307930052892875,0.18501280297387795,0.22973580911857713,9,10,0.08549670755724041,0.2923982003317401
YGL047W,0.7070218305611421,0.7689808109823104,0.6846887777595316,0.6865420194820848,0.7981349882647187,0.7005349301340638,0.045892535623357406,0.040751955238963466,0.04760955663573295,0.04746943785967954,0.03809385714311264,0.046397812928078486,6,8,0.007314792048826063,0.08552655756445517
YKL061W,0.7917053737273405,0.7577346229425415,0.7672490914732623,0.6007305702862659,0.7912189100392248,0.670440040505875,0.028744658237152866,0.031000149806670596,0.030385319614982042,0.03979707433021793,0.028778204656258563,0.03615641286442718,7,10,0.004036355140730256,0.06353231571987798
YLR135W,0.8200889651950274,0.8588250398106565,0.8048781463760306,0.734380227103688,0.7921311087959139,0.6849761459324006,0.025928765500261984,0.022968454647586754,0.027002619439009376,0.03150526520272313,0.027870687959346774,0.03431031137757082,7,10,0.003802410638103998,0.06166368978664833
YOL021C,0.7447946168526143,0.5479615204786965,0.7281846807131507,0.3426145086948964,0.6092727065862028,0.3302028751090905,0.026073776922038546,0.03470137893889993,0.02690890310592198,0.04184745851584911,0.03226234303425535,0.04224065749702827,7,8,0.0027106359761132747,0.05206376836258853
YLR430W,0.8550100966299092,0.8537904344921375,0.8085789297192632,0.6177651840624805,0.7971433543187949,0.7307341097352589,0.021574977517764403,0.021665532360150216,0.02478998943572607,0.03503052069880825,0.025519730963045332,0.02940167973091663,7,8,0.0032667513641828783,0.05715550160905666
YJL006C,0.8626598888373502,0.8727361033080516,0.8112229810703704,0.7086039294577731,0.8606797447613231,0.7643404878814243,0.02028110857447091,0.019522957152929035,0.023777574691451538,0.02954165610973905,0.020426789969943567,0.026566569598744316,6,10,0.003047467785284801,0.05520387473071796
YHR024C,0.6629629345369945,0.6722727777194888,0.5181706263536592,0.414697096471615,0.6902428599029237,0.42784638460657687,0.026912686194919697,0.026538383985258228,0.032178430027851763,0.0354657014918609,0.02580054489013861,0.03506505612643585,7,9,0.0021867018284931193,0.04676218374384498
YIL068C,0.8514742002410602,0.826411710533358,0.7598461863264175,0.5161262889002936,0.7452215950846199,0.7141790469471703,0.020548856135120686,0.02221503049032927,0.026129520834219145,0.037089648333208276,0.02691336547255044,0.028505832790959956,7,10,0.002892854172035339,0.053785259802620076
YJL025W,0.8014583265285683,0.8145412446829003,0.8119664550867801,0.7005063243249018,0.7408548025204518,0.6667908702701577,0.025620828548110573,0.024762301178221723,0.024933600574536315,0.031467421620156234,0.029271091248476766,0.03319141575413198,7,9,0.003364246429656741,0.058002124354688434
YLR292C,0.2247833381892298,0.11266325168756774,0.2344758322982573,0.06705180997242832,0.20678569250807877,0.13784389520026674,0.1014089908466654,0.1084948554698032,0.10077304108012622,0.11124837473240369,0.10257940632217102,0.10694435501051784,7,8,0.013498420755248756,0.11618270420010354
YOR348C,-1.234211213749659,-1.928997999341704,-1.7478556677093593,-6.549025774022653,-1.2459516393989016,-3.714397178765335,0.2801683296564674,0.3207867819153832,0.31070903777258124,0.5149942514826408,0.2809034852134499,0.40697713613699105,5,8,0.03574925473007886,0.18907473318790868
YPL239W,0.7445837821373245,0.7774469441681862,0.7412535156632377,0.7465187686569499,0.5680696427882757,0.6571878226208989,0.040667773643031375,0.03796146320186047,0.0409320401614254,0.0405134349719186,0.05288506311680198,0.04711446707264902,6,10,0.006588786929640194,0.08117134303213293
YKL196C,0.595955440944099,0.5406139532042304,0.4880042161756474,0.5476602693990349,0.5036137083139185,0.26038766180846906,0.17519241824878137,0.1868054643930739,0.19721224106102578,0.18536726556152272,0.19418271353828176,0.2370296906412036,6,10,0.07729554965844672,0.27802077199095526
YKR087C,0.6946349246966761,0.7344681181643894,0.7018277789762569,0.6546590394168459,0.684601123916434,0.6072161940249543,0.025193094463722317,0.023492550504705962,0.024894615484222567,0.026791429015367945,0.02560365126276009,0.02857252487772482,6,11,0.002114933921427794,0.045988410729528306
YLR238W,0.7327692868592772,0.7333175800942755,0.6659805501107872,0.7025498964542668,0.64900491292271,0.5493119442445678,0.035168708932732794,0.035132611535795846,0.039318697102966926,0.037103963345529144,0.04030544856645136,0.0456721297998103,6,9,0.004709552233081146,0.06862617746225667
YOL116W,0.78731109163459,0.7793787239486996,0.7422592966496843,0.6154745593243371,0.6963662377510077,-0.06423729799123601,0.02333948161493544,0.023770727903506192,0.0256927321539509,0.03138205101149201,0.02788648749417433,0.05220811612827265,7,10,0.0026060977865649633,0.0510499538350914
YOR168W,0.9348733038631748,0.8337653789154795,0.936865763834674,0.7024679034007082,0.9259630182954834,0.7318605008083192,0.041703109108687964,0.06662690654968856,0.041060229836308894,0.08913655024935116,0.04446448468346047,0.08461927649309538,6,7,0.027172585217665763,0.16484109080464665
YDR356W,0.7561961051453898,0.8000665780919074,0.7205564173347241,0.6090339259846024,0.7702382274750894,0.6635661078654268,0.030954679621444176,0.028031652024547323,0.03314004273346739,0.03919904896218608,0.030050027949784914,0.03636267829594622,6,8,0.0039991263484699825,0.06323864600440132
YGR177C,0.7386664034132329,0.6534641186116809,0.7481633313821182,0.6287711881873422,0.752878608340172,0.5098398841996958,0.02628486902297945,0.030267900614723953,0.025802849982731923,0.03132773757911072,0.02556014805245204,0.035997901105134365,7,9,0.0026901068292124516,0.051866239782853464
YLL003W,0.8340855356870469,0.8424186717940378,0.7841981544755805,0.5805163633307667,0.7975594929398839,0.6410545881549223,0.022088259600180377,0.021526417131067895,0.02519108947655034,0.03512180970368455,0.024398778338001068,0.03248879295717878,6,10,0.0029922087213493462,0.05470108519352561
YPL046C,0.3712591219849465,0.38773442150963044,0.33940278045446315,0.44685931310592697,0.5465310355032359,0.5026539638447733,0.07641432938853591,0.07540651668925305,0.0783262488692246,0.07167319421343898,0.0648952249361383,0.06796233442878843,7,8,0.009449983557764228,0.09721102590634577
YBR221C,0.2818228956974893,0.3918557424878093,0.10705520607399899,0.3141767062966835,0.43588238261146817,0.3282917697410881,0.14921764842159438,0.13731175526964326,0.16638597596956978,0.1458177959468138,0.13224804028821854,0.14430944236845852,8,9,0.03154728326076835,0.17761554903996538
YPL152W,0.7558714958410733,0.864277781765149,0.708215507382969,0.7611567274776858,0.7491009013605481,0.7159316932068914,0.034869476440556414,0.025999300048112413,0.03812126335797585,0.03448995978993906,0.03534969996910703,0.03761383133848132,6,10,0.005067870408516214,0.07118897673457748
YAL010C,0.8332326276390113,0.8167879203579722,0.799200955695266,0.7375381085694295,0.7798592358953308,0.6845497176298418,0.025242486313152877,0.02645779448584989,0.027698573762342263,0.031667203548593266,0.029001924743555563,0.034716988592209716,6,10,0.0038878214439412844,0.06235239725897702
YDR121W,0.7923647896148052,0.7159416409441095,0.7214566153959259,0.6566689967092483,0.7194520815375818,0.8095302271414707,0.03134018499040862,0.03665682459872489,0.03629923552412454,0.04030023381176358,0.036429614865388135,0.030016778911843695,7,9,0.004813436500285523,0.06937893412474368
YPL177C,0.8327367036916173,0.853669524420968,0.7978263323987128,0.8247244829485629,0.7833972870957377,0.6671206990252811,0.07552914607683077,0.07064503441416686,0.08303793562541051,0.07731697916385294,0.08595006211425456,0.10655102806476352,6,9,0.03470416790542173,0.18629054701036693
YGL068W,0.7802664259649628,0.5510852649425775,0.8106328003709264,0.37631868278571756,0.7697528560692255,0.43492406813569073,0.03267753118956457,0.04670710593724047,0.030335657085704147,0.05505317815345941,0.033450156490068134,0.052402792760614,8,8,0.004944873590457056,0.07031979515369094
YBL005W,0.7872730807284007,0.8112111660757229,0.8029150924286005,0.7643985900126703,0.6775547733262688,0.7852822879475425,0.07569708281210145,0.07131092498903753,0.07286091180053919,0.0796630372537889,0.09319570412492505,0.07605046139220743,7,9,0.027408733836771563,0.1655558329892715
YDR026C,0.8082815796509906,0.7809832929461618,0.7375049767178393,0.3194852390535773,0.7296250957432652,0.5948912065737737,0.019677857032900904,0.021032190290580618,0.02302535935319874,0.03707359103627778,0.023368404915770573,0.02860432573981128,7,10,0.0020551564943148293,0.04533383388061095
YEL004W,0.802219885687506,0.7911879343076298,0.652514280587412,0.6099951316589485,0.7018018878612042,0.5921310638734983,0.025507512844992183,0.02620925022151854,0.033810008722543056,0.03581886468832103,0.03132054042622641,0.03663001675274305,6,9,0.0033473932987907566,0.05785666166303373
YDL188C,0.8234997301219346,0.7413646692035774,0.7840698654867535,0.699435656320337,0.8013812972011662,0.7628778172794772,0.02282471390998574,0.027629726211928395,0.025245808492445582,0.029785259282613795,0.024212672419856866,0.026455668972522633,6,8,0.003003436466597472,0.05480361727657648
YNR016C,0.7761816600863481,0.6590305913214483,0.7720188653638969,0.6300171747238703,0.7368763185191511,0.6524631847215525,0.20493342790609237,0.25294300727044666,0.20683042521558304,0.2634849123003173,0.22220045191804955,0.25536735482744655,8,9,0.190933914608744,0.43695985468775506
YHR176W,0.8730877116853927,0.9596181665387675,0.813260838121161,0.6191256814659378,0.8936047948907688,0.9293939565045104,0.08907260107372188,0.05024412807000518,0.10804632503881476,0.15430611687296078,0.08155551327321135,0.06643749286065027,6,6,0.06361180696640717,0.2522138120056219
YLR227C,0.24050465420633205,0.03133881374147529,0.3070216684940711,0.10132063044441697,0.2855166088320341,-0.017999763957512238,0.07860243775685281,0.08876860725039702,0.07508155946200691,0.08550191521956982,0.07623765437264936,0.09100123694970322,7,7,0.008277516435718597,0.09098085752353952
YLR403W,0.44156549997540484,-0.10985041612190538,0.3838087894645503,0.2595167533786492,0.35907867194284726,0.4124683512454296,0.03895627545644528,0.05491911524588509,0.04092126560841099,0.04485893161971395,0.04173435149459637,0.03995829422493458,7,8,0.0027652586075033064,0.052585726271520736
YDL048C,0.5927586317899067,0.5334734231691161,0.5342720584869562,0.37149111784981903,0.5257420735858267,0.47940219214570345,0.03765350797417213,0.04030117367179044,0.0402666636045984,0.046777306306239906,0.04063374009632195,0.04257264828753565,8,8,0.0035425185789098473,0.05951906063531116
YFL005W,0.7812077353697222,0.8260857533511563,0.6839341064099846,0.7147736808748579,0.7567671871777019,0.4929734141162342,0.11672326639711976,0.10406604043066807,0.14029114754405572,0.13327118192835544,0.12307009383427647,0.17768747531564455,6,9,0.06336304492230087,0.2517201718621312
YGL219C,0.7497157129647287,0.675376667418959,0.7783628677208179,0.6070331840530407,0.7577910929303524,0.6528448096720534,0.03613862695139358,0.04115709576138944,0.03400761039167358,0.04528275008923448,0.035550843568629385,0.04256147660733373,6,9,0.005309612763369269,0.07286708971387061
YIL091C,0.7091753824714133,0.48505817020796416,0.646678950653456,0.462424357791559,0.3123618469714019,0.3174429371299299,0.02735039598179692,0.036393776327045615,0.03014621495121232,0.03718500351493645,0.04205600525174064,0.04190033721004588,8,8,0.0026172741103905857,0.051159301308663176
YIR034C,0.6794743789519668,0.27462765928497024,0.5784892629172511,0.4258776692198496,0.5790982459730394,0.34587167336177393,0.04242454156671772,0.06382139292954675,0.04865081319108994,0.05677903440670813,0.04861565604419073,0.06060622881177523,8,9,0.005713795645445125,0.07558965303164927
YOR205C,0.7790471472879553,0.7292301475834337,0.6805159604027373,0.6144568869454483,0.692807533410263,0.5389700710082818,0.023301780672710666,0.02579523315849403,0.028019726197913916,0.030780507670704237,0.027475435450684423,0.03365920572403723,8,10,0.0025005281332019444,0.050005281053124226
YER049W,0.7928901173539847,0.4363553517262442,0.7861194857306371,0.4686523876549651,0.5821530935888155,0.6414162960510821,0.04413807323559963,0.0728141281067043,0.044853730518340344,0.07069721833885347,0.06269336131262894,0.058077542874267495,7,7,0.009571479139781338,0.09783393654443912
YJL093C,0.7812965233696026,0.7630986728240968,0.8011474735030937,0.5867773565795363,0.7546548292616242,0.7005501109418923,0.030408126643904965,0.03164794890709118,0.02899528477724809,0.04179784370798086,0.03220702266366642,0.03558147112807389,7,10,0.004302063156014448,0.06559011477360326
YOR090C,0.4112344656390702,0.47237775186260067,0.446793464454723,0.4327390880060923,0.4514584798717297,0.3699368311835213,0.06958224859355888,0.06587017536735583,0.06744828645151422,0.06829968474170224,0.06716329936461435,0.0719812387304763,6,8,0.00836773036072242,0.09147529918356331
YGL040C,0.6185970847607539,0.4373934087838208,0.6004481750875337,0.3281415163807212,0.5496213596452046,0.44163980685000703,0.04551255372381783,0.05527663642168312,0.046582818256717645,0.0604057252790741,0.04945703691471927,0.05506763496500608,8,8,0.005526262863656039,0.07433883819145978
YMR256C,0.592675605566325,0.679960162988078,0.507638851068315,0.5680299846651217,0.7031656970655555,0.48740774605531156,0.3367540475523299,0.2985002054422255,0.37024099320766557,0.34679227520790795,0.2874747188674853,0.37777101550812187,7,8,0.28329464549074923,0.5322543052815536
YOR226C,0.6344728299374607,0.6678312101434304,0.6213976481501378,0.7122390292424088,0.6330423721138907,0.41221452876657627,0.15055456211156235,0.1435203550711494,0.15322362816152077,0.13358264330921404,0.15084886535385986,0.19091652089236671,5,9,0.06309883107770733,0.25119480702774755
YPR180W,0.7564033435484211,0.790101026644146,0.7407455081156398,0.6003329144454832,0.7241399964230482,0.6297651056399236,0.025132006549471928,0.0233290288360695,0.025927142080700485,0.03219146152266069,0.02674458550600994,0.030983478691106507,7,11,0.002638372692707854,0.05136509216099835
YKR010C,0.8399234968606736,0.8489358720988067,0.7805866035643407,0.7283778732538957,0.812211056453509,0.6671454987897074,0.02321043244890191,0.022547589099933388,0.027173839625628117,0.030234445672275623,0.025139373315676204,0.033469301980549974,7,9,0.003424459336760531,0.05851888017350068
YLR389C,0.7641412421388027,0.5700515996241238,0.6753042606243747,0.4226344875837136,0.7406876906149883,0.5617016489350994,0.02689697158858819,0.036314958271578664,0.031558450804305874,0.04208262286713208,0.028202586971530934,0.03666589573373239,7,9,0.0031211015497538013,0.05586681975693445
YLR025W,0.7387609955178577,0.6488603393120151,0.7182710894807789,0.6402991989053319,0.7584641716441866,0.5759795727988033,0.11289926553203891,0.13089168217329533,0.11724324077630442,0.132477709015302,0.10855826336066553,0.1438353042056271,7,9,0.049647496176690176,0.22281718106261506
YOL072W,0.7897094031442324,0.7966699411820637,0.7788442749024643,0.5944988428732974,0.7660059407874116,0.6041720480144009,0.026837367676595714,0.026389476952221082,0.027521942461688424,0.03726713771324753,0.028309513431756972,0.03681995208156216,8,10,0.003485082926891628,0.0590345909352443
YOL004W,0.8199598632295794,0.7622327667404749,0.7567656778630901,0.4645940030535063,0.7429398437839609,0.6862070916268141,0.025312474798878364,0.029088809210951815,0.029421334630871442,0.04365073458690424,0.030245956599574336,0.033417311217805994,7,9,0.003621204238740971,0.060176442556377246
YBR123C,0.8124569780402018,0.8333331000774348,0.7525526121676432,0.7107178103018125,0.7803982191565878,0.6767982839510107,0.023581137381810245,0.022229974899326165,0.02708667708970103,0.02928701716111911,0.025517153281933026,0.03095644796389732,7,10,0.0030170445642162965,0.05492763024395187
YDR296W,0.7780989789202128,0.5774223268384262,0.7720952969873979,0.5319491705351156,0.6763983221590425,0.6302382857711863,0.02232307031584078,0.030805449530217646,0.02262303777041822,0.03242058048409396,0.02695750281838619,0.02881610299230391,7,8,0.0022850814866525017,0.047802525944268905
YDR285W,0.7936597492478114,0.8510728563426563,0.607909745295717,0.7061773658965381,0.7381507797661078,0.7202443689771552,0.05506635626183145,0.04678227022812824,0.0759079717474665,0.06571083518663325,0.06203260304905061,0.06411856316345003,7,9,0.014953465886262639,0.12228436484793401
YER150W,0.6457371942876315,0.16129317326470738,0.5214452804475986,0.39102600760932116,0.8007260682402444,0.43118552194844195,0.07252695613002898,0.11159423544543458,0.0842951278936177,0.09509026218430842,0.05439536771406968,0.09190137158536454,9,9,0.015108678576528313,0.12291736482909285
YFR031C-A,0.9087835271272867,0.8795067873123531,0.9035004959950306,0.7780707700689875,0.9157637074224236,0.8875792052562876,0.29087383665845945,0.33430995864328217,0.299178625351621,0.4537067859417856,0.27952306129078713,0.3229173258871953,6,9,0.943820011947023,0.9715039948178407
YDR425W,0.8492297205010606,0.9019250372555532,0.8264891639867447,0.7291697912965549,0.7986542218680405,0.7894459471366682,0.026020797930258018,0.020986587001921898,0.027914254986801442,0.03487476520123433,0.03007003987240355,0.030749959126423452,6,10,0.004569604549907656,0.06759885021143226
YDR069C,0.7089900450535288,0.6043949983488015,0.6702205757376571,0.5296822718830847,0.7315377558017369,0.6035904015436231,0.034800775328860514,0.04057568718889922,0.037046465086123366,0.04424158438043148,0.03342539937672346,0.04061692843368183,8,9,0.00423470470703956,0.06507460877361892
YJR010C-A,0.5791202602246326,0.4316072597415135,0.5879611752639902,0.5170328928541816,0.4157062597847754,0.3992373377110493,0.03706233862714449,0.04307031725442324,0.036671010671279716,0.039702018419439065,0.04366861584486808,0.04427976182728545,8,9,0.003320937919571307,0.05762757950470683
YGR215W,0.679458399655652,0.5585153986568725,0.6967729684866848,0.3181942242839698,0.69833408219923,0.3739005754944822,0.06847542931171427,0.08036192724786002,0.06660035138416452,0.0998672063612765,0.0664286897650732,0.09570050194492483,8,9,0.014884637577348493,0.12200261299393753
YLR133W,0.8354889852841658,0.9000350632478966,0.8283666339157137,0.855647710810349,0.861916039650998,0.8038556771753698,0.027944575079643364,0.021783309769422186,0.02854308294892098,0.026176516863923346,0.025601866983993495,0.03051320950118497,6,9,0.004830067245401833,0.06949868520628166
YLR303W,0.8379929073502996,0.9397751142234688,0.7989700175828292,0.6932253486939004,0.8620449262306009,0.8619647119105605,1.6954097585771561,1.0337027149235567,1.8885917219192925,2.333014295801309,1.564503371205336,1.5649581472913734,5,6,18.053793335883018,4.248975563107303
YBL064C,0.5139283729798116,0.3017062979034282,0.5591907638596277,0.39462767622093375,0.544361456548001,0.5109666299821123,0.31372304838951504,0.3760238167447357,0.29875943780139075,0.3501124639050257,0.30374316793225975,0.3146773891496694,7,9,0.2060372379886974,0.4539132494086259
YDL097C,0.6067406956394668,0.6076530643587841,0.5370062540187912,0.3140644928874463,0.6363084985996683,0.3714416162693537,0.19565706941370903,0.19542997364564937,0.21229687593078794,0.2584030784198444,0.1881579693263869,0.24735964711459615,9,9,0.09905244950413347,0.31472599114806754
YHL024W,0.7780319776225751,0.7646872792472134,0.7662854422453504,0.7227076167085558,0.7517540419257059,0.6157712734230802,1.4460399729637978,1.4888734812581592,1.4838089093139142,1.6162333436912597,1.5292418866117163,1.9025234028728562,7,9,9.585688720347989,3.0960763427842
YLR240W,0.7909464959817758,0.7546514600586581,0.7823485602237931,0.5897564140962915,0.7842095853895719,0.7273353330210318,0.02698993277145535,0.029239154901066506,0.02753936038405304,0.037808894309319226,0.027421370193326095,0.030823894466030233,6,10,0.0035456779955762726,0.05954559593770368
YMR123W,0.8526379704741682,0.844484480731537,0.8328215659320494,0.6535010918463552,0.8385062428615394,0.6379035355760252,0.028309927612484166,0.029082573156137163,0.03015338607249821,0.043410710807047614,0.02963628967343535,0.0443770168094043,6,9,0.005534075266720125,0.07439136553875138
YOR043W,0.5227726991294884,0.4673359758509963,0.491539031022186,0.3481440660198496,0.36551572749494277,0.27225922926208124,0.027327094018317316,0.028870711944111324,0.02820717682871294,0.031937919535903636,0.03150948038527269,0.03374575614864583,9,10,0.0015922628385970595,0.03990316827768266
YMR068W,0.8295162671549663,0.8390894652666139,0.7790841434751761,0.7308308490702664,0.8366815750086095,0.7390625599138073,0.02514085516085601,0.024424788519612595,0.028618839403446922,0.03159011561387979,0.024606858085857455,0.031103321664894937,7,10,0.003772508995426377,0.06142075378425746
YNR035C,0.699470563578485,0.5530037335832139,0.6725265751909638,0.5752902075613529,0.6484047995637462,0.6549670704112807,0.050218985139993275,0.0612458083881404,0.05242186339467115,0.05969948170858428,0.05431826536587974,0.05380897215059634,7,9,0.00853890112706762,0.09240617472370351
YLR307W,-0.028401141345216763,-0.06389730081783784,0.11880763354530965,0.06048189647099966,0.1475514051741572,0.09933627263967293,0.926544800544882,0.9423994019405995,0.857670576823163,0.8856002383658048,0.8435663511199322,0.8670946060975057,6,7,0.8494218620921576,0.9216408530941744
YAL036C,0.8634808475385062,0.7939453030838557,0.8347820533500567,0.7889128485699533,0.7951832796106583,0.7233156348141954,0.027054962872450024,0.033238499485792355,0.029763140930283677,0.03364194141496584,0.033138500616210015,0.038516113691801655,8,7,0.005455737157555083,0.07386296201449738
YFL021W,0.6734655177056983,-0.6139021371549376,0.5226396246329639,-1.424063061198046,0.48388420991742565,0.31586687012308257,0.0682207958630699,0.15166691568238902,0.08248508757129719,0.18587638325567968,0.08576810796538152,0.09874669471864514,7,10,0.014502993461497356,0.1204283748187999
YEL065W,0.302003797186011,-0.6790372344873448,0.3261544297767538,-1.8280606564911959,0.5487641513444407,0.07325878437245925,0.53072646400378,0.8231412714462015,0.5214640851278723,1.0682885502362125,0.42672296036727453,0.6115380059110633,7,9,0.41062138669831566,0.6407974615261172
YHR187W,0.7430995297051612,0.7518338100018475,0.6538234146899347,0.53688411741978,0.690867347165965,0.5106444280664759,0.026547587996476878,0.026092393887814966,0.030817078470670282,0.03564408388456761,0.029121588429984156,0.03663995133783335,7,10,0.00279150478496329,0.05283469300529047
YJR049C,0.823284874418273,0.7804359055344579,0.7652387820353448,0.6536751483696811,0.7738290502789751,0.02360848990125819,0.024530294101003148,0.027343024636875383,0.028273467240619538,0.03434058757036476,0.027751362099354374,0.057660431823802274,7,10,0.003464853881740014,0.0588630094519471
YNL289W,0.16973091016105601,0.29722675445833024,0.05726001823202831,-0.18798763486936787,0.2825128590024567,-0.21874816529671026,0.05315555196477028,0.04890427299210667,0.05664155403398433,0.0635836064605499,0.049413573026215345,0.06440152994692987,8,8,0.0034628328793557908,0.0588458399494458
YDL156W,0.8492808614124392,0.8590438155836407,0.8318882088957968,0.7557305688549059,0.8125865316231586,0.7544836121126903,0.02465944743500099,0.02384740935566075,0.026043432707860248,0.0313930635808255,0.02749790062488896,0.031473089888149314,7,10,0.004105361603219164,0.06407309578301304
YNL160W,0.5649545757199639,0.23419074694483832,0.616076877359091,0.35734888393310926,0.6012665139255253,0.24378056566224038,0.36428031596596316,0.48331325589277774,0.34220829828707555,0.4427474158449207,0.3487464189851388,0.4802775860395883,8,8,0.3103772936037269,0.5571151529116103
YGL099W,0.7518632029779785,0.6963955457349179,0.7004519907106395,0.5976814370174783,0.6297212254352651,0.4852776028406782,0.027034293103948944,0.02990360183984502,0.029703159748202833,0.03442345583102936,0.033024316736546974,0.0389364152691972,8,9,0.002997036292380491,0.054745194240047146
YOR021C,0.6324886869195672,0.29720070880500404,0.6372552403232419,0.17070047418569234,0.5758522409663038,0.2151605803081681,0.036628026391491354,0.050651675931209714,0.03638972183199341,0.055021683036604534,0.039349276410497444,0.05352646544030155,8,8,0.0037145778291616475,0.060947336522293144
YOR070C,0.8396322197477454,0.7899536156510503,0.8329357361082342,0.7271180833344473,0.8215334204775188,0.7261790873527303,0.02300671015971595,0.02633016419520498,0.023482143787777344,0.030011198592124966,0.02427025907811868,0.030062789028060807,6,10,0.003358497756138505,0.05795254745167381
YGR205W,0.7313596154263687,0.6667372073839857,0.6979662857731739,0.686855510087373,0.7026813490646694,0.6134805854577126,0.029297582448198394,0.032631688716475704,0.031065178008807415,0.03163140785498718,0.03082174419009797,0.03514243023771221,7,10,0.0032512128861600788,0.057019407977986575
YKL121W,0.552565622691571,0.6229693363104418,0.48477795052869976,0.3524099511787827,0.587513583273862,0.47520758541127195,0.05886518536831368,0.05403587369179301,0.06316711790282831,0.07081804359380556,0.056519546358409924,0.06375109021710133,6,9,0.00788026497654231,0.08877085657208851
YKL001C,0.8482982581303802,0.9195598880290424,0.8689584395806192,0.9110877929936819,0.8185950711646378,0.852080397064571,0.764292259692072,0.5565452888655913,0.710343982118833,0.5851199055297938,0.8357737351949954,0.7547046811607397,5,6,3.9181539230250366,1.979432727582586
YOL060C,0.4280649739555076,0.45986899204202025,0.4488312020914741,0.343625735313567,0.4877746607742586,0.23438189016661093,0.05024390982489536,0.04882695435740705,0.049323330297464225,0.05382522486126587,0.04754891482562276,0.058132122392003244,8,9,0.004491312758152426,0.06701725716673598
YGL226W,0.7544120034785622,0.7977326629081372,0.7200563775190212,0.6846194454447052,0.7848347813643278,0.47221158169882615,0.028260538227713843,0.025647187047336425,0.030172559317640017,0.032025381869741215,0.02645226685524917,0.041429223041607156,6,9,0.003309076895685349,0.05752457644942159
YGR188C,0.8245138783798551,0.8484220826620243,0.7953591227464638,0.7851200913733744,0.796524901416254,0.7024883287748738,0.02601299194461176,0.024176135792609948,0.028090865023825514,0.028785039110041894,0.028010738062980052,0.03387044653934546,7,10,0.003923656457490417,0.06263909687639516
YLR449W,0.7970417008196594,0.6991003919303511,0.7916166558524096,0.49689065973293034,0.6667623057146514,0.6370634855595296,0.08431384486027545,0.10266119092158765,0.08543326195656074,0.13274759968987163,0.10803700779000876,0.11274851200041569,6,9,0.03564052656381009,0.1887869872735144
YMR058W,0.7166904885255588,0.4769235070677955,0.703918507181069,-0.3884641361774759,0.7725521203263548,0.7055210706521109,0.2324277548511951,0.3158202777625827,0.23760908418418356,0.5145466354629858,0.20825639956005645,0.23696517312899584,9,9,0.1940295859658523,0.4404878953681387
YGL005C,0.766401266157932,0.8264563448838891,0.7201198031034398,0.6804336395308409,0.7529793890499905,0.6090998281249618,0.025609131076261418,0.022073132529892046,0.0280314579258159,0.029952986380951944,0.026334567882887506,0.03312779511011137,7,10,0.0028567506800097195,0.05344857977542265
YDR106W,0.8547558660042957,0.8560738019790113,0.7936987243821205,0.6221564622670652,0.7693522973848166,0.7630318705351475,0.026108010488641347,0.02598928934991654,0.031115403299884596,0.042109538054221775,0.032900238355000035,0.03334797351913157,6,9,0.004775315754741796,0.06910365948878393
YNL151C,0.7771109569365761,0.617978852764818,0.7595268831494417,0.30775636816679386,0.7185331464030318,0.3865489883373022,0.03257814553564964,0.042650654639990265,0.03383882430253031,0.057413164353371245,0.036609654343248275,0.054047043593255496,7,9,0.0048452605561893755,0.06960790584545247
YBR055C,0.7761983696476561,0.7592927724085865,0.758868518442806,0.6073028811894974,0.7583657320171058,0.5044323731015805,0.025026087239550784,0.025954095396243843,0.02597695777644233,0.033150508052409364,0.02600402612191893,0.03724026779097391,6,10,0.002847579123001993,0.05336271285272136
YDL215C,0.5984192403378162,0.5788975701854966,0.550010616183819,0.2767347883013829,0.3531791876876422,0.0018465394082377573,0.16089996752572722,0.16476440017988392,0.17032195836021688,0.21593264086158115,0.2042027096901558,0.2536694494747555,7,9,0.06559823492969591,0.2561215237532682
YFR048W,0.8355932022029708,0.83881539107215,0.837698473753121,0.7185825571302649,0.7733044489456848,0.7722242626755332,0.020593957755969946,0.020391149898301063,0.02046167744403076,0.02694358859093229,0.024182513050893834,0.02424005845818107,6,10,0.002624901448006256,0.05123379205179191
YDL155W,-0.07332505043742255,-0.0811809320087662,0.03259845832322694,0.031239359777793796,0.06700808520763035,0.05916431977143488,0.2358818127767264,0.2367434721634562,0.22394027724140633,0.2240975284290107,0.21992153801119355,0.2208440553978302,6,7,0.0527485815733902,0.229670593619188
YDR021W,0.8280214500980972,0.8137368360547692,0.7936046879831387,0.6484628908967913,0.6767302504272924,0.6250372991190196,0.025624358692526945,0.02666731872146254,0.028071510225797274,0.03663544339363732,0.0351316378337367,0.037836407833888336,8,9,0.003884944914015939,0.062329326275966906
YHR098C,0.8941051207196608,0.8628740166615918,0.8287569904157349,0.7122585598867083,0.9078411771497353,0.8110910213522285,0.03966257182543783,0.045133942289027264,0.05043706631008888,0.06537995212281296,0.037000862798018216,0.05297484464553919,6,8,0.015116105747765845,0.12294757316745152
YFR038W,0.7884759035040565,0.774744693014367,0.7764935814627942,0.5920697079163453,0.7753407380160355,0.63408931542967,0.023654551154310328,0.024410254266664853,0.02431530867206516,0.032849424510282235,0.02437793705319619,0.03111159902712943,7,10,0.002691675568908127,0.051881360515199745
YKR081C,0.6606854543055012,-0.02326140156262846,0.7688581031714318,0.22697475561637914,0.5133725341256181,0.1258026842343436,0.04112134147428217,0.0714100490634779,0.03393949466691445,0.06206730287891982,0.049245249707740496,0.06600407811135613,8,8,0.005070901894062823,0.07121026536997895
YDR142C,0.8672820255180224,0.8906513092380592,0.8669800235383326,0.7614260345571646,0.8951058040317079,0.8010890901687915,0.022245925628225364,0.020192607437663778,0.022271221734647097,0.029826145566988805,0.01977704208402454,0.02723421805850562,6,10,0.003794236127108038,0.061597371105494736
YIR027C,0.8141401442458212,0.7615937096171638,0.774101851982075,0.556337925716847,0.748488253797095,0.571229481005454,0.027486500102926137,0.031130457354772087,0.030302815481409874,0.04246711896686244,0.031974648751050085,0.04174832969955386,8,10,0.004136246666226997,0.06431365847335227
YLR129W,0.7693145578623363,0.15741753936313674,0.7748869481005178,0.2703077288131178,0.47643738426588056,0.36744860903018306,0.028974590268096862,0.055374958832684514,0.02862249887775142,0.051532009981737,0.043650731246302685,0.047979433583458915,8,7,0.003703118042749393,0.06085325005905102
YER088C,0.3288202488555795,0.3802035254613704,0.3810694373272503,0.3504831414402052,0.34719610718939686,0.4058297411334736,0.16162730758213908,0.15531731219025788,0.15520877808588865,0.15899758558227703,0.15939940036710726,0.15207252964961684,6,8,0.03960443016677713,0.19900861832286845
YMR314W,0.4353356664823548,0.5153476998687481,0.47000532935453176,0.4699623544454312,0.40177077398995886,0.20423226942846306,0.22925811580917532,0.21239519107188665,0.22210855754814798,0.2221175622628322,0.2359735648858151,0.27215900113751623,8,9,0.09471357262299657,0.30775570282774056
YLL040C,0.7860522451095486,0.613925300625248,0.8077458829473546,0.49803116037549156,0.7324214812673413,0.7140439436855586,0.039480076501281124,0.05303466009725714,0.03742501156479701,0.06047313702658112,0.04415193497176994,0.04564295654447293,7,9,0.007413125891741462,0.08609951156505745
YDR130C,0.8866652865038226,0.9369894489302782,0.8652869262094767,0.7928213875214203,0.9006644094414145,0.8320667033051279,0.022223250924852896,0.01657039088702608,0.02422874879959136,0.030046824096326186,0.020805518978830134,0.027051697430407928,6,9,0.004434098809509351,0.0665890291978292
YOR280C,0.7386933941162892,0.7562924221662437,0.6922817284979341,0.6451986757058417,0.6845688106106629,-0.29258344808903325,0.02689615985017753,0.025974643727950532,0.029187152340890983,0.03134062830858162,0.029550674591144105,0.05981972028238443,6,10,0.0028169770150810445,0.053075201507681954
YGL100W,0.43063429407067055,0.35019838352896315,0.4506286632294233,0.3646789232750781,0.4936586023106443,0.2866792393822153,0.030808492043846787,0.03291282669122768,0.030262708005037053,0.03254403668989749,0.02905336948633039,0.034483967032827495,7,8,0.0016963002119854556,0.04118616529837969
YPL189C-A,0.493767494183171,0.3916144450523311,0.473105258170477,0.42400708229018036,0.3313090531487538,0.26174279805226597,0.1669600269442299,0.18303196361476612,0.17033324659414043,0.1780926776825209,0.19188905926754585,0.20162358762241506,7,8,0.05603096753566987,0.23670861314212854
YJL105W,0.739721471905725,0.8147308258102897,0.7176692589975574,0.5947165446268172,0.6571256182068993,0.589746789283025,0.030273229015550195,0.02554119178483765,0.031529614386630926,0.03777626470039687,0.03474618231347158,0.038007173166887384,6,9,0.0035828802120219513,0.05985716508507525
YFL033C,0.8192546123487572,0.7045041326104649,0.6822210688489236,0.5939023268422086,0.7441680411265721,0.7008490865199277,0.02974806071556954,0.038036517997592854,0.03944460373095019,0.04459029011381453,0.035391783247506414,0.03827103558748722,7,9,0.0049819943736580125,0.07058324428402263
YPL032C,-0.06949128453639375,-0.18760746143492812,-0.11158133358108091,-0.06554156538164291,0.04880699066428851,-0.11993398333641214,0.057551199368336435,0.06064600712657419,0.05867274085923613,0.057444830417106824,0.05427503082654659,0.05889276779545322,8,9,0.0031512629662242752,0.05613611107143311
YHR197W,0.7288739684746601,0.38610572996971726,0.6699362169841384,0.38827420890632236,0.3425806652823793,0.2260574650162147,0.027738961528862644,0.04173989761704683,0.030605785210684425,0.04166611279414616,0.04319423888784003,0.046866114301322495,7,8,0.002887768116062384,0.05373795787022786
YOL146W,0.7313447052403463,0.8792873131794764,0.7175470211885138,0.6395731040381605,0.7022980927081581,0.24680455629311604,0.029707048375883168,0.019913071796992685,0.030460349420555578,0.03440886894611223,0.03127178055646745,0.04974112956927769,7,10,0.0033425409805881608,0.057814712492480325
YKL156W,0.8991594857304128,0.8072093089831542,0.8923402657668349,0.6642610038654828,0.9398532037303196,0.5230550938703843,0.21131097959357864,0.2921780373009059,0.2183389357531516,0.38557194939271944,0.16319647999270614,0.4595562160142929,6,10,0.45056993846297155,0.6712450658760715
YBR026C,0.7678558749801407,0.4337101019862223,0.731580683560063,0.5237191292070401,0.5897205559310201,0.5585288955324732,0.12051488195318719,0.18822670434518285,0.12958917173660223,0.17262090953584372,0.16021445997058598,0.16619309380051625,7,11,0.0636614901403361,0.2523122869388966
YLR375W,0.83019811021963,0.78248652172592,0.7651515236769566,0.626063232489158,0.7949576276421171,0.6934149689566529,0.039696409203566464,0.044928617051533386,0.046684621015100625,0.05890864710679216,0.04362161828964197,0.05334029797686435,8,9,0.009443066892807463,0.09717544387759422
YKL106W,0.6848140066472344,0.6810251592937366,0.6313506536366078,0.4930895033673862,0.6500551092965168,0.5206784093674095,0.027105075743804462,0.027267503973477023,0.02931392042490588,0.034374216868435545,0.02856057844126182,0.03342571196045781,9,9,0.0023718514136717626,0.048701657196359986
YLR427W,0.7215402320565594,0.7452681095915339,0.6792061528531653,0.5762285934573839,0.6921214968464494,0.5651154949031542,0.02775105856776883,0.02654238747388509,0.029785942068410266,0.034234512705315925,0.029180182837465003,0.03468049539806254,8,10,0.0028141665008581686,0.05304871818298882
YMR217W,0.844911540828605,0.5483124180718781,0.8766728637593182,0.6548067973788657,0.7010168689328824,0.7705927279774538,0.08927422564285842,0.15235454926216213,0.07960964269331532,0.13318872725577913,0.12395375684162102,0.10857752593335931,6,9,0.052290866727260854,0.22867196314209762
YHR152W,0.423146894662342,0.2634895993750489,0.399565114739873,0.45672488503618225,0.49139354067197993,0.296604204202495,0.13861732331783166,0.15662977823584243,0.1414222848052857,0.13452245893140916,0.13015948653865075,0.15306812948328574,7,8,0.03389400739336525,0.18410325199019503
YML110C,0.7080478335621033,0.4363909689055381,0.6742303559995464,0.1491698604246292,0.6120097233872711,0.5939447464034322,0.04767928070837012,0.0662464813069828,0.05036503620464653,0.08139454068677952,0.054964750991207574,0.0562297834225156,7,8,0.007923203775097854,0.08901237989795495
YNR013C,0.6972752538763087,0.5005627398006323,0.6772243253078135,0.6094267572646674,0.612386259120762,0.5976634887526788,0.03818604933233347,0.049047992555532806,0.0394303985000287,0.04337425328302037,0.04320961031355055,0.04402257989586874,8,8,0.004901338225532116,0.07000955810124869
YBR272C,0.7830814403228765,0.6826921752821078,0.7326818549965097,0.6098759265227212,0.7181676222155855,0.7280676855556862,0.024487003825150636,0.02961608745992098,0.027183258333266166,0.03283890506363699,0.02791147164111052,0.02741685925208441,8,9,0.0028127279187560084,0.053035157384097656
YDR375C,0.726399213386398,0.6254556164468621,0.7428951721277374,0.5487493623790882,0.7177564984277978,0.5084644365589608,0.021985572281415667,0.025723540810425372,0.02131249133721631,0.028235014700277738,0.022330121165977494,0.029468401373868604,8,9,0.0017976756907931864,0.04239900577599888
YKL081W,0.9197519550408167,0.8784001567613899,0.904018368607121,0.7485081157095854,0.9441331123168719,0.8933586034790348,0.1881121990917766,0.23156143788851838,0.20572818461382844,0.33301340634826765,0.1569556554883232,0.2168516055668269,5,9,0.4486964135023489,0.6698480525480005
YMR231W,0.8141353792341104,0.8189476831895235,0.7423320945772407,0.7059038406571476,0.7739663014956827,0.5743897261051651,0.02230245492323038,0.022011840063571132,0.02625938005717548,0.028054270607418233,0.02459466440386987,0.03374895708762143,7,10,0.0027230884525389315,0.05218322002846252
YMR236W,0.5850128119781213,0.5012657141116019,0.5491916838417691,0.4570828312710905,0.57726676748549,-0.48561253238350477,0.028207235496834043,0.030922727444115592,0.029399445509696347,0.032263387759818206,0.02846927288375553,0.05336984692362646,8,8,0.0019509201655900572,0.044169221926473386
YLR417W,0.7850660826796112,0.7502826172018311,0.7844690314188032,0.6625278761657145,0.7498762254322845,0.17443612929113972,0.027377748532416656,0.029510029278596493,0.027415747615227012,0.034305535697368765,0.02953403192836524,0.053656284043640874,6,10,0.003548490477121691,0.0595692074575589
YFL017C,0.11176412203211639,0.4124083970433824,0.026583481826737643,0.09897287717118419,0.30447153087731105,0.381364860087408,0.24803795139709883,0.2017398857187277,0.259658973496154,0.24981753124289371,0.21948833073758436,0.20700044196230655,6,8,0.07047922145337782,0.26547922979656585
YOR065W,0.5364017344253649,0.4042252119823587,0.4216049110477398,0.16331830805290593,0.6869259987576436,0.3783340798122936,0.17584230475836796,0.19933957433775054,0.19641052863607697,0.2362286669042352,0.14450270205559684,0.20362495255054275,8,8,0.06786690907745872,0.26051278102515185
YDR190C,0.6239729951308736,0.23194331047867245,0.6469255650623863,0.37776862160756264,0.16163227917067313,0.19865981683026368,0.03321646089924278,0.04747232238512794,0.03218673887063979,0.0427287112720329,0.049597651711548646,0.048490013020246574,9,8,0.002985663221657984,0.05464122273209105
YDR191W,0.7018299741290965,0.7668643086117555,0.6313938137329689,0.700241007336388,0.6865541884582367,0.678695625940944,0.04030709666792414,0.03564133053314754,0.04481576717354821,0.040414353487908394,0.041326703166743264,0.041841557702636215,6,9,0.0055443697930646135,0.07446052506573274
YKL143W,0.6932263377490164,0.4345023077795622,0.6510778689422896,0.3500532375445855,0.22910554479590295,0.21318258503328025,0.030522281113814435,0.04144034581785315,0.03255159028715738,0.04442698537160417,0.048384405967376164,0.048881546141653305,10,8,0.003090075159268774,0.05558844447606691
YKL051W,0.6655258850181416,0.6119709644602787,0.6713214560155065,0.5933853993130516,0.67104116303607,0.43482769319002,0.0374824792305339,0.04037189774032873,0.03715632300412437,0.041327443134680494,0.03717216285318683,0.0487233890772322,8,9,0.004274125230043757,0.06537679427781509
YPL148C,0.7614635235161423,0.7898385972003756,0.6705787241295426,0.6213564187677684,0.7169711505908997,0.5257981003250753,0.027573339985522336,0.02588144113982871,0.03240319231312309,0.03473979692617867,0.03003497873590152,0.03887707842023336,7,10,0.0032432250791882573,0.056949320269764916
YCL026C-A,0.46461581498972326,0.5272762748384581,0.44031957654809684,0.38048743743368674,0.4799657266955939,0.49419105777157213,0.06937497579146559,0.06518891836433593,0.0709316616334913,0.07462685408930478,0.06837322406253599,0.06743157862846577,8,7,0.009147307712638827,0.09564155850172469
YOR304C-A,0.742612779520397,0.757846973799386,0.7531024329905471,0.6190153911050893,0.7226316469618099,0.6874561193983639,0.029526076478979115,0.028638957222621466,0.028918159948223977,0.03592245140929603,0.030650721656842836,0.03253626902922309,7,9,0.003446494887438076,0.05870685554037174
YLR090W,0.7165207550805344,0.6559719549529437,0.6811857398839615,0.4880289837352847,0.7025932773675161,0.42183842091372525,0.025803809875399437,0.028426286146343956,0.02736478680323961,0.034677348844065065,0.026430086850740286,0.03685087578436478,8,9,0.0023900090047494255,0.04888771834264129
YDR522C,-0.11546766174211798,-0.24312590868678408,-0.04017403080405946,-0.18969039809004973,0.015596067509820344,0.012075035002895307,2.8033690172848154,2.9594386138749647,2.707103002434842,2.8951345709838234,2.6335310736475948,2.638236698685162,5,7,7.168968829210056,2.677493011981554
YLR107W,0.7898438049842371,0.8298043526551608,0.7556833376537928,0.7258137608974642,0.7332181219728899,0.6054221824059751,0.0237683212239816,0.021389549337917074,0.025627364931778727,0.027148774932009213,0.02677969168134922,0.03256819900327074,6,9,0.0027353188454527417,0.052300275768419634
YER106W,0.4802973415069265,0.5448918717225462,0.40611918927184465,0.43778458763457695,0.6104584622476816,0.5139091803243359,0.08411183508616744,0.07871127276652652,0.08991440719569692,0.08748447954037708,0.07282098115889175,0.0813464019809628,7,8,0.013851997861132148,0.11769451075191292
YER019W,0.8641357841951068,0.699006929502312,0.8549258947382533,0.6384157742620193,0.859029625018576,0.012542339065220731,0.02026654176885144,0.030165140575766265,0.020942188062580108,0.03306220716929169,0.020643866047221373,0.05463693728614841,7,10,0.003076148858642463,0.055463040474197436
YCR081W,0.8180034236424916,0.8281714070076014,0.8188912345224224,0.6644752802915416,0.7072163528693068,0.5750808412868007,0.023801020465465703,0.023126594500569,0.023742896740484742,0.03231664218841722,0.03018821099913492,0.036367807960338415,7,10,0.003167240740404363,0.056278243934973333
YMR113W,0.7971157942756439,0.7557834981332819,0.690185067612932,0.5551433430104583,0.7338476541545198,0.5881806966020129,0.023584310598283004,0.025875370039445914,0.0291440725386329,0.0349228045317266,0.027012464888575942,0.033601016510526084,8,10,0.0027896599680525638,0.05281723173409
YNL307C,0.7507990557998949,0.6305203570598192,0.6553941523219703,0.38837032988022524,0.6496126317185403,-0.36400047191971185,0.043702773239313354,0.05321442976191289,0.05139199493326231,0.06846654731476544,0.051821308595166024,0.1022448436927981,8,9,0.007798686240188673,0.088310170649754
YML112W,0.752094544364454,0.779176749978169,0.7359249056483883,0.7022674008087011,0.6932692802984973,0.6033596846976178,0.026938441156009886,0.025424464673594493,0.027803094797681463,0.02952178500107725,0.029964570389672172,0.03407437086836634,7,10,0.0029785985600214067,0.05457653854928331
YDR065W,0.4083886062220654,0.3340187312144245,0.3374512566396993,0.26710304518632966,0.3807180290845411,0.3190635796332031,0.06070816380833941,0.06441097005270628,0.06424476574523888,0.06756943557963023,0.062111647775826145,0.06513015538039676,7,8,0.006338854789661443,0.07961692527133564
YNL152W,0.791188769756684,0.7916483014089372,0.7318562546802312,0.6430813796730488,0.740763029368517,0.6014544436022506,0.024461291296174498,0.024434360443868028,0.027719557232025824,0.03198063304253375,0.02725529721300063,0.03379414312307259,7,10,0.0029158021017596687,0.053998167577795346
YFR052W,0.5147424586572491,0.6139346092296406,0.5523504175118055,0.4869544767586298,0.62778809169372,0.34760296406053504,0.15617454460715072,0.1393010970985093,0.15000066810582455,0.1605839190691854,0.13677893986175088,0.18108400500228083,8,9,0.051144783076519575,0.2261521237497441
YHR090C,0.8191658142518682,0.8913907108550136,0.7887304368422756,0.784774258196631,0.8159479733817504,0.7208411134262841,0.030516257178803432,0.023649637289208138,0.0329844666441245,0.033291863512873214,0.030786569635591694,0.03791549476599631,6,9,0.005240046434757062,0.07238816501857925
YDR225W,-0.05265467044866656,-0.5625116565337229,-0.12975409815754424,-0.15329637974020538,-0.22675491966148886,-0.2164006581276694,0.47757647454472757,0.5818507485576001,0.49475697681043296,0.4998853725680873,0.5155595887323379,0.5133792221836224,8,8,0.22047180959679483,0.4695442573355517
YPL116W,0.8216175087468078,0.7924258506829562,0.8146145541992791,0.6719909635215986,0.8282715044875465,0.6984738100497869,0.020949990037642544,0.02259926640385315,0.021357259578849846,0.028408651069217916,0.020555540028366747,0.027237687216311597,6,9,0.0025036208204978418,0.05003619510412279
YNL124W,0.80591118393339,0.8146013632716587,0.7584366458787278,0.6703159165317493,0.75684318507718,0.6815627385101508,0.024760246489141456,0.024199588244995195,0.027622961234870468,0.0322703517080043,0.027713918236642356,0.03171514114748906,6,9,0.0032141234589430964,0.056693239975706945
YBR249C,0.7297706819050647,0.7039557181624623,0.6954319284625868,0.77544674345751,0.7057317065515032,0.8265287548307706,0.13017720347751705,0.13625330437105132,0.13820090648690717,0.11866656845094992,0.13584399347762854,0.10429955437051476,8,9,0.06381026493468532,0.2526069376218423
YOL013C,0.7708691114756722,0.7489610216633044,0.7500624742531438,0.6722992652030757,0.7014001673962682,0.6245174233905721,0.03418760123391635,0.03578470072455409,0.035706110377944404,0.04088514267889835,0.03902757707070256,0.043764473160152646,6,9,0.005190470870018525,0.07204492258319475
YOL026C,0.6377988173168991,0.7954273453783558,0.6543671812411518,0.7682807417418847,0.6751638063645151,0.6076395144812874,0.08291367134819763,0.06231247538948242,0.080995091491669,0.06631813104154902,0.07852056576602837,0.08629663181023356,6,9,0.019313259032512436,0.13897215200360263
YLR201C,0.6703672344316705,0.5063515249507012,0.6110978184663141,0.5001209176978509,0.7602017355532545,0.625324987217158,0.03592571298335354,0.0439641933041878,0.03902207852350123,0.044240771388083994,0.030641726130696264,0.038301658014134383,6,9,0.003984130502890283,0.06311996912935147
YKL154W,0.6245239420982066,0.5717047570440746,0.6328414617612221,0.5037542922534878,0.5013295244769228,0.474524503532856,0.023593204404217888,0.02519807886701132,0.023330423462077726,0.027123403652028408,0.02718958841753671,0.027910784278400408,6,9,0.0015084980354659854,0.038839387681398704
YLR390W-A,0.16464477187618198,-1.056743807378238,0.23115614736716383,-0.6657502139716502,0.026335049691143197,-0.09924128132827104,0.47879455938664006,0.7512832538340366,0.4593383250501112,0.6761118506552314,0.5169140987562287,0.5492374272459823,8,9,0.2792417534997297,0.5284333008996781
YBL101C,0.6185303115097045,0.5595337844391335,0.5915890904699044,0.1425546061144658,0.5534654656423976,0.47412247654438755,0.07324727691512911,0.0787077989987784,0.07578969051383229,0.10981576776227689,0.07924812442431414,0.086001053415268,6,9,0.014311200645718739,0.11962943051656953
YJL090C,0.8085389662924005,0.8403919413791994,0.7836028111327262,0.6582956043183925,0.7751180055922383,0.6979774657975368,0.024828725519307523,0.022669484020996937,0.026396116415882635,0.033169544721300175,0.026908628932072704,0.03118414932382948,7,10,0.003276284395431971,0.057238836426258446
YNL180C,0.5248028751327384,0.37939933748672205,0.5145332151889764,0.2882488398687417,0.4931294334257159,0.37823698089981783,0.033878790691515344,0.038716591388585554,0.03424291739497321,0.041462462278629854,0.03498964482466992,0.038752831627722056,7,10,0.0024577354460438836,0.049575552907092056
YHL021C,0.767447143015453,0.5023122839557046,0.8110279544759426,0.7545974396702249,0.7624032703195612,0.8579657000630568,0.12838316493814755,0.18781302123094576,0.11573001788049068,0.1318823821033758,0.12976795703448815,0.10033301332100585,7,8,0.07211865427211346,0.26854916546530816
YJL146W,0.5699045952806132,0.5365299696565513,0.5914100723406337,0.42520912746966344,0.6501212854394784,0.5172150045202535,0.055408546577748866,0.05751818658234393,0.05400552413146427,0.0640544473673196,0.049975036300164956,0.05870447915253891,6,8,0.0072634316165423336,0.08522576850074357
YLR066W,0.6075996014490606,0.6012100853459947,0.5763335180816547,0.5380048659215028,0.6481257139584904,0.40677300982025133,0.028745987137435737,0.028979079765296893,0.0298692666702682,0.031191137106286612,0.02722113770291969,0.03534459080013516,8,8,0.0021427828012440045,0.04629020200046663
YPL249C,0.7420471230983905,0.6800404865905645,0.7110780814968428,0.6172973491080682,0.7040091240400009,0.6693722096230981,0.02828462722448435,0.03150124984786212,0.029934397159746263,0.03445172775591501,0.030298381760721364,0.03202211027491775,6,11,0.0031558305842913545,0.05617677976078154
YPL065W,0.7870032427657696,0.798889674771748,0.7526822014809998,0.7248053545963207,0.779587238800334,0.642500889866729,0.028164328748276592,0.027367182817132258,0.03034873512049825,0.03201348092331664,0.028650438729126433,0.03648802793693823,6,10,0.0037894742146678383,0.061558705433657705
YML028W,0.7275771685883928,0.7525106945341019,0.7496539589008759,0.52054728639783,0.6882981928108329,0.711970640135315,1.0190398150028785,0.971287098146009,0.9768767322362759,1.3518929149223136,1.0900315329598402,1.0478226477153496,8,8,3.878751359875902,1.9694545843648952
YMR003W,0.8147991678496092,0.7950588125121716,0.8017529429950436,0.733199228266595,0.7558714444249796,0.5898104725696949,0.026174869915417592,0.027534531367568164,0.02708110864915504,0.03141641360172298,0.030051929123539763,0.03895429503338852,7,10,0.003764257012501525,0.061353541156982334
YDR393W,0.7383193103738848,0.7102161253973103,0.6999952512584031,0.6033175145228178,0.7156784639737916,0.5985968543120967,0.024468185090141873,0.025748564788855947,0.026198714599175364,0.030125719779680878,0.025504733950504486,0.030304442932141844,8,11,0.00232801072302498,0.04824946344805277
YJL141C,0.7213470174526619,0.2758003932367197,0.7219995467652003,0.4814002890055149,0.7509911498435435,0.635965539298752,0.05531167810568542,0.089169047831179,0.05524687771232638,0.07545727580490813,0.05228683790527764,0.06322025387370658,7,9,0.011171798952870363,0.10569673104155286
YCR033W,0.7058840528690469,0.8402063818668044,0.6960312122360897,0.7317681953990405,0.6556501491073332,0.5914640051183196,0.025168222794412474,0.01855124147601607,0.0255863159898103,0.02403523645816387,0.027232857463954832,0.02966254614306547,7,9,0.0021914908644845793,0.04681336202928155
YMR192W,0.8208668786254162,0.8476331618572468,0.8074164866912943,0.7290172646263369,0.7778555281179086,0.7119997418974664,0.024721960900019414,0.022800280825390273,0.025633300046169406,0.030406454276843922,0.02753041281040889,0.031346669641564955,8,9,0.0034717070776434807,0.05892119379004027
YOL117W,0.769125651152458,0.6940616712028232,0.7450552160331059,0.6061274328325836,0.7138145260801395,0.6063094396846732,0.02960934657326564,0.03408457840832156,0.031114587452906895,0.038673978230182725,0.03296588768943266,0.038665041656560865,7,9,0.003863982057209096,0.06216093674655407
YML116W,0.342534976455228,0.09637730396634492,0.3817858932111008,-0.031670600135963234,0.24098165675284622,-0.5057836582268134,0.050059489841859775,0.05868723623596047,0.04854221035572377,0.06270766358164435,0.05378686455698934,0.07575850264028958,8,8,0.003878406472231875,0.062276853422695296
YNL137C,0.7529765296159954,0.4907874008196659,0.7106084312331187,0.27655509627996044,0.7115966712520796,0.27336622354653717,0.022707664132641907,0.0326026515928735,0.02457798583851317,0.038860294130935925,0.024535984406351602,0.03894584610216633,8,8,0.0021240260709994878,0.04608715733259633
YER128W,0.8133881915002289,0.8481531607357595,0.7938779419919225,0.7275469744711178,0.7730438762438872,-0.3902839980341455,0.027963341100885327,0.025224489035483542,0.02938879195128084,0.03378822028552928,0.030838301643115604,0.0763257818103876,8,10,0.004263753969816811,0.06529742697700125
YOR369C,0.9561262732002501,0.7077745894856295,0.9287377252316137,0.661240482071836,0.9507299307851754,0.6553031805974883,0.6844951845788271,1.7665548344603956,0.8723644809852587,1.9020147783608372,0.7253702173637167,1.918610301493342,7,9,10.866493029402353,3.296436413674978
YLR312W-A,0.7087970378096733,0.6880025339841014,0.7223404746671194,0.5979429411898547,0.6877341712315499,0.5243528083982028,0.024242703775192075,0.025093352879920382,0.023672245112738636,0.0284857072217749,0.025104142508886762,0.03098315424080096,6,9,0.0020536170392677117,0.045316851603655256
YHR150W,0.41127194386987664,0.48771782116601814,0.4392142537943282,0.4610243259283626,0.45536511152004067,0.3558300293550941,0.07304413045415872,0.06813693299059853,0.07128964305556257,0.0698895974759852,0.07025555777453507,0.07640612853307739,6,8,0.009221658854901116,0.09602946867967727
YMR011W,0.5591241620497017,0.45069196510030995,0.5999017899334591,0.5564183869601104,0.5102650409813636,-0.4027992846802664,0.191980251542519,0.214292209691271,0.1828865264831754,0.19256846795661395,0.20233870243997584,0.3424492151439654,7,9,0.08506481317595875,0.2916587272412035
YNL177C,0.8108522370838216,0.5351831862142584,0.7769999852414607,0.33730356324688904,0.7870734131534898,0.2700423845993085,0.03233172783721912,0.05068380652538863,0.03510595207625639,0.06051814777048337,0.03430388091222543,0.06351512126945254,7,9,0.005623539595447699,0.07499026333763403
YJL162C,0.8350515658932798,0.8366166796570231,0.7592756029458919,0.7846442511485122,0.7775660545760775,0.7161977928835546,0.024805601397481284,0.024687636888331168,0.029966478914766684,0.028343527337304494,0.028805551521807818,0.03253745245487708,7,9,0.003795809970970638,0.06161014503286482
YMR110C,0.6895545426174322,0.3581802319884856,0.6834361523726071,0.4124279832779776,0.7177148312538717,0.5170155714736778,0.08714198231758913,0.12529718818141963,0.08799650802556126,0.11988513385643747,0.08309574978364122,0.1086929422636311,6,9,0.024889874035984933,0.15776524977315168
YDR525W-A,0.7576458487551955,0.7576165305581076,0.7425201169559732,0.6643849294776205,0.703338739542452,0.7184553327525689,0.4228528526526836,0.42287842867087744,0.435848629619077,0.4976050284176052,0.4678368772046872,0.4557615528047957,6,9,0.7507255631009867,0.8664442065713098
YMR064W,0.7316978715348147,0.6706209168564552,0.6700253552359039,0.38950271832648875,0.6714808174274666,0.5548659751134855,0.021907479235705376,0.02427327397792831,0.02429520873688156,0.03304625250821721,0.024241568499482676,0.028217968588678755,6,10,0.0018201779015558793,0.04266354300284822
YNL227C,0.745620142004801,0.7388173874326396,0.7585385597181881,0.5879829746129153,0.6512347314221727,0.5920166620077313,0.026415588359256597,0.026766467488920913,0.025736105095910136,0.03361835888987383,0.03093040045274043,0.0334533906049516,8,9,0.002791200240415896,0.052831810875796185
YGR083C,0.627776175378012,0.5849375943494279,0.6351202307014819,0.5051182807529091,0.40841410462680827,0.3089447738025405,0.02973610011114862,0.03140064912382069,0.029441288901041827,0.03428724828527989,0.037487875772650205,0.04051709544475277,8,8,0.0024172245204110462,0.0491652775890775
YHR072W-A,0.808846817816922,0.7324845877692521,0.8052851461701627,0.5208774835980886,0.8092345376635685,0.50926289745262,0.2626157147422665,0.31067359877585066,0.2650510236005089,0.4157700816852726,0.262349245182427,0.42077932391416595,6,10,0.36712421125124584,0.6059077580385036
YGL162W,0.06954773581554441,0.10535098352528938,0.10547864214569402,0.21135424235194422,0.21479894631504326,0.1059715043322601,0.1952229986947443,0.19143012163727982,0.19141646344473381,0.1797317970448391,0.17933884471456013,0.19136372298495075,6,8,0.04167935597371969,0.204155225193282
YBR166C,0.7530966231864975,0.6892571717601638,0.7547020893074604,0.6702463948339707,0.7372034080392582,0.5760528490545722,0.024525390080379156,0.027513951404186707,0.024445523008721402,0.028343089291030805,0.02530243239889743,0.03213721729832842,7,9,0.0024788939953686306,0.049788492599883265
YPL090C,0.922446479860257,0.7975142026934616,0.9312308496041267,0.7330826774373833,0.9203778794096075,0.423392208554484,0.42016797410085294,0.6789213597405231,0.3956571501946421,0.7794900376564364,0.4257347096495997,1.1456776538581201,5,10,2.316314448154497,1.5219442986372718
YEL039C,0.5250654926088149,0.29602205501346046,0.4952843127974552,0.42992795469435596,0.5396402333699566,0.5329136125777754,0.14121214104834767,0.17192328540121862,0.1455722440399004,0.1547105918867187,0.13902850597111815,0.14004054118974035,8,9,0.04272317186229249,0.2066958438437805
YLR013W,0.2700480690341681,0.7471264030882996,0.43590226568242874,0.7422981941428586,0.24422696136792565,0.650076467716877,0.12359903542712838,0.07274777144166382,0.1086538521946261,0.07343898765980666,0.12576611575209387,0.08557650102512769,7,8,0.021295558732024933,0.14592997886666376
YLR196W,0.7259466334837927,0.15120396702277683,0.7562090242182608,0.36235559861412336,0.6303103706954396,0.1869489865986963,0.035604973867269143,0.06266063204738131,0.03358164091729743,0.05431032180071882,0.041353448778697365,0.06132703926228271,7,8,0.004706947336049648,0.06860719594947493
YOL077W-A,0.6823628550300791,0.6983022220380206,0.6945876023849011,0.52024663879804,0.6254598667499534,0.5588982385608743,0.14279549843455985,0.13916657229689097,0.14002068760454603,0.17549222808066522,0.15505938429467422,0.16827448529382638,9,9,0.06532070863195157,0.25557916314119106
YOR162C,0.7318220610933361,0.7091728754827644,0.7247689989786805,0.5702094630838953,0.710068712933586,0.5478902076073044,0.028771007784023292,0.029961324262153723,0.02914689020665901,0.03642268641088667,0.029915143601509948,0.0373564421464802,7,10,0.0031407996818788144,0.05604283791778227
YDR075W,0.7466613992792168,0.6852073345409748,0.6957920948336218,0.5307062062445971,0.6210868133315064,0.5596066403431581,0.026050191937920446,0.02903839083733967,0.02854601512308713,0.035455421216330676,0.031858850618738034,0.03434635265582212,7,9,0.0027256722050807134,0.05220797070448835
YKR076W,0.6215573370217686,0.5763264394473493,0.704555866582349,0.6621320000971969,0.348073085104153,0.5449328464399509,0.2015111276949752,0.21321348549018884,0.17804782544316358,0.1904024441263585,0.26448341519316665,0.22097173889502367,7,8,0.10918201746097539,0.3304270228976065
YOL008W,0.7677560108788217,0.7424254510525536,0.7039412431431382,0.6944843946140251,0.7352638506659985,-0.2491058821272656,0.02746776128420159,0.02892694015591245,0.03101272861356474,0.031504146789329765,0.029326325253000583,0.06370164535007908,7,10,0.0033056371767973603,0.05749467085563113
YJR090C,0.19333856258654225,0.2275144975918858,0.22028807829910368,0.18484570593801053,0.27058525693509317,-0.022624300457029234,0.09734169854409669,0.09525733802181552,0.095701855793351,0.09785278315270096,0.09256366474427573,0.10960019489803442,7,8,0.01195252559014153,0.10932760671551138
YNL059C,0.6579114093920825,0.5211923918415395,0.6088099239687135,0.37016863995038984,0.6257716489010452,0.32694554782248064,0.026519823065650087,0.031374863761430914,0.02835928268874048,0.035984333886276886,0.02773765041748762,0.037198585686239155,8,8,0.0020919716394735325,0.0457380764732573
YOR160W,0.7519145162873184,0.7583747241268103,0.6589920012838058,0.6512676334737718,0.7310131305274479,0.558689214423493,0.026493024645317893,0.0261458068425848,0.03106083667254962,0.03141065519566053,0.02758648753715103,0.03533484070694065,8,10,0.0028788223905944262,0.05365465861036137
YGL067W,0.6488531674239006,0.592859298264955,0.6223112320460787,0.3348667742157724,0.6317663952090609,0.5572986621760614,0.023547926906226875,0.025355989416434282,0.02442166874568224,0.03240877553517588,0.0241140418962472,0.026440138064333277,8,11,0.0016068292939109977,0.04008527527547987
YLR045C,-0.02552508632473982,0.01929488135819324,-0.011840113393453588,0.11797356257404523,0.10624127273194472,-0.056856496384119826,0.21647209943651136,0.21168886085979305,0.21502290807270233,0.20075648642924906,0.20208725865583696,0.21975400334516135,6,8,0.04649547701270137,0.21562809884776465
YLR350W,0.5231667288859653,0.3297766513623741,0.5492018468807616,0.4008243312094101,0.2993266391917997,0.006380244956096126,0.09191333649713043,0.10896951871807378,0.0893688810110735,0.10303204995490806,0.1114174101365036,0.1326799700654414,7,8,0.018027838137042354,0.1342677851796266
YMR115W,0.7333872275669531,0.7895454067069215,0.6797957165199724,0.6944640402632869,0.7756434055567819,0.6000940238410026,0.037519161126542765,0.03333433906352883,0.041117453768117686,0.040164633631692474,0.03441771734961183,0.04595064281697026,6,9,0.00537252476559644,0.07329750859065019
YOR081C,0.5487312169768448,0.6985210485345337,0.4134790446975647,0.3804416018870781,0.5825243139712926,0.27075676340829635,0.04065949110791907,0.03323324818739298,0.046353876512236915,0.0476414989120926,0.03910748490612043,0.051686901465252864,7,8,0.0037277066080308556,0.06105494744925145
YJR064W,0.8003329908608702,0.6879831091968707,0.8100947213180059,0.5195233883267174,0.7531215817714804,0.39844960594154943,0.049323668208686534,0.06165825986767632,0.04810284130607092,0.0765135473735337,0.05484585036685063,0.08561270501063731,7,8,0.012398169248635049,0.11134706663686766
YDR313C,0.7980238245787024,0.7765056376566674,0.7646632932274802,0.7253850833890247,0.7927964364917001,0.6306404830890497,0.08423045760958592,0.0886038053388573,0.09092094142850032,0.09821575282449767,0.0853134879770062,0.11390524821926863,6,9,0.035743025745456014,0.1890582601883769
YOR075W,0.7121328599379978,0.7858404382890087,0.7117341588203177,0.7642243213598493,0.7298778475624537,0.6978857866047006,0.030834306960857136,0.026595421623543863,0.03085565260463556,0.027905361103332253,0.02986883239142493,0.03158811597735387,6,10,0.003360697538478604,0.057971523513520015
YLR026C,0.742987401710459,0.7692529278883538,0.7594212610681733,0.7623390262338869,0.6931329057084582,0.6367162243749475,0.0261164835888408,0.02474603342059629,0.02526772360294358,0.0251140313293722,0.02853728523423245,0.031049920808233322,6,10,0.002700400184896233,0.05196537486534888
YGR223C,0.7749290687432212,0.8552320205863215,0.7915602397299345,0.696465104838745,0.7961523184311607,0.7484472048894626,0.026819193314145635,0.02150910121263175,0.02580930377390953,0.031145142317429507,0.025523421641276963,0.028353102010989336,6,10,0.003251809918774283,0.05702464308326956
YGL001C,0.2739619807150966,0.11046853882793617,0.30956054890207985,0.24195905364150594,0.16652626062956166,0.29736800006826924,0.05382067887336855,0.05957309262927248,0.052484648034487935,0.05499406496870223,0.05766541877219536,0.0529460362079698,8,8,0.004059682948596118,0.06371564131825182
YMR067C,0.6508177760558649,0.6569067387145491,0.6512705338021642,0.5185244232315069,0.7046235381836352,0.6227462415619873,0.04836957524126661,0.04794599153435257,0.04833820651471946,0.056798038967954594,0.04448710575239575,0.05027626398254206,7,9,0.0068178204305948675,0.08257009404496804
YMR266W,0.7251233852527694,0.5379740452380017,0.7020704489110563,0.2490589177072755,0.6090908959577649,0.40807071507344517,0.04640292666093696,0.06016025416714011,0.04830958057467205,0.07669718209103309,0.05533684167281637,0.06809439868629256,7,8,0.007970876670410531,0.08927976629903626
YNL312W,0.679938901383488,0.4476769866385464,0.6768250529604212,0.2524302059178152,0.6400109529654914,0.4846596657459288,0.07291135051182045,0.09578009563552359,0.07326516633592646,0.1114306257560569,0.07732560744773362,0.09251789951609843,7,9,0.01690092721568587,0.13000356616526285
YML024W,0.9230822413401594,0.8787179788964397,0.9136358730313733,0.8028187402716329,0.9349705077132598,0.9201953002977842,0.3619564344826329,0.45450765686345335,0.38353913526616884,0.579529849156984,0.33281138371506097,0.36868649103254897,6,10,1.733161847208622,1.3164960490668485
YDR439W,0.7731338596497779,0.8185642366407184,0.7606525598171537,0.6534740962556518,0.7582944953319944,0.6774225878920852,0.036228972426917964,0.032399075886529065,0.03721221902425522,0.044775353920687065,0.03739507818414657,0.043200438159134005,6,9,0.005887019681644093,0.07672691627873554
YDR135C,0.8995896252815067,0.8849348070110816,0.8826666853488468,0.6880537633164651,0.9174012469584947,0.7810441772757977,0.05970197766064277,0.06391038132619645,0.06453719617476263,0.10522993424982088,0.05414846742474886,0.08816123659183436,5,8,0.036120352944046634,0.19005355283194952
YLR069C,0.7267196846527808,0.5982359540026612,0.7270618512584641,0.35533559188507524,0.639769770058144,0.49019071608665776,0.026338692956531032,0.03193563668882843,0.026322198823189823,0.04045357348097414,0.030239884085278775,0.03597442941866934,7,9,0.0025830524618641114,0.050823739156658984
YEL053C,0.7683465159255619,0.7580807478647418,0.7613604655886266,0.5163958947607474,0.7382555290798916,0.6322106653664116,0.024422576523487474,0.024957856107057138,0.024788101020144837,0.035287187921851704,0.02596036648065961,0.030773126807254057,7,10,0.002619975677750274,0.05118569798049328
YJR041C,0.7594719609562494,0.6764006523526389,0.6964290609959487,0.48819334571352013,0.7493395519437644,0.3850528652123325,0.028000655582893563,0.03247799144391173,0.03145686520321713,0.040844944322721406,0.02858434534234903,0.04477176705869515,7,8,0.0033168346871218896,0.05759196721003624
YLR213C,0.03619131443306656,-0.0231751342873745,0.15549243186384776,0.10351929533687687,0.1417757564183636,-0.03407529794914366,0.4294245311617051,0.4424522631721912,0.40196959591377757,0.4141540432178757,0.40522088581644894,0.4448028018190847,6,7,0.19468657392291822,0.4412330154497941
YLR355C,0.8188852479418607,0.8205962530677711,0.8084448632001323,0.7111281450268643,0.8002417143379246,0.7084623949590513,0.4486190115311733,0.4464949136792437,0.4613682056619161,0.5665697411674974,0.47114345500783705,0.5691779303923316,8,10,1.130718923424496,1.0633526806401046
YJL010C,0.7488509100027032,0.5855593575397339,0.7166126456481365,0.5153382535411215,0.37938546806393814,0.36175881408317123,0.02673476215532745,0.03434327357792826,0.028398849991500313,0.03713897314721433,0.042026332344242044,0.042618968396214964,9,9,0.0028958374384949236,0.05381298577940945
YGL254W,0.8139401374654358,0.8434711862068279,0.8090336130991209,0.3744245494792764,0.7987389307252402,0.7477971727714074,0.023890359638943495,0.021912578590104526,0.024203312338616,0.04380626119844481,0.024847129731673544,0.027814503694649943,6,10,0.0031213740625969668,0.05586925865444222
YMR309C,0.8532171808587188,0.6976563976238901,0.8761708700789621,0.6449527810009175,0.8648457335207993,0.7088565643325715,0.05524812870756655,0.07929217889184363,0.05074477966693298,0.08592568798148115,0.05301452082580432,0.077809649995699,6,9,0.021159873098969516,0.1454643361754678
YDR043C,0.8236053354042246,0.8494224713997792,0.8295815810966083,0.7601024648546187,0.7612707105520056,0.7838439639763544,0.0982765886535609,0.09080033126661449,0.0965974398607828,0.11460940118374686,0.11432999993111438,0.10879051539881103,6,7,0.05571444888582072,0.23603908338624924
YPL256C,0.6970537487812443,0.6157548139136211,0.6451556989394485,0.3875853275485741,0.5991592162133619,0.5019477381072677,0.025637527073297504,0.028873375456276447,0.02774675874048662,0.036451561246492965,0.029490306883981264,0.03287235353471043,8,8,0.0022076987876190946,0.04698615527598629
YDR459C,0.7305826558759079,0.7486997672416476,0.7203571709611576,0.5350535657373097,0.704814482337004,0.6294410296273286,0.026806610375524443,0.025889613809279996,0.02731058294747202,0.035215234722235776,0.028059288212542843,0.03143820867198664,7,10,0.0027140096744544097,0.05209615796250631
YDR204W,0.7066832653960176,0.790242231170927,0.571230574968363,0.41651042767752045,0.659567030232152,0.6591143920358264,0.06861147106031622,0.058021284284522155,0.08295455053379351,0.09677091772233834,0.0739169633335819,0.073966086846924,6,9,0.01633088641408154,0.1277923566340395
YBR103W,0.806874071943206,0.7317974197874958,0.8050200054930803,0.6581834267517777,0.7621108758961164,0.704807061653236,0.024085006852668595,0.028382977841283043,0.02420034232104581,0.03204225264086821,0.02673091198706908,0.02977689875958828,6,10,0.003056371227224683,0.055284457374787384
YDR022C,0.7531346721333199,0.7396121540736955,0.7291031029438915,0.7371751257613526,0.7563372739309734,0.5439265330026857,0.03485867748702682,0.0358006747333822,0.03651597261047562,0.03596781783812237,0.03463182727391429,0.047380349603093785,7,9,0.005008582741542619,0.07077134124447988
YPL170W,0.6313855692461042,0.12545104892330505,0.5963236777934985,0.4026002482649097,0.07367937784449508,0.05314261154679323,0.08507050730867663,0.13103427727443434,0.08902448997758636,0.10829923152446136,0.13485700873607948,0.1363437209842496,7,8,0.019977394690790573,0.1413414118041509
YPR111W,0.48775544296679463,0.5572887104276204,0.45729294608472637,0.5295595555779848,0.4432234823836031,0.48381847613798445,0.06051320203676212,0.056256376604037595,0.06228653777644038,0.057991425408053035,0.06308874860705145,0.06074530060977474,6,9,0.0072740461763759175,0.0852880189497676
YGL221C,0.47318732313821044,0.6086851029051432,0.5371989556737886,0.3629561509466911,0.5134268010007612,0.5806013767381839,0.046505546276067906,0.04008111850224244,0.04358868897084147,0.05114006845826655,0.0446941552870051,0.04149446236761164,8,8,0.004177403451637343,0.06463283570784546
YCR047C,0.7751688806593948,0.7540465496248048,0.7307029918358865,0.5673208753161887,0.7497280278341465,0.5893743614559965,0.02530909546158117,0.02647127576347841,0.027699005519967988,0.03511004481433994,0.026702659663350524,0.034203570453644645,7,9,0.002899011666116146,0.05384247083962758
YDL045C,0.8264613221185231,0.8524401621093667,0.8249755792565786,0.6579225184262979,0.7930635499223249,-0.33273879616217217,0.022456695462420597,0.020707696541028935,0.022552621530693595,0.03152898213271644,0.024522582519791166,0.06223292697302644,7,10,0.0029569811261130857,0.05437813095457664
YGL195W,0.9751691758571973,0.9449354211671388,0.9687999397118917,0.8076093420150923,0.9727404403652614,0.8971764927175252,0.033334863843265276,0.04964085801283581,0.037366363569103764,0.09278870391347671,0.03492710070294236,0.06783429648052905,6,7,0.04553647146165635,0.21339276337696259
YLR301W,0.900000985278485,0.9324832983972406,0.812034914767354,0.7113312469158233,0.8956303122740374,0.7470311928771037,0.03597410769979718,0.02955954731214942,0.04932087389000388,0.06112122617180065,0.0367518632651362,0.05721707553113986,5,8,0.01316853547274737,0.11475423945435467
YOR167C,0.9614022033530347,0.45321859198827297,0.9254431001233583,0.48045211268404353,0.9530567541700672,0.6200146433177747,0.4163882609858836,1.5671987977593957,0.5787102053552934,1.5276716242680983,0.459202007324755,1.3064736371777834,6,9,4.570751164079977,2.1379315152922875
YNL003C,0.7178373134940871,0.7547293781922609,0.657134889826944,0.7140986625955501,0.7571608534818026,0.577698265654953,0.0503722354195,0.04696390486564813,0.05552685556154905,0.05070485289155139,0.0467305381609966,0.061624423023644744,6,9,0.00915031415993105,0.09565727447471546
YFR008W,0.856114240359967,0.8665029787316728,0.8190523060298858,0.788208777907034,0.8450965969323517,0.7764198804895077,0.0272753186544674,0.026272216467957757,0.030587040102612983,0.03309138194310766,0.028300323864159406,0.03399989047945013,6,10,0.005261081022268194,0.07253330974296013
YDR004W,0.8604559453441532,0.7356170511022873,0.7842664193591643,0.4096930681006825,0.84412739890198,0.6374828856048784,0.02179319344406462,0.02999728339496627,0.02709717903252669,0.04482333294950519,0.023032978182603303,0.03512606188023193,6,10,0.0034632476456021473,0.05884936402037109
YML001W,0.5287299669084996,0.47267580584116864,0.6516266078177051,0.44372907305932163,0.571044306836217,0.5133425973142155,0.03833570752681979,0.04055154631417058,0.032960292663647785,0.04164968794135011,0.036574196064088293,0.03895652747169322,8,8,0.003173147637515054,0.05633069889070305
YLR332W,0.6479528945231399,0.631511497997691,0.6854999448473313,0.7069827153190393,0.6410175253121116,0.38232336694139846,0.1372488716037725,0.14041721792520556,0.12972352955965533,0.12521461236795708,0.13859418762020567,0.1817979491538098,7,9,0.05444649473564256,0.23333772677311004
YBL067C,0.7395086231479528,0.6807208645506488,0.734345321553937,0.5301433214010954,0.6583547983569147,0.5875172814595875,0.028209267427568144,0.03123060530982612,0.028487469074602662,0.03788591971143657,0.03230597072136904,0.03549751990427016,8,10,0.003108446540208455,0.055753444200412006
YPL020C,0.7609991456073025,0.8314167669735019,0.7419140197134309,0.7211449393093501,0.7454734880702742,0.7022867086721094,0.027063663881855604,0.022729718307735926,0.028123480764094266,0.029233184637390452,0.02792887082007726,0.030205496329781065,5,10,0.0031183644198516693,0.0558423174649089
YKL035W,0.38432029795787814,-0.9269949604733208,0.4846017054410774,0.08478052768950539,0.4400627536047299,-0.335536515563688,0.24401199476341462,0.4316920459757681,0.2232570828914506,0.29750644820473465,0.23270377892044125,0.35938640191507765,8,9,0.09840579007244828,0.31369697172980215
YLR222C,0.7384697126278044,0.27520552875717186,0.7075871297440547,0.38737271426456854,0.294623128287535,0.36307234574443303,0.02974592734071103,0.049519238004520336,0.03145319439826213,0.04552654417904997,0.048851412453170096,0.04642068770261516,8,7,0.003442596892667112,0.0586736473441622
YJL158C,0.48974601291026465,0.23079165220356734,0.4387393207721655,0.08455404361405006,0.4191016111184481,0.4002788691737639,0.25069317373390027,0.307801902164213,0.26292483724005367,0.33578837775540676,0.2674849742947763,0.27178405913503,6,9,0.12532905004933412,0.35401843179322473
YDL169C,0.8365993266814807,0.8141230838303183,0.807853252560466,0.7909510296613944,0.855779303546961,0.784220578710753,0.07125081650073153,0.0759933612135028,0.07726440122533239,0.08059107354966673,0.06693861447025183,0.08187813401604242,6,8,0.03161396638320324,0.17780316752859956
YHR081W,0.6100200085828544,0.6085740554518296,0.6457989166293236,0.49324819005653353,0.4245200463898735,0.3379056245597092,0.03205351409622711,0.03211288252258031,0.03054776415923671,0.036538619991285874,0.03893763649179533,0.041765187520843,8,9,0.0026807857773493106,0.051776305172823125
YGR234W,0.7139430930416366,0.16708138644238224,0.6412487580373454,-0.16214222303738723,0.6238509289412648,0.13095395398724474,0.37520184450502336,0.6402359096524208,0.4201800729315342,0.7562552204962433,0.4302478832111671,0.6539734835366919,6,8,0.5007611508834775,0.7076447914621272
YMR086W,0.6945458904872028,0.5865364387038947,0.6073168355818055,0.5621893196384127,0.7102657157741896,0.5365517604916492,0.03912223682565724,0.0455165474289172,0.044357987334427605,0.04683751740750148,0.03810225117904332,0.04818937680084603,9,8,0.0050986420213380255,0.07140477590006165
YLR077W,0.6617744201455713,0.6216618289310178,0.588212414039184,0.4743782525069492,0.6643218411937757,0.5364950646941891,0.028107655195738143,0.029727711138032784,0.03101401676046217,0.03503951249292576,0.02800160561151447,0.03290399069434296,8,10,0.002376817970859998,0.04875262014353688
YPR062W,0.715893878372283,0.6739128581170313,0.7669266460366828,0.44715055190409736,0.6773329922471869,0.550492598730013,0.09342388097737159,0.10008856114539579,0.08461822707366616,0.13032299407868148,0.09956229287813384,0.11751303212903358,8,9,0.03125995550834727,0.17680485148419223
YCR086W,0.32907099945977425,-0.18583130318080476,0.3577776167639226,-0.34265507428066,-0.38557809214176797,-1.4870813604365232,0.05326602755122995,0.07081471023829684,0.05211404049514367,0.07535190839617258,0.07654688657496844,0.10255504358029202,6,8,0.004303057924178163,0.06559769755241537
YLR423C,0.6528003461659382,0.5705109246195069,0.6025023137511861,0.43489137109814646,0.7064545089355183,0.45059869244899264,0.045161651288259295,0.05022919662630083,0.04832228626893536,0.057616402864801276,0.04152578759967301,0.05681002961260392,8,9,0.005977415983199459,0.07731375028544055
YOL092W,0.761824170345321,0.6902186183597782,0.754584197345296,0.5339381720854259,0.6244776864784021,0.5331979283559872,0.032658149366307274,0.03724520627446073,0.033150798197104925,0.04568403911805808,0.04100724581570118,0.04572030459202377,7,8,0.004556575736177216,0.06750241281744836
YGR184C,0.8631549098556711,0.7823004753338756,0.8280545951742226,0.6474661477447043,0.8186225802154352,0.7240270954434938,0.030167860225001116,0.03805034839573595,0.03381622965107708,0.048420616042846205,0.034731337394507504,0.042841347212659246,7,9,0.006767261087487242,0.08226336418775519
YKR093W,0.8602353645599679,0.9192852995068114,0.8136907789483167,0.8883328215471231,0.8615727169373283,0.886754965159093,0.1832709395365397,0.13927439418033982,0.2115982800559963,0.16381653273533975,0.1823920084719197,0.16496983616895605,6,7,0.24453614100362026,0.4945059564895253
YOR038C,0.791684271872245,0.8053307369038608,0.7677985154794467,0.7702236259466073,0.7955054813671371,0.6747439364483057,0.024213202985967023,0.023406684688425283,0.025563699766436365,0.025429855843916965,0.0239900994363767,0.030255470649598572,7,10,0.002863753035744984,0.053514045219409306
YBR036C,0.8669060364241102,0.7611202844386509,0.8654266128941461,0.6224490276977315,0.836471151653881,0.732727520067392,0.04480176662284693,0.06002132752508117,0.04505007847097576,0.0754577335560112,0.04966073570967173,0.06348820987073565,7,9,0.01534564185170979,0.12387752762995308
YDR257C,0.7556084861405282,0.7320802293738347,0.7179666188204294,0.5831792812590096,0.759697497613081,0.5091082778903351,0.024269366668355427,0.02541076639803689,0.026071477232822392,0.03169494711302156,0.02406548003804538,0.03439602347687904,7,9,0.0024523581863368812,0.0495212902329582
YHR050W,0.6313175037907728,0.5293009205353245,0.5244583663385216,0.09727511196003125,0.5128002893669205,0.25391244992011563,0.02881195065491281,0.03255502829554886,0.03272206291867459,0.045084173321210876,0.03312073100605032,0.040986543922383226,7,11,0.0022911100123559932,0.047865540970054785
YLR055C,0.7523161373746481,0.7946763701059003,0.7701066716314567,0.7334389467714011,0.6876412346104998,0.5442369147330114,0.026305055521136152,0.023950238006929973,0.02534273899714639,0.02728906870249475,0.029540457404581822,0.035682883335557164,7,10,0.0028427186030869894,0.0533171511156306
YGR146C,0.6482398677402776,0.6297361942015856,0.6543275045904545,0.5506915762530036,0.6590810720717338,-0.01918155152491563,0.09838528056359756,0.1009398025482849,0.09753022651897696,0.11119342328183492,0.09685730424889231,0.1674682944572414,7,9,0.0280005639780684,0.16733369050513527
YBR127C,0.6815777435603467,0.621695864329841,0.6326693463656211,0.5290444734804454,0.6875406425109849,0.5819207268993107,0.1573350592564982,0.17149218934991703,0.1689866459090073,0.1913435155740699,0.15585493844005718,0.18028231196838876,7,8,0.0791044177751877,0.2812550759989723
YML030W,0.5710895507102474,0.5155203321095498,0.5755156994392993,0.6133390644399861,0.6162378590775064,0.3885798435650344,0.203100328936665,0.21585648028281362,0.20204966265329735,0.19283793050293582,0.19211371821064646,0.24249187371097516,7,9,0.09786057531640054,0.3128267496816737
YIL140W,0.722124650312818,0.708713993631161,0.7132231511074696,0.5597283523285259,0.8692720867843307,0.5810826872377648,0.03519437440618854,0.03603363286592591,0.035753641644531334,0.04430049696716406,0.024139729711858335,0.04321279857009624,7,9,0.004535755285867852,0.06734801619845868
YDR419W,0.7911049985465477,0.7866457213133909,0.7305797031872732,0.5972882768217715,0.7577296320449396,0.5791864416535686,0.0255062602128118,0.02577706343860222,0.028966626338604078,0.0354144008059593,0.027468371435534426,0.036201588209593134,7,10,0.0031689738964797948,0.05629363992921221
YLR299W,0.40562408023517094,0.08815998794111168,0.43220241243812063,-0.28716773578892485,0.24539898051528186,0.12783550590633108,0.11604212436773652,0.14372899547551504,0.11341796197093953,0.1707664854164233,0.13075062135778887,0.14056728894219375,7,8,0.02305277827092157,0.1518314139791946
YIL162W,0.6157788401702082,0.3507675462990355,0.5430325647268397,0.4876417614534668,0.5211336713632129,0.4053461179185144,0.03850128436126942,0.05004776508841887,0.041988194868531364,0.04446020286360857,0.04298250559926982,0.04789792583957408,9,9,0.0039257468775111765,0.06265578087863223
YAL008W,0.7987112419574285,0.7327244047004386,0.771849856897898,0.6988271992182047,0.7849905533378486,0.7487719651418008,0.048915058795042474,0.0563653843169985,0.0520766684000879,0.059832988274310106,0.05055470616308917,0.05464706860722195,6,9,0.012095359397763872,0.10997890433062094
YGR007W,0.7480109856109866,0.6834993951269517,0.6789264812415625,0.480184029129318,0.6912107486927921,0.4433854317844509,0.020767062388062026,0.023274027109250032,0.023441559868101442,0.029826965577423186,0.02298874965712549,0.030864663617619928,7,8,0.001741492727717484,0.04173119609737401
YOR317W,0.7534122558672077,0.6478917459228098,0.7543222512910219,0.6095071151131286,0.7585695535879159,0.41922731937178803,0.15537140843288752,0.18566218694157238,0.15508445590289427,0.19552032990971538,0.15373805329908727,0.23844512535569853,8,9,0.09961479729477256,0.3156181194018692
YBR076W,0.1321916180037176,0.4367011851124911,0.24213640200692832,0.46179758927141124,0.2884263973481763,0.3830659889453988,0.3439945138942822,0.27714625525770387,0.32146605437009185,0.27090212733888436,0.3114938742864418,0.29004070540682947,6,7,0.13874978859974582,0.3724913268785541
YCR065W,0.705618393983544,0.42882369673344656,0.7037929774733724,0.2403493484056468,0.5695149755220367,0.5696996959623178,0.026561956915074514,0.03699898613083231,0.026644183014205874,0.04266892389232977,0.03212060796141005,0.032113715771043556,7,8,0.002438723725703925,0.04938343574219928
YDR264C,0.9160680543152727,0.8908261213571708,0.8969051668930073,0.6934526105447232,0.9288166781243798,0.8869723413840492,0.03567455607222961,0.040686871939842856,0.03953788028005192,0.06817791931618364,0.03285368264178989,0.04139875662750684,6,9,0.01542918555694667,0.12421427275859515
YOR044W,0.8786354668233312,0.8827853261872726,0.8326325130584193,0.8190013695347687,0.775126772695452,0.7751835727591729,0.043367807118323484,0.04261991306480953,0.05092805794713062,0.05296137016683136,0.05903240056309499,0.0590249446824764,5,9,0.015768713899166672,0.12557353980503486
YDL035C,0.6827884369091397,0.6740668368454984,0.6477149238988282,0.4579253951639052,0.6472834111427513,0.5382120825990446,0.029782263551837013,0.03018891281997657,0.03138559167310215,0.038932539103005016,0.0314048078411156,0.035933910375067185,8,9,0.0028452441097653494,0.05334082966888826
YPL154C,0.7146127810327066,0.6133270219258271,0.6491132530949641,0.4824498595087163,0.6114783881573773,0.5537650867299453,0.49187686455382257,0.5725468741042232,0.5454094002586688,0.6623924164642884,0.5739138786618909,0.6150648513834046,6,8,0.8626436116362138,0.9287860957379873
YDR408C,0.5713918806287618,0.30716322709843413,0.5058684790726453,0.1979027849336108,0.5981417264876081,0.25541851340588684,0.040064402233401894,0.05093824002809076,0.043017953896352545,0.054807750144966944,0.03879403269587063,0.05280616000062369,7,8,0.0038107466699877895,0.06173124549195318
YJR151C,0.7261101822184997,0.6128968577779178,0.7003286815281101,0.5839134559546265,0.7844274570991913,0.6569720713173696,0.035268235740835145,0.04192848205330805,0.03689082612477933,0.043469798506350174,0.03128905984102301,0.03946940068315186,7,9,0.004621093128596157,0.06797862258531101
YDR492W,0.004379322982474676,-0.5124672386123947,0.0035378051620428286,-1.0041554757226105,-1.2555506016489395,-0.9847903596571113,0.14980097219764096,0.18463356965460728,0.1498642661632328,0.21253643078112194,0.22547270001612366,0.21150712361947505,6,9,0.022934458695719716,0.15144127144117522
YDR346C,0.6492775565743012,0.29847057451035364,0.6607163155498096,-0.26508592873054826,0.6109992822107291,0.6417970318474238,0.038891514614966705,0.05500422170416415,0.03825203686815876,0.07386404556160192,0.040958899486517306,0.03930408297194542,7,9,0.004388330148848391,0.06624447259091426
YNL256W,0.8336228774170368,0.8861488438443982,0.7572039520897916,0.49836830281973354,0.7697294459201265,0.7598645535333505,0.03399842577742247,0.02812423554180172,0.04107076672815364,0.05903430970932281,0.0399973489430461,0.04084511653387597,7,7,0.007069311939412571,0.08407920039708139
YOL056W,0.8428511945819313,0.8522820778690129,0.7945419184901853,0.6772520750469799,0.7587874134221014,0.6467524334609134,0.022090082540474516,0.02141698791571613,0.025258258921627797,0.03165727478987087,0.027367919231435476,0.03311931806640509,8,10,0.0031596336552473917,0.05621061870543138
YMR277W,0.6418631986986416,0.5496680963288394,0.5480284849915853,0.5434494752117176,0.5602556845167059,0.4887084378967953,0.02112366424386673,0.023687058816678593,0.02373014068939495,0.023850045056008025,0.023406953787578302,0.025239403891168653,8,9,0.0012677765056826665,0.03560584931837277
YNL014W,0.4418804533019053,0.3894753102019779,0.35926357496466144,0.2767173615800713,0.4765169337424481,0.22721720053772188,0.3164168416166113,0.3309387259518262,0.3390280890225371,0.3602052140535602,0.30644129826647976,0.37232714339931183,7,8,0.1825345533616774,0.4272406270027201
YDR421W,0.7619948973945294,0.7126420299618322,0.7246630494290641,0.5359953450005757,0.7590567664908776,0.5835368785415554,0.028672013296761053,0.03150479651390934,0.0308387882149814,0.040033745514640964,0.0288484459264699,0.03792742256391884,7,10,0.0035146594326207962,0.05928456318992994
YER063W,0.8179235465783661,0.7085555164579351,0.7387553136198814,0.5796190192740953,0.7139543475034074,0.7143276582461672,0.025675610461958535,0.032484172284462015,0.0307551336309165,0.03901354502933827,0.03218189112195325,0.03216088439125744,8,7,0.003684180578603237,0.06069745117056594
YER151C,0.6993092742820675,0.6167520931336026,0.6506080196811463,0.4928434000917026,0.6262141263606336,0.502768698479028,0.024711172126295738,0.027898009959644646,0.026637275060685067,0.032092560601076,0.027551469735629008,0.03177697551697365,7,10,0.0020664257083566925,0.04545795539129199
YGL111W,0.6670460808955028,0.5188218657383393,0.6123865023027687,0.49328637533087083,0.21440615181720413,0.33978776286156487,0.029591093603576573,0.035573114651825874,0.031927756021910704,0.03650482250136948,0.04545356874376569,0.041668775193088606,8,8,0.00267603037189582,0.05173036218601045
YKR007W,0.6675897658280698,0.8504493895568513,0.5877932546445157,0.6039536185988664,0.6593667577030297,0.6817141567725815,0.03477388093928617,0.02332437765939337,0.03872340307737649,0.03795674782037503,0.035201363335914615,0.0340270759849222,8,9,0.003701562419264772,0.06084046695469038
YNL130C,0.7448846809734793,0.6101314769043619,0.785612445330868,0.43926799461156263,0.6647375737987693,0.3212816316193573,0.05157885777899862,0.0637620891230691,0.047282805460295035,0.07646824523340653,0.059128368152637,0.08412948937414748,8,9,0.01061109104838434,0.10301015022018141
YPR169W,0.887509544637039,0.805345297502974,0.8512512870095347,0.6114246223292477,0.838151883654326,0.7310005435124196,0.02631149104619735,0.034611472197316986,0.0302561894470787,0.04890184686213203,0.03156032356408241,0.04068771714330544,7,7,0.006262220891688248,0.0791341954637074
YJL192C,0.5273262190904127,0.44996232114287793,0.5044975178022209,0.26372486921196125,0.5052726632472497,0.36171609546798744,0.034388083343912246,0.03709568837636088,0.03520871146415464,0.04291877127468156,0.03518116109331982,0.03996079877880505,8,9,0.002545702015426127,0.05045495035599705
YBR229C,0.7318245124996939,0.6730788977361601,0.6969662587457859,0.643159590755847,0.7161634485140775,0.6572640009831463,0.03343959739609752,0.03692095941220209,0.03554651219826958,0.038573452772043666,0.0344021560457702,0.03780344355109981,7,9,0.004242834964397675,0.065137047556653
YBR239C,0.7406980422885047,0.6862726932998003,0.7286498579844005,0.5797848397521788,0.6770288923561405,0.5822244518217352,0.02762253973968533,0.03038343488253293,0.02825697945301417,0.035163862039194804,0.030827800916789234,0.03506163934027641,8,9,0.0029941569123517822,0.05471888990423492
YOL088C,0.7124751231111073,0.667223531478484,0.6461542689165041,0.5639266072455684,0.6720850887933497,0.44204226389415013,0.02893609297467339,0.031129954249627622,0.032100304962578576,0.03563542744430295,0.030901727676318515,0.040309074779689195,6,8,0.002963176318071745,0.05443506515171764
YCR068W,0.7449962642672412,0.4660507024722993,0.7194354806148568,0.4407462280424459,0.6994245900696151,0.4645769126694522,0.04102898134740868,0.0593700579661459,0.04303619211213012,0.060760581865885746,0.04454451013254574,0.059451937174186946,6,10,0.006717196674606375,0.08195850580999128
YHR007C,0.8548709507354065,0.7299799070882934,0.8367169455938783,0.6268990618155815,0.8506960572231075,0.801964646837406,0.15076697818402432,0.20564923411974426,0.1599188334701007,0.2417364977517607,0.1529201423296638,0.17611665118397524,8,9,0.15937171584605017,0.3992138723116347
YMR220W,0.8471002150014214,0.7225454575254682,0.8278445682132128,0.599125429776832,0.8421281892658363,0.5033816889180605,0.03150894600675785,0.042444982452392484,0.03343418980601293,0.05101932310079883,0.032017154649839216,0.056786068626559286,7,8,0.006607147696765879,0.0812843631750036
YIL043C,0.77185755041371,0.775642113133769,0.6867340444201518,0.579633140356578,0.793096971324215,0.737624026575803,0.06314589425093703,0.06261995313769682,0.0739943684686017,0.08571489608856664,0.0601347475072273,0.067717996283882,7,7,0.01778432038211143,0.13335786584266948
YHL033C,0.9212656658000828,0.9298167527884714,0.8920528344002217,0.6956256667465045,0.923933603470398,0.9104801501359495,0.1463286246250877,0.13815415152777563,0.17133766051199367,0.28770752732478444,0.14382806326569694,0.1560295598953702,6,9,0.27672446707681786,0.5260460693483203
YLR411W,-0.24701007416587473,-0.5487637446098999,-0.43947259582453646,-0.21438104448878326,-0.3411578770447865,-0.04193737838189171,1.2106245888101064,1.3491713067525095,1.300697214616097,1.1946811170631892,1.2554934806068794,1.1066118554614406,8,9,1.1959200774025072,1.0935813080893926
YER124C,0.7711399095784649,0.4708760155703947,0.7370535731861856,0.2887416364787203,0.7346848283827082,0.09039663664263797,0.07654273811216396,0.1163851807125173,0.08204509043817229,0.13493749835905275,0.08241381223287703,0.15259664667497297,7,8,0.02604900028438136,0.16139702687590426
YPL050C,0.48942153743208083,0.3839091747549962,0.4766936326448209,0.2897833332657548,0.568914986516796,0.3491507633216392,0.032697370251480076,0.035917322165828526,0.033102408135787915,0.03856355025883907,0.030044365866550946,0.036916607097200634,8,9,0.00213067051909341,0.046159186724783294
YDR456W,0.6795055992857348,0.569483326621048,0.6581453034725753,0.3475259497814306,0.6775004108322912,0.5704870667285535,0.036976090044061764,0.04285541947551123,0.03818840659518411,0.052758493318683444,0.03709158101459435,0.042805432090789505,7,9,0.004340848840852899,0.06588511850830124
YFR004W,0.5693705110926681,0.5282557915238859,0.5080638668129707,0.5366850302210291,0.5752991316064415,0.25441053077941433,0.13124614225211984,0.1373687518815795,0.1402778255642875,0.13613595115650395,0.13033955630380087,0.17269690183601488,9,9,0.040702629375410145,0.20174892657808652
YPL030W,0.8167735031280853,0.8123467335786176,0.76145716896944,0.7603526302931577,0.7562726296939265,0.6267336618213142,0.02322152851601115,0.023500371515471758,0.026495971527458383,0.02655724359668642,0.026782358260144603,0.03314408827304264,8,9,0.0029946527172848188,0.05472342018994079
YPR152C,0.8364589221459996,0.8284277190554382,0.8008774920576316,0.7510197202916171,0.793451122284643,0.6663915462162795,0.024783320458254963,0.025384559247068096,0.027346782808537543,0.03057937043085581,0.027852070412402535,0.03539684778713783,7,10,0.0038216003424312787,0.06181909367203048
YBL050W,0.46502914969408615,0.518341132429704,0.46300528893644166,0.5396730709395855,0.5458655240397394,0.47073714054174876,0.075449597721247,0.07159153089621387,0.0755921805668463,0.06998823802165065,0.0695158929411732,0.07504600512042868,6,8,0.010827716503978927,0.10405631409952462
YGL090W,0.8303430609771881,0.8177969611314758,0.7610735708220626,0.5902703336433386,0.7761705192581981,-0.08191458308527255,0.02443657522851921,0.02532400171096716,0.028999240411702945,0.037975476436762516,0.02806810999229117,0.0617093559093024,7,10,0.0035814771955558484,0.059845444233925175
YKL004W,0.3261806215742644,-0.21757881976334636,0.3843363930651672,0.21049960557215575,0.286375684110148,0.03402495949221973,0.047207207168702234,0.06345781318971307,0.045124073781291234,0.05109903929775537,0.048581551388271756,0.05652225915435595,8,8,0.0033653191501282803,0.05801137086923804
YLR006C,0.7485005051008844,0.7299522712356821,0.6363205280369002,0.3174085271182945,0.6924686946812764,0.5794496661372297,0.02527078965183957,0.026186081710698337,0.030388526912903436,0.041632326759100856,0.02794440841554371,0.032678284183496616,8,9,0.0025837687800940555,0.05083078575129501
YDL205C,0.6053673430240157,0.5180944603910713,0.5925624619064732,0.41911085896451883,0.6166719843797459,0.44753030086824186,0.034457441342169506,0.0380774164690353,0.03501200922744402,0.04180547321303771,0.03396032167189402,0.040770003295993104,8,8,0.00306144292632833,0.05533030748449109
YGL064C,0.817863340295415,0.8192202689851242,0.7829127365193576,0.6950551062475769,0.7651156291393602,0.6206346434221601,0.02502176354781597,0.02492838250351684,0.027317213946111,0.0323765012210377,0.028414910464691787,0.03611171102312036,7,10,0.0034977728453893368,0.05914197194369948
YHR008C,0.45663709343254766,0.2232913152627588,0.4788813990653994,0.3855001470146896,0.5097494104581253,0.4426854811772041,0.31620307881494775,0.37805081721725814,0.30966305084783646,0.3362652523627458,0.30035174735144016,0.32023683081329046,7,9,0.1872385801016528,0.43271073490456974
YER125W,0.806890865526531,0.6915206647019496,0.7731749758805975,0.632762614926037,0.8316128601094666,0.7746501193805175,0.035707779658008344,0.0451309500318307,0.038699639586796515,0.049241908941903945,0.03334386183564517,0.038573593879523436,7,8,0.006718557107273649,0.08196680491072986
YHR119W,0.8388748538345672,0.8656102829735421,0.786348497251457,0.6250158812796808,0.8292995400236675,0.5141494608613149,0.017829943993530713,0.016283634157285894,0.020531528995311757,0.027200366406088947,0.018352095584093817,0.03096133377895473,6,9,0.00200765817499857,0.04480689874336953
YLR333C,0.9368268578259474,0.653424273319571,0.8979037370345725,0.5961097759047205,0.9410541456327364,0.6875386844796632,0.20802228645279727,0.4872397339709925,0.2644530310476082,0.5259873468370518,0.2009417867054376,0.4626384823093111,6,9,0.6970122167473118,0.8348725751558209
YPL027W,0.02058947790411969,0.08462649426253566,0.0165245141948841,0.046342292290198484,0.08033507531999373,0.08027869009712463,0.2628214919539632,0.2540842017637837,0.2633663368183351,0.2593431342828749,0.2546790992373647,0.2546869063839051,6,7,0.07176457629312466,0.2678891119346299
YJL038C,-0.0716261029022347,-0.023352338674003104,0.028507482505917503,0.07416612621507979,0.09684429317948506,0.04918441003613794,0.9923898583772996,0.9697801014401596,0.9448881566808557,0.9224168097166596,0.9110495349682479,0.9347787314245807,6,7,0.9351353811480988,0.9670239816819947
YKL064W,0.830246071757087,0.7083935352071438,0.7764821034087952,0.45230423518690677,0.8075271355661324,0.7093844245653202,0.03793444211986271,0.04971899701109621,0.043529124868180946,0.06813864239368268,0.040393226039512405,0.04963445164913605,7,9,0.008625826290611652,0.09287532659760424
YDR111C,0.8680330761963879,0.7627247959047438,0.8229129881100679,0.758421445869704,0.7842899850461194,0.8234647432154185,0.0249244156585988,0.033420936593148536,0.028872593310222884,0.033722644747552676,0.03186600303082095,0.028827578634046253,6,10,0.004790027592960274,0.06921002523450107
YER092W,0.7854551427383352,0.7105462724400446,0.7968033035378813,0.8164145235410243,0.74412932534314,0.39943134983531314,0.03412180366231648,0.039633506616321576,0.03320712269483325,0.03156400371364042,0.03726346040724311,0.05708923906756694,8,8,0.005522032883754448,0.07431038207245638
YNR059W,0.7580779601787891,0.7551855459575965,0.7301858879119247,0.5933098918681345,0.7299050585579161,0.5632351533471347,0.03065395446676483,0.03083665896620985,0.0323728638338364,0.03974482551792614,0.03238970670020271,0.04118818250314655,7,10,0.003952307423948988,0.06286737964913909
YJR150C,0.8733357197108124,0.8719386503778783,0.8310202863910889,0.8142998916818402,0.7929535288927543,0.7051799589340835,0.024626138730645418,0.024761575789516085,0.028443728638726927,0.029817780977241488,0.03148496089492517,0.03757056645470949,7,10,0.004871824347919153,0.06979845519722591
YOR151C,0.9560238209137781,0.9083240372474065,0.859805840302104,0.6732375812969775,0.9328125655596389,0.8764668478559892,0.0322659947303676,0.046586925696846596,0.05761045074956994,0.08795334546594845,0.039882313332436886,0.054078927980805325,6,8,0.024089387760992523,0.15520756347869302
YPL112C,0.7129641339871315,0.7545090064084996,0.7052780593970616,0.5962191730915334,0.6857137671159811,-0.0944621169987725,0.025705033741754,0.023772117971854377,0.02604691717656761,0.030487579202001215,0.026897553110317923,0.05019384461490864,7,11,0.0023423583000511117,0.04839791627798775
YMR179W,0.8880189289872934,0.905232653166533,0.8630280907766904,0.8897314947782698,0.912696638034093,0.8174303223740413,0.01863562068340025,0.017143556166926317,0.020610442132426354,0.018492571108009084,0.016454588952337583,0.023795009251244722,8,9,0.003155703889836592,0.05617565210869022
YDR273W,-0.008720824489633072,-0.07672684797895091,0.05396311758306083,0.11913963643286063,0.14067647608257305,0.07955118958800478,1.0308370708587173,1.0650188781315955,0.9982942484528162,0.9632922561174843,0.9514432409442989,0.9847009462513399,6,7,1.0719195890822575,1.0353354959056786
YKL211C,0.6721337549799171,0.4731389333949405,0.6332570943099675,0.15935533706919502,0.6458201530568063,0.33433522841690344,0.027260425153303673,0.03455670493537843,0.028831360216064143,0.0436506285188885,0.028333236997451244,0.03884293680572032,8,9,0.0023063312345243934,0.04802427755338328
YPL133C,0.8500974015415427,0.8164618496233352,0.8177333864119939,0.6278395034203598,0.7606084498233798,0.7376939664309128,0.023120444469997198,0.02558319455533954,0.02549442143046004,0.03642979559613204,0.029217698732895172,0.030584102349531385,6,10,0.0036285769235827937,0.060237670303413905
YMR079W,-0.10653123585969482,-0.40136933255035534,0.022659225064008637,-0.07773653530214264,0.022619387562224147,0.06299333203118629,0.3073125207142374,0.34583960023949584,0.2888161170922362,0.30328764494009014,0.28882200326604124,0.2827937172575108,6,8,0.08684602988712277,0.29469650470801784
YBR162C,0.7961384759899112,0.8002651029765535,0.7148835664546346,0.005129187587900597,0.7957304923298103,0.7768969007766617,0.14767000139404862,0.14616776982549431,0.17463680232575016,0.32621805240016544,0.14781769192894517,0.15448184489660907,6,8,0.10884348262751888,0.3299143565041068
YOL002C,0.8093488939171567,0.7023459220336316,0.7851298995060267,0.6440215922898544,0.7616695000656075,0.6468722113282844,0.02161881179564219,0.027012704927174103,0.022950922667069776,0.02954091780187515,0.024171409061002076,0.029422400548890684,7,8,0.002494465203763548,0.04994462136970855
YNL305C,0.661900536288635,0.5675955670202575,0.5867515037443369,0.4377709303992977,0.5857995468010306,0.6014008839423018,0.12443985564076143,0.1407285868046316,0.13757606981243037,0.16047001973513503,0.1377344383962263,0.13511557796945547,6,9,0.046604478566841565,0.21588070448014007
YPR143W,0.38979409481705596,0.12412038952453341,0.47647799075175756,-0.061842099833193664,-0.08402407981310644,0.2578048534546411,0.03986985657596544,0.04776707833816464,0.036929543782445805,0.052594028867914776,0.05314053654235998,0.04397091725536353,10,8,0.0026507335717281815,0.05148527529039911
YNL284C,0.6446017956386065,0.1587052618774777,0.5486081767524316,0.16822561579451423,0.5368241818660604,0.0919246606903682,0.021538121005672217,0.03313784668379375,0.024273200423303012,0.032949814101897325,0.02458799616064719,0.03442794803773098,7,9,0.0013281695946453702,0.03644406117113418
YPR181C,0.9124821228383513,0.8133508267108523,0.8261748936084483,0.6469620593174537,0.895031551379035,0.832003194074813,0.08269050749831644,0.12075922168661354,0.11653691626731472,0.16608023875069727,0.09056005116662777,0.11456653604551104,6,9,0.07950010051100906,0.28195762183528406
YOL112W,0.7477602956881984,0.7514312469241426,0.7157908408799156,0.5324061732437728,0.7853956279730021,0.6340177134964446,0.022281922274369734,0.022119188896975096,0.023651841800453332,0.030337536726073894,0.020552526333408205,0.026839595339423643,6,9,0.0020028342020551315,0.04475303567418786
YKR052C,0.7167048337955676,0.6174354348350686,0.6572046924945875,0.1987269926549644,0.7288056072499065,0.474537661556355,0.03649058682436134,0.042404664942292856,0.04014012305237896,0.061369349767328885,0.03570274583832342,0.04969721621899187,8,8,0.004782727845451562,0.06915726892707347
YLR452C,0.8012834530913374,0.6844611112348054,0.8028357484645928,0.6046416329251494,0.7757471200560649,0.5383129186195752,0.02650131938599654,0.033394652304023206,0.026397607516869894,0.037380572401218004,0.028152663849689608,0.04039469575790887,8,8,0.0035962849726536026,0.059969033447718686
YPL236C,0.8364320835154465,0.7756772891044398,0.7747690131200993,0.5627274175801448,0.7920276967846229,0.6741496164786294,0.025056365066611054,0.029343075393986406,0.02940242000328731,0.040968034715215075,0.02825346764693825,0.035365363427105063,6,10,0.0039056304875682,0.06249504370402664
YER131W,0.9393660294845201,0.7657696524320292,0.9208738871501863,0.7141932349453481,0.9397999686943245,0.9160759978639595,0.37853891482720914,0.7440020121447791,0.43242664302999045,0.8218428493905854,0.377181937643857,0.445344016598738,5,10,2.4046850049368973,1.5507046801170419
YAL043C,0.8401776187054192,0.7308735171304335,0.8295276775205683,0.572429267833948,0.8535877726649362,0.706489109003608,0.019441030402605912,0.02522776046250605,0.020078322230128957,0.03179834123669001,0.01860754828325956,0.026345872832676878,6,10,0.0024063239830330943,0.04905429627497569
YLL025W,0.8442998145610773,0.858988617939918,0.8486769773765758,0.05961032100043928,0.7709963943306773,0.7766899507223369,0.027402562741952508,0.026077965141616685,0.027014635970897725,0.06734425345258846,0.033232864443687976,0.03281714149672177,7,9,0.004907342497295056,0.07005242677662964
YNL204C,-0.09466099240697878,-0.14174622459837494,-0.08478891165546032,-0.14454985208507476,0.04608818083927868,-0.028559646118704318,0.5975122962260231,0.6102275598713837,0.5948118943845536,0.6109763259877482,0.5577776917389728,0.5791909490109887,6,7,0.33186938421757817,0.576081056985541
YMR194W,0.8490429557383923,0.7883668247810449,0.8473201994550841,0.6557376026898116,0.8416751587878464,0.8573888184787533,0.10294894721257272,0.12189533684148864,0.10353471916773854,0.15546764221756776,0.10543134537370336,0.10006265151310456,5,9,0.07144035000888252,0.26728327671008995
YGR098C,0.7829325136439508,0.8391603207783912,0.7066207387845005,0.6117240153483399,0.7848959349034452,0.6991744315739914,0.025687731185986672,0.022111843829608156,0.029863662206319128,0.03435568594808955,0.025571291806213814,0.030240274721782794,7,9,0.003093213211239506,0.055616663071776484
YLR115W,0.7940282360565105,0.7635493804015094,0.7268744959171536,0.619361684651897,0.7905871139316203,-0.01966031672656654,0.021265658676750194,0.022784800116557504,0.0244881582278071,0.028908878650798657,0.021442563057134077,0.04731542590187436,6,10,0.0022341026697033375,0.0472662952821917
YBR020W,0.2412600572883985,0.6272617546968899,0.3674778865424092,0.5810260881091862,0.5484039771778983,0.5892227718100739,1.1738415790970536,0.822744510424175,1.0717682113787448,0.872281187039208,0.9056034519482266,0.8637065141250649,7,5,1.8479029891570855,1.3593759557815805
YPL105C,0.7697521455661713,0.48520596985542563,0.7052711786150425,0.36695525754412717,0.6856508898229801,0.4360484170441674,0.02467549406488608,0.036896469511557214,0.02791768256296831,0.04091525519223986,0.028831960797868598,0.038617928234336296,8,6,0.0026908485825492203,0.05187338992729529
YDR079W,0.5577724729878316,0.23133665394663638,0.5082081327733871,0.26846797540038614,0.5331999393628928,0.3771533351419507,0.035474776391546455,0.04676973040913161,0.03740997791060972,0.04562611093533475,0.03644703739681553,0.04210050954323136,9,8,0.0028956542124050663,0.05381128331869689
YHL010C,0.8399873506379159,0.8984167844869055,0.8282511745051945,0.7269639354133668,0.8201175415022207,0.743725056343928,0.025444583227801475,0.02027352008415226,0.026361193658860402,0.0332374878442915,0.026978176459178323,0.032201140741129924,5,10,0.004117081889772299,0.0641644908790859
YER148W,0.7403650304604663,0.18319446643778758,0.6810759910564588,0.14658594444879225,0.6337575137705203,0.38834694371522305,0.03079890044662209,0.05462770489400364,0.034134789286606335,0.055838470609714454,0.036579518183657164,0.047272241325810205,6,9,0.003717580452210459,0.06097196447721247
YJL033W,0.6875084759066032,0.4068794889999553,0.6528949283355845,0.43352168251961465,0.2889373821123723,0.14405260507645679,0.03088865522178545,0.042555074137458584,0.03255444979486608,0.04158833424818389,0.046594408592869965,0.05112147986377187,10,9,0.0031067971491020464,0.05573865040617728
YJL023C,0.797681504625074,0.8155785973396016,0.7585213317595823,0.6870703400578649,0.7503441594578445,0.6454550034844462,0.026330945919113356,0.025139366427865857,0.02876656816090775,0.03274703861371544,0.029249573180406756,0.0348565458686086,7,10,0.0034869881662613665,0.059050725366089844
YNL064C,0.8540876862955036,0.7319320390997408,0.7730721681416977,0.559744225299091,0.8674461700130931,0.5173093595899261,0.18320388006457117,0.248319686176035,0.22847178628033782,0.31823007847294804,0.174616321739077,0.33321391879031736,8,9,0.23406179350662293,0.4837993318583883
YOR340C,0.5201700597092853,-0.009364101096315025,0.5504331989941358,0.21145394640844395,0.47843066891112385,0.4329508687143049,0.049091116570112635,0.07120052005149975,0.04751780322157968,0.06293217906755566,0.0511817653810324,0.05336660595933228,7,10,0.00511059675401767,0.07148843790444487
YHR211W,0.8200249638709379,0.8140882876525168,0.8289980220934667,0.7063598421828936,0.761774458915296,0.6351454746380661,0.027400202367252356,0.027848448915787156,0.026708420335346587,0.03499897778183034,0.03152403468480927,0.039012834402062796,7,10,0.004244713760446366,0.06515146783032878
YGR287C,0.7702619684080766,0.7931908153099223,0.7345233515382923,0.21353542144745852,0.6018007546167352,0.6555799892252779,0.03135370807772016,0.029747972673690306,0.033704324366314674,0.05801122632042452,0.04127838325224534,0.03838987080993873,6,9,0.004354096630924465,0.06598557896180396
YGR236C,0.7990501674746104,0.781855272528932,0.7989027675990872,0.5562686480102901,0.8339194481940331,0.5471237586226292,0.08856910980619018,0.09228068628756528,0.08860158727195405,0.1316129164517192,0.08051890217955043,0.13296220972631737,7,10,0.03972190319450342,0.19930354536360717
YKL022C,0.028600171407523467,0.08494224446635479,-0.040998654544122104,0.08896002641030554,0.13971968304321059,0.052838952512321624,0.20115189285014287,0.19523126374995886,0.20823330709768434,0.1948021872475168,0.18929759904636884,0.1986264254621562,7,7,0.04238413875325657,0.205874084705328
YKR017C,0.8297153568557538,0.8198256198676953,0.8039420290906122,0.7206210758413671,0.7775242444046847,0.6913967835452508,0.022962759836851213,0.023620161360273114,0.024639312950120344,0.029412582758655974,0.02624688008482648,0.030912673434804017,7,10,0.0031508361648921353,0.05613230945624931
YIR018W,0.8011838376088993,0.788178267152045,0.7920589605154459,0.7489270090687536,0.7842671630273274,0.633189718249761,0.026632726485610436,0.027490019246574918,0.027237038892565145,0.029928833053935282,0.027742648089258932,0.03617516626743075,8,10,0.003630218027650419,0.060251290672071245
YKR043C,0.8197608141015628,0.784921083746302,0.7492926148848045,0.8071935350559322,0.571127045153218,0.8067291430743886,0.06059301187131658,0.06619068133205878,0.07146304139198471,0.06266986047170237,0.09346785191230095,0.06274528812199226,6,9,0.020727599158443237,0.1439708274562706
YMR013C,0.7556314776990749,0.7369639423067638,0.7225531721893947,0.6454717610589111,0.7072252211015001,0.5995128492414088,0.02796969029822331,0.02901834699832004,0.029802651754061556,0.03368918020279444,0.030614830343135075,0.03580628957465085,7,10,0.0032574907439498865,0.05707443161302517
YGR031W,0.7825025107542931,0.7417756915460217,0.7387011547306062,0.6151042167026498,0.7024907752448115,0.5566901166307229,0.024942679080934935,0.027177814906410882,0.027339131901067206,0.03318085339530027,0.029171999214374588,0.035609812090274084,7,10,0.002910617176990697,0.05395013602383869
YNR017W,0.7449142139341727,0.4744585617088939,0.74437996817733,0.46798341153773315,0.7532980724156592,0.237725042837856,0.0492205093476414,0.0706490711702643,0.04927202553503744,0.07108296927509539,0.0484048908638465,0.08508613568775586,8,9,0.00966404816149319,0.09830589077717158
YLR137W,0.6994797260148522,0.7079107365535601,0.638227496631441,0.5688699553554208,0.5593024099113411,0.5336716408474441,0.02623289120149147,0.02586229533182196,0.028782402856243432,0.03142052335216827,0.03176724904812044,0.032677978571907504,8,10,0.002330084537473702,0.04827094920833546
YOR176W,0.8234345714727034,0.8240652725269265,0.7007989912392407,0.6975394484914474,0.8118952521297789,0.7022055253225234,0.037819067159950266,0.0377514608780294,0.04923109581944713,0.04949853505347839,0.03903532996094604,0.049115242623918066,9,9,0.008242692337126304,0.09078927435069796
YER048W-A,0.7731187678025379,0.7068981295158836,0.7503672229376239,0.47083524278784517,0.803838190983635,0.4205539299171761,0.06159944915325108,0.07001431391900188,0.06461425577711297,0.09407473389497795,0.05727759462070152,0.09844282165286748,7,8,0.017017988381237983,0.1304530121585469
YHL015W,0.9277739757597834,0.6768274678542224,0.8727103141049025,0.6879265617280195,0.9295820260881122,0.7445726440968001,0.8141355974076852,1.7221346706732494,1.0808028894598551,1.6923036556170008,0.8038807930836128,1.5310296224664126,5,9,9.337979522812285,3.0558107799424175
YLR447C,0.8180826223532782,0.7841705259276762,0.7821718583726123,0.7397050004282317,0.8189016127691426,0.6509202412154251,0.05842477479770789,0.06363782525982718,0.06393180214398178,0.0698864316225819,0.058293112536765,0.08093237536987691,6,9,0.01909295042854124,0.13817724280264548
YDL076C,0.34931954587235314,0.7782253189258816,0.3607527300267823,0.7167923089373018,0.3384839677085869,0.21658548537560118,0.05180116680925757,0.03024207898785669,0.051344047634516325,0.034174973252711495,0.05223070028837707,0.05683965961699264,7,8,0.004196280020700738,0.06477870036285645
YNL104C,0.6090044079883404,0.6280277036972765,0.4854242572822165,0.36224817277353705,0.5287213621128928,0.24043753443180682,0.24667248172574394,0.24059692388274592,0.2829824011531799,0.3150363218803196,0.2708155825821946,0.3438084293470715,7,8,0.15835168280468204,0.3979342694524839
YBR146W,0.7977813940033314,0.5378372964086602,0.7804975361895805,0.33569247033686567,0.7796973935881342,0.26342533554428094,0.04032814920022417,0.06096705016786159,0.042016264147087215,0.07309409991940405,0.042092774498185735,0.07696727722731586,8,8,0.00818367941285539,0.09046369112995219
YOR166C,0.8129751984753528,0.7970469658833996,0.7858339837950682,0.6777214880761508,0.7740351292830091,0.677925902547425,0.022915437456386356,0.02387131398840155,0.024521883804163914,0.03008113549943683,0.025188309139814895,0.030071594070922948,8,10,0.002856999997929809,0.053450912040205724
YML073C,0.8792056742322049,0.8964550212721553,0.8367791246527307,0.7642951209654323,0.8829843246814484,0.9088520352418363,0.27731074635576053,0.25674852321755093,0.3223526790688219,0.38737154777583344,0.272938910947561,0.24088897325755976,6,10,0.6477985971992742,0.8048593648577832
YML066C,0.03216931854875815,0.010349320153890673,0.1641905078784055,0.1154782297815442,0.19583122967102484,0.08334263165621991,0.23598453565012661,0.2386298756304045,0.21929942892763932,0.2255994904712002,0.21510844109522256,0.229661061656779,6,7,0.05854918314490797,0.24196938472647314
YDR086C,0.7688564731832762,0.7068118642454702,0.7520637734268677,0.5946486267515141,0.7614797184967977,0.42482855229551897,0.38889601847896177,0.43799164399846957,0.4027751079534945,0.5150014519238327,0.3950529286638828,0.613467116849959,6,10,0.6657917296118542,0.8159606176843672
YFL048C,0.8079956301123986,0.789318276255171,0.7411882032965602,0.6579289706585718,0.8125768623263279,0.6698917052021434,0.024046986854103263,0.025189441644773884,0.02791882543669882,0.03209691238051193,0.023758373829909744,0.03153067935124943,7,9,0.003064526327570606,0.05535816405527378
YFR040W,0.6985150022952438,0.7439791854762481,0.6655456908413371,0.6472848294857702,0.6452815815962001,0.6424526889243601,0.025012245862840107,0.023049285828179382,0.026344395274640418,0.027054026165693395,0.027130744140397515,0.02723871365297114,7,9,0.0021115083829913103,0.04595115213997697
YOR056C,0.6054130464395847,0.44937173679433107,0.5987529931981052,0.3203673193818384,0.41823111189790374,0.23084154785387323,0.029139903802591075,0.03442278486216364,0.029384794351212995,0.038243169630577174,0.03538278381526066,0.040684095136623036,8,8,0.002189710210729035,0.046794339515896954
YOR112W,0.8404550504691074,0.8360785308885212,0.808507507592416,0.6370486879437347,0.7960334675965833,-0.24733532429449823,0.021396354962857484,0.021687834103340974,0.02344089230625661,0.03227174498571092,0.024192331228796233,0.05982598731059914,7,10,0.0029197768797384837,0.05403495979214275
YDR188W,0.826043245939265,0.8325885797629884,0.7996240272804729,0.6410783694976677,0.8269829006399034,0.6315964297972958,0.05392842069249107,0.0529041321765025,0.057878847692781836,0.07746345625139943,0.05378257205689249,0.07847999550815336,6,8,0.017011681639141983,0.1304288374522367
YPR166C,0.5495391742226132,0.3944770526335758,0.47786569082201236,0.12015714397305477,0.38748041338516337,0.33240101910197173,0.032664915497361675,0.037872007604084316,0.035167714124818124,0.04565155558159228,0.03809017913195095,0.03976590377085533,8,8,0.0024102338821695283,0.04909413286910696
YIL139C,0.07301112898366735,0.1788981243204858,0.20121043635240998,0.3037335386847978,0.12757601166355592,0.18492427365553177,0.11211327489023289,0.10551599550793676,0.10407249579930267,0.09716447683174352,0.10876360096894752,0.10512808621367427,7,8,0.013797255131643094,0.11746171772813087
YGR195W,0.8029654227598618,0.7749743714964059,0.8047853738323787,0.734262133530538,0.7606684823699803,-1.3142907702747197,0.022264073911908894,0.02379301090128125,0.0221610119844909,0.025855928243471483,0.024537672135408885,0.07630313355168654,8,10,0.00255988208892127,0.05059527733811991
YDL044C,0.7889613070506886,0.8172339615861304,0.763685948737515,0.6968248733382365,0.7090773152232085,-0.7255809662353567,0.02546381725731399,0.02369682786432922,0.02694556146726027,0.030520331644467026,0.02989725103574419,0.07281320295633362,7,11,0.003126353389349912,0.05591380320949302
YBL006C,0.5668747839102157,0.5367534187168251,0.5361541589613035,0.5276053517672841,0.6014158616475598,-0.6914230742322185,0.02666853357345728,0.02758026996570029,0.027598103237277884,0.027851262453661284,0.02558305517058689,0.05270096005830233,7,9,0.0016708518379391342,0.040876054578923515
YOR036W,0.7557644711526937,0.6008845581892641,0.706357735352673,0.5973700623851994,0.7563533501103468,0.436467619065546,0.04777753980316527,0.0610757245884003,0.052387617141649176,0.061344042833096406,0.047719906567508616,0.0725736223594432,6,9,0.009510248454235202,0.09752050273780997
YLR073C,0.772811588908525,0.7708908114226909,0.8147576980925382,0.7052676124031962,0.7471415685882148,0.6508134055777991,0.028297631458324334,0.028417001660003084,0.025552128544449073,0.032230788491454054,0.029853531896221194,0.035082116001459225,8,9,0.0035864694513645374,0.05988713928185698
YLR262C-A,0.5425596215863215,0.5738587719211561,0.5474128579092867,0.4788952779492581,0.6765230795727748,0.45093707491336277,0.20653930709926496,0.19934816559387666,0.20544074100881526,0.2204438419277044,0.17368292201384553,0.22628018585421913,6,9,0.09489079212436562,0.30804349063787345
YKL190W,0.008950525635457507,0.14395732001547445,0.08453001806879079,0.08073549157239612,0.12343261252678162,0.0011651292931106338,0.1692560246872786,0.1573055978467023,0.16267414127473426,0.1630109262281178,0.15918022821835778,0.16991953719010688,8,9,0.02941345730345638,0.1715035197990303
YDR159W,0.7699343640868826,0.778332609246021,0.7006652834617999,0.5831623127387637,0.7418784062567545,0.6058991363803198,0.025225168406857405,0.024760482403453573,0.028773105723878107,0.03395405797874143,0.02671901021873835,0.03301504475751154,7,10,0.00281429443601833,0.05304992399634829
YIL048W,0.3467265983893363,0.4143455980059476,0.37923769563357934,0.24091509536288225,0.26515231757382784,0.31319705620701,0.0736467603061901,0.06973115602198873,0.07179080570941584,0.07938735575575351,0.07810967369881633,0.07551308845985599,7,8,0.008448224695441505,0.09191422466322341
YKR080W,0.4567699051796854,0.3098133798685505,0.38712628337398103,-0.013578874694049059,0.34414526446160876,0.17479430376620775,0.053501382407412236,0.0603054219942568,0.0568275053229295,0.07308056024387831,0.0587864076950388,0.06594079844298631,7,9,0.005361660656571859,0.07322336141267935
YCR028C,0.7366638950782531,0.6604819829486263,0.7687807951593528,0.45826487399485916,0.6579661866820528,0.43606111800630865,0.026139392667980602,0.02968053342594013,0.02449357854183662,0.03749158378994045,0.029790295436847015,0.038252190377814486,6,9,0.0026401810891217782,0.051382692505568234
YDR218C,-0.05542130184121796,-0.1393290778558367,0.02305122710271057,0.1914193120225377,0.10518263009475548,0.0328750392175331,0.7817275240441144,0.8122076327690543,0.7521048193630021,0.6842332236157741,0.7197964139510142,0.7483138301768345,6,7,0.5891665602505196,0.7675718599913103
YEL069C,0.8548678304857873,0.854151983620346,0.8097058886709076,0.8223018080900806,0.7895638275097313,0.6741481848183587,0.026941275204165283,0.027007635766012915,0.030849560352210783,0.029811086792618503,0.03244116946051046,0.040368849918931436,7,10,0.0050889214449669675,0.07133667671658785
YGL151W,0.797120117323926,0.7616043222924183,0.7266089968100731,0.607036285022974,0.7587789103561269,0.620626243940303,0.02408379537470166,0.026106859060965923,0.027957449261615887,0.03351827513229838,0.02626110968120517,0.03293359028446157,7,10,0.002909135902172751,0.053936406092478496
YML098W,0.901955045527788,0.9380186833686098,0.8078527023439737,0.5938780452900141,0.8757124932970833,0.9053058467350198,0.035945134061113014,0.02857971422245398,0.05032046244052888,0.07315697123899641,0.0404707470418048,0.035325560843525027,6,9,0.013409361657842268,0.11579879817097528
YKL025C,0.729774637273797,0.6192076955117776,0.7032248469257816,0.5764849936270844,0.7472732475278194,0.7267459046324847,0.025628939733651768,0.030423674582602048,0.0268584752630857,0.032084995833916226,0.0247852437300904,0.025772166321278617,6,10,0.002473365559286726,0.04973294239522458
YBL043W,0.5719733010980852,0.5671144757165867,0.6226759011830332,-0.6477948578437605,0.7127547492945823,0.47174015398404434,0.11128456970740723,0.11191442111885049,0.10448568464142463,0.21834894237915428,0.0911645409461373,0.12362984400431168,6,9,0.02944097442251202,0.17158372423546478
YGL244W,0.6425063910029527,0.5051930551105526,0.5765422602429872,0.43790832349839404,0.6188096805472623,0.4343211779395646,0.02574255342856055,0.030285543716863594,0.02801705735804414,0.0322790733559376,0.02658204648637493,0.032381908525391724,8,9,0.001886201566743746,0.04343042213407263
YHR205W,0.5744888146703695,0.76719685982601,0.6085669334784656,0.505591619701528,0.6297935775628241,0.2781933374936576,0.027890572335170765,0.02062986343330513,0.026750425293684172,0.030063867434803715,0.026015004800808275,0.036325565106486955,8,10,0.0018601887344778733,0.04312990533815109
YNL327W,0.7037600225735847,0.46999119031811665,0.6453692330359649,0.3730896070963343,0.7506090209152244,0.4931029637462362,0.05605390649729637,0.07497657472603478,0.06132990012247849,0.08154301902075427,0.05143093525339217,0.07332362502263229,8,8,0.010792479724587098,0.10388686021141989
YDR531W,0.42817286002896093,0.36777775462150675,0.544962919503985,0.519192367382783,0.4518444518838255,0.44012653594643114,0.048211681906615976,0.050693792980123685,0.04300741054420661,0.04420847940519207,0.04720323980954428,0.047705103512354095,7,8,0.004136118177318892,0.06431265954163995
YPL207W,0.197257014950595,0.09140191103428053,0.1977424620420537,0.13513930004626107,0.26031006537923584,-0.13987821027975667,0.058629207350906494,0.06237516000348967,0.05861147709171059,0.0608553612136561,0.05627955018637701,0.06986424804664329,8,7,0.004357171599624622,0.06600887515800145
YGL098W,0.8662798147912214,0.8183448344764898,0.8382577583975832,0.7820992631549876,0.8136142941370391,0.6161311335178064,0.020892335366209595,0.024350752121368502,0.02297736550626285,0.0266696829778695,0.024665777251958895,0.03539809976996809,8,10,0.0033214685575947275,0.057632183349190645
YNR009W,0.7966722706966511,0.7091009604990236,0.7866691287045497,0.6287865967992934,0.7649546697359224,0.4426434588191347,0.0262711743041502,0.03142333853316971,0.02690964907026165,0.035497110698292825,0.028246002566798187,0.04349584093658625,7,7,0.003453945647399298,0.0587702786057655
YOR191W,0.7873760843003257,0.721261587128878,0.7787636344928154,0.546370164817092,0.7529287598251458,0.6161608615865104,0.023344892143101478,0.02672909331891442,0.02381299788699889,0.03409860570233414,0.025164998764409443,0.031366094293690104,6,10,0.0026081031852192606,0.05106959159048818
YAL025C,0.7538922571099254,0.5961657256257256,0.8096079009243028,0.4414563184253041,0.5668381775858186,0.4661219018564252,0.06694150214067797,0.08575005409811125,0.058878573007580697,0.10084662919341568,0.08880918834529444,0.09859476748870302,7,9,0.01852758300092865,0.13611606444842816
YGR232W,0.4306847290207778,0.39481301978507766,0.331116057557712,0.19085778748588367,0.5053050532106629,0.13833784900232526,0.03403139895028347,0.03508715648391348,0.036887461630260694,0.04057100958590311,0.03172284452659897,0.0418670049749666,8,9,0.002069950257849252,0.045496706010976794
YLR136C,0.8336165561900568,0.8590406771128627,0.8041549868143277,0.5854073850451973,0.8559893482894494,0.906632366945525,0.23005056291484605,0.2117459674155659,0.24958846179815364,0.3631441284971217,0.21402551641487297,0.17233219527054844,6,7,0.323660446834099,0.5689116335900497
YCL010C,0.359417898218682,0.420571990822063,0.37304427278965246,0.38659158935862303,0.36305315781312275,0.25556758036771077,0.056058849923739176,0.05331587316745441,0.055459406889095945,0.05485694865998515,0.05589955854159388,0.060432341655967246,8,9,0.0049919095232875575,0.07065344664832394
YLL041C,0.6938578467800367,0.6390088238069918,0.5600067517961248,0.6298764210037149,0.6947128520934582,0.575872066375091,0.29311960833233996,0.31829630619080546,0.35140368511155307,0.32229731090043817,0.29271000441280387,0.3450100481648317,7,8,0.28557471287426145,0.5343919094393753
YBR091C,0.7311764003846233,0.5993851509995423,0.7286245116624965,0.61368591368827,0.7497636615236676,-0.17152009721771022,0.02084853851713655,0.025451034612425587,0.020947260289384373,0.024992643387059886,0.02011486437294294,0.04352279642850687,7,8,0.0016452692408963666,0.040561918604725376
YKR004C,0.7865802119161724,0.8664587437799558,0.7886641968569822,0.7227564627910037,0.7034633765957359,0.6067286555606036,0.02822260730740973,0.022324797048537934,0.028084476317569426,0.032166996098663164,0.033267407640468115,0.038311216486498566,6,9,0.0037976306122070053,0.0616249187602467
YOR246C,0.7242775527783334,0.6586534254723919,0.6868802099967886,0.454541767424271,0.6488728272467537,0.45829301568455494,0.026804524969197142,0.02982427033794921,0.028564545044662555,0.03770099422380956,0.030248529908380947,0.037571131133379836,7,8,0.002651534263399718,0.05149305063209712
YMR195W,0.6364647279933011,0.706330920852745,0.6339561095024417,0.5836860530898831,0.6665922582200331,0.5006880679610559,0.06079704872956327,0.054643477656824875,0.06100645673140034,0.06506084517609473,0.05822333265939004,0.0712516937790218,7,8,0.01034597867465836,0.10171518409096235
YPL045W,0.7651099507927774,0.7645129254890219,0.7410232801682524,0.6548718505897781,0.7370955464430771,0.5736805696666281,0.024771647943231046,0.02480310929086485,0.026010754654165885,0.030027057877981603,0.02620725661551031,0.033372608458989844,8,10,0.002658265270105731,0.05155836760513012
YPR081C,0.8052955542716949,0.7939986181265745,0.7447481879345039,0.6370635323314353,0.7375562759622801,-0.1388611983674648,0.027499296602616054,0.0282858164012377,0.03148604183985823,0.03754472739258258,0.031926532073726165,0.06650725902567557,6,10,0.003952031890755863,0.0628651882265206
YOR141C,0.8222685208073844,0.741571131182563,0.728324396054166,0.5139735653040867,0.7318423445912561,0.6057939991017196,0.022649789467871963,0.02731193720021772,0.028003177451536392,0.03745518420987109,0.027821279016562724,0.033732117732689526,7,10,0.002937089100536748,0.05419491766334504
YNL172W,0.12741156157095446,0.2036540194895401,0.13634254669160784,0.25723858594333626,0.1413466382941846,0.22309849427418604,0.11474891701304811,0.10962125363382104,0.11416017631693016,0.10586893283436628,0.11382896984433133,0.10827466527052879,7,8,0.015354683690037282,0.12391401732668214
YDL220C,0.839143281125952,0.832254940874543,0.848562510400453,0.802891265437871,0.8319601459299841,0.6835253223302067,0.026221861372327532,0.026777423218042013,0.025442548730114544,0.029026645506772832,0.026800942193558542,0.03678014163162618,7,10,0.004349516335097688,0.06595086303527564
YLR387C,0.38070329780678214,0.5039840680292464,0.2773671222501718,0.4586322546050269,0.36965050030863267,0.3899497122350497,0.10810000385549924,0.09674402205278859,0.11677104967884397,0.10107005784678702,0.10906038638550421,0.10728997495739073,8,9,0.019200201628439086,0.13856479216755996
YNL117W,0.184699768915228,0.1634203972008914,0.045384996632887864,0.03734053696725648,0.4781655389976647,0.15487573781264286,1.141292670999986,1.1560906304289091,1.234958528139118,1.2401510572234828,0.9130711558784552,1.161979672318101,6,9,1.6256596607001712,1.2750135923589878
YOR113W,0.832924061761432,0.8986627638617358,0.8307512767010016,0.8144494000203698,0.8234782793061542,0.7085131681064164,0.02685768674054319,0.02091684495974793,0.02703176170984803,0.028303675160063383,0.027606460354044373,0.0354748950848151,6,10,0.004393154099295235,0.06628087280124814
YCR059C,0.6402776595645219,0.5554002009892396,0.6500574607873193,0.5756168968374754,0.604159621757683,0.47083597848942704,0.026488144252679348,0.02944777313938379,0.026125595419691942,0.028770464242799054,0.027786117901605574,0.032126468017977104,7,9,0.0019846722314381567,0.04454966028420595
YDR211W,0.8445807921121573,0.739658042169322,0.8319859187123863,0.4948059253398571,0.7858533436378713,0.5121965860931823,0.03462135972013573,0.04480885618576604,0.035996859714366676,0.062419588152070465,0.04063941275172798,0.061335822363038896,6,7,0.007847596908501965,0.08858666326542594
YPL094C,0.7347981194833624,0.8167366277669069,0.72838672993045,0.5474322245542788,0.727697063909513,0.6889700179211331,0.05299572803581573,0.044054512518193985,0.05363250169835124,0.06923000719029886,0.05370054893325475,0.057392308096528656,8,9,0.01077601690530609,0.10380759560507165
YHR009C,0.7049493125574708,0.4030982184957358,0.6602515660936074,0.4108668884421268,0.5533068281244164,0.4629766320143721,0.0476862296515011,0.06782598477816497,0.051170940865051445,0.06738316201296005,0.058674490555726454,0.06433410484906366,6,9,0.007842282432774577,0.08855666227209885
YLR288C,0.7765679144971472,0.7345790773947667,0.7387522620938658,0.6686056701041693,0.7794448463956283,0.6801114350234392,0.03976789899634821,0.04334384700442728,0.0430017516659499,0.0484320011815723,0.03951104194264949,0.047583812476486353,6,9,0.007202327954416779,0.08486653023670038
YML008C,0.5519684982848521,0.17979150853658277,0.5852758197903436,0.4546758498589666,0.6421314012375177,0.41612718031481255,0.2683136488758759,0.36303677497646536,0.2581476456842247,0.29601645650414565,0.2398006115710071,0.3063004389768463,8,9,0.16350465356550684,0.404357086701231
YPL134C,0.6766183502471018,0.7634988635546298,0.6835845247012788,-0.01872091646612062,0.7503275693314444,0.6711042381898791,0.10323662240060963,0.0882861781899488,0.1021186251294691,0.18323300866657483,0.09071130101147865,0.10411306686206723,6,8,0.033535542798832745,0.183127121964041
YKL003C,0.7514777341199993,0.6158658163955121,0.7202752054122618,0.5507296907668606,0.7075724462976873,0.5950234584942359,0.023074444880350296,0.028687327237910558,0.02448015093483331,0.031024334095932613,0.025029821644703083,0.02945530628122269,6,9,0.002179969194814816,0.04669014023126099
YGR150C,0.7153233587366683,0.6986863412375859,0.6712974884056562,0.5838695038934754,0.6763127284796144,0.5507151210823146,0.02461814487025101,0.025327295414260733,0.026453364597785127,0.029764197563512673,0.026250780305571188,0.030927178973732636,8,11,0.0021662668348386357,0.046543171731615325
YOR153W,0.8820311065793733,0.7770149417824888,0.8605627509920487,0.8048714866913969,0.8700789912224938,0.6581451905411424,0.13675605582964886,0.18801854842610588,0.14867988515979066,0.17588272346797007,0.14351672191645182,0.2328003672846638,6,9,0.16131649078108337,0.40164224227673484
YNL279W,0.7940038215642018,0.4359819710317022,0.7702392967485472,0.6121331549191504,0.7524164343477684,0.5074799441733324,0.027691586237705144,0.045821019233734155,0.029245303181313277,0.03799789872264951,0.030358419558352244,0.04281837802752233,7,8,0.0037878226965703853,0.061545289800035756
YGR095C,0.6511019585440414,0.6619254842389231,0.6410173355890032,0.5732418939347933,0.4694491963418843,0.5130950115923557,0.026854458271618517,0.026434636779794067,0.027239797105388912,0.02970010739058957,0.03311544675959692,0.031724095027066024,7,9,0.002103233052463224,0.045861018877290806
YKR088C,0.7363187663183597,0.7095179362287611,0.7541142265414793,0.5711636857287551,0.723394037016589,0.6476921278525248,0.028679630564782326,0.03010187877384818,0.027694953651102316,0.036574611279354574,0.029374109591563446,0.033150884124886704,6,9,0.003174103042152242,0.056339178571862776
YHL030W,0.9119151127049445,0.776340132918721,0.8732999669541587,0.7101282561951446,0.9169779704389333,0.7365986780820782,0.0340744678056492,0.05429657198170469,0.04086643411306996,0.061813213445388766,0.03308072758716509,0.058923339832800195,6,9,0.013412505031760238,0.11581236994276664
YKL079W,0.7495491283344997,0.7106630712639695,0.7301989674550692,0.5287194310119147,0.7438878853754264,0.632431283616167,0.029054882756677187,0.03122912292143094,0.030156411248399434,0.03985635886305823,0.029381429008494556,0.03519874056170134,7,9,0.0034298003864512484,0.05856449766241702
YJL058C,0.8096322052755839,0.8005117774498955,0.7786753604487352,0.5072238674796126,0.7430541632011194,0.6451367661460576,0.026376428233592965,0.027000877349285243,0.028440297072552148,0.0424369416972175,0.03064361789709823,0.036012207898615485,7,10,0.003718704157161675,0.06098117871246566
YOL030W,0.5418135024020958,0.21710048661678882,0.5680239633629189,0.16219264342885553,0.5680608435953349,0.3834702896682366,0.10335441942085694,0.13510173300698944,0.10035470442082842,0.13975906712101774,0.10035042040561856,0.11989053917830958,7,10,0.023722964264085874,0.1540226095873131
YGL125W,0.769809706493633,0.677675018895564,0.8168654555002064,0.34625374208796733,0.7941908141029115,0.5495577697028657,0.04168833913535451,0.049330790262546914,0.037184010253224764,0.07025475082728462,0.0394188061719319,0.05831639110054153,7,9,0.007682371727025295,0.08764913991035676
YGL133W,0.7756125666312446,0.6979244706198111,0.7036467809737375,0.5776169455780045,0.7251070590115678,0.6543798234547173,0.029695806561386113,0.034455109359725865,0.0341272021163628,0.04074263406485264,0.0328683311537421,0.036854914152680274,6,10,0.003998939723681334,0.06323717042753679
YMR020W,0.8133614812051637,0.7741720047101897,0.8286041155016914,0.4466433144245452,0.8276776153080299,0.7497088314931832,0.04600621780007489,0.05060632277515841,0.04408756229520648,0.0792170147525066,0.04420656189326056,0.05327686413913937,6,9,0.011539444984980302,0.10742180870279694
YJR042W,0.7384208457925397,0.6706629888760617,0.6893219559057246,0.4141235862482542,0.7201438290152461,0.4889889343701964,0.024877983769629974,0.027914759108471198,0.027112458216733467,0.03723202193527466,0.025732445311069968,0.03477192761363633,7,8,0.0024075780046083494,0.04906707658510286
YPR031W,0.6930016063780213,0.7359239346879385,0.6211194162326202,0.5547686725558775,0.6751233046933522,0.4861786621088192,0.02838802642497865,0.026328836618393452,0.03153685085525343,0.034186922435098695,0.02920293008504793,0.03672596509451028,8,9,0.0026710833272513253,0.05168252438930712
YCL063W,0.7875694374575241,0.7046097520297994,0.7865567753094523,0.6906264938087996,0.7826009059072984,0.6100142973056847,0.02632500509055031,0.03104259657797769,0.026387676490405947,0.03176885218020987,0.02663108306874491,0.03566845574142684,6,8,0.003319503007010183,0.057615128282510863
YLR081W,0.1815643713656908,0.5669541607242587,0.2689729740121616,0.4848412789818908,0.42086067092733936,0.48384198121769106,0.8854014689239824,0.6440430673542498,0.8367865503084049,0.7024549913619174,0.744799718702706,0.7031359675247556,7,6,0.9746508976787345,0.9872440922480795
YOR132W,0.866374715341946,0.738925431368595,0.8085406860440298,0.691159323845919,0.8562575139104437,0.723179425315408,0.02410254493872861,0.03368998860786455,0.028850731484275225,0.03664256162162182,0.02499833913458133,0.03469107537171647,6,9,0.004423747162136684,0.06651125590557348
YJR121W,0.5802289842376518,0.5187046173939889,0.5939605877018062,0.5846722199992163,0.6814419540146559,0.27016462879777303,0.5863551357523011,0.6278564452927754,0.5766849326629235,0.5832436237726204,0.5107975419049738,0.7731557017583727,7,8,0.833416619101192,0.9129165455293228
YIL088C,0.7007821034838478,0.6060873451182798,0.6480912307994326,0.38496603038423216,0.7051266393038673,0.5449222272177494,0.0614743906102151,0.07053430901337032,0.06666770332340907,0.08813532316110355,0.061026465760560575,0.07581292651283618,7,8,0.012851506403749373,0.1133644847549239
YDR137W,0.767256356065015,0.7651248321149691,0.7882758943668207,0.3369026603775588,0.7462338331403144,0.5623128719525867,0.02476615121179905,0.02487930001516969,0.023621352409194742,0.041803076819581855,0.0258604730736781,0.03396264399540773,7,10,0.0026815898232444395,0.05178406920322542
YOR319W,0.8201125615052994,0.749896784925602,0.7756728773071454,0.6628817167852372,0.7097839387631104,0.5921529258973137,0.02285953902291947,0.026954214912505155,0.025527479872971236,0.031293792804134295,0.02903539718647379,0.03442038510148967,6,10,0.002955882979930935,0.05436803270241563
YKL122C,0.3572616957623317,0.2807510963962815,0.41359541979857917,0.19793023147646938,0.3667737416746334,0.13963793744628195,0.09668371205533269,0.1022764933102209,0.09234957515279354,0.10800461138609148,0.09596562206083276,0.11186052440331495,7,8,0.014798768885850477,0.12165019065275022
YLR200W,0.6563050270593467,0.5949542041676587,0.6728791681176849,0.29450384859052336,0.5795573925869191,0.6051784903647959,0.05429645322806071,0.05894363783664225,0.05297109765536584,0.07779150897389599,0.06005348728013543,0.05819494656663379,8,9,0.00872816365309074,0.09342464157325271
YIR038C,0.20638271851904633,-0.04244294932236281,0.16467820846594605,0.3530850700102147,0.1613400827281134,0.18894733902287908,0.21645745992519597,0.24808079662252197,0.22207205185793885,0.19542970964574308,0.22251533330501314,0.2188222737562154,7,8,0.06007408119967193,0.24510014524612575
YLR259C,0.8522673585463358,0.6784397092007225,0.8358706143267705,0.6413540131148352,0.7686702668980693,0.5941099575679752,0.30334743167386674,0.44754148350179807,0.3197387426088127,0.47264501154330324,0.37959267140874703,0.502812758763098,7,9,0.6338074203323085,0.7961202298222979
YCR027C,0.7100348485069681,0.6407610005845247,0.6854658505345697,0.6261300091649282,0.695366788509789,0.5255160046868033,0.024466577876963002,0.027232785465518765,0.02548204204363312,0.027781815921607687,0.02507777203562089,0.03129760533157927,7,10,0.0021006504399785817,0.04583285328210084
YGR275W,0.7645907353317081,0.8303149800565446,0.704625530609964,0.754301226607266,0.7633131320427876,0.6569213533606002,0.023386931520633217,0.019855609388089068,0.026196781986880444,0.023892575266045015,0.02345030793551971,0.028233083510041748,8,9,0.0023641556996974043,0.048622584255646105
YML049C,0.772245038790859,0.6954914282640231,0.7814188135204017,0.441919445399342,0.8143138281167822,0.5088587196147173,0.027835462889622402,0.03218579834273168,0.02726910689075116,0.04357254930826406,0.025133577267730314,0.04087593913675671,6,9,0.003461642286604381,0.058835722878234284
YHR178W,0.7786110143445275,0.797225553434296,0.7705127064785169,0.6941140451401395,0.719642769157071,0.7050115858441398,0.02793068352186737,0.026730690105351132,0.028436941249542515,0.03283094071071841,0.03143108980808793,0.032240816979949995,6,10,0.003585586922981225,0.05987977056553594
YPL055C,0.9159400502078593,0.9163918615956493,0.8916751266741785,0.8464769192639487,0.9140601879817468,0.8914953509420465,0.025490319444732165,0.0254217235574384,0.028936420697511036,0.03444828085960346,0.025773767982179892,0.02896042215493773,5,8,0.007865286879909466,0.08868645262896395
YOR061W,0.3650088533928947,0.36249854851681185,0.3036984569726101,-0.02378546528236103,0.44612032594596884,0.15308494201609002,0.03815337774441986,0.03822871906149222,0.03995285656250422,0.04844552169798897,0.03563336785839086,0.044062494953885645,9,9,0.0023326600550732514,0.04829761955907611
YDR059C,0.6310075032141345,0.5882812981626706,0.5365140861973028,0.48103824016221153,0.5406622694077904,0.45582044989976334,0.65674458665992,0.6937260956648412,0.7360477745960878,0.7788528491726621,0.7327465702673276,0.7975516957522618,7,9,1.1894018404128877,1.0905970110049301
YOL140W,0.7399278885335381,0.5708979982346126,0.7415857873007072,0.5190310113280638,0.5462203397481087,0.36384768199393014,0.02666370170960684,0.034249467264515304,0.02657857840732889,0.036260358037948276,0.03522054428998355,0.04170173338599156,7,9,0.0027816356172655076,0.052741213649910516
YGL148W,0.8513865481923593,0.8154798867618823,0.8123140525247848,0.7435278970683898,0.8513262674911529,0.7100484485719586,0.06211450763007036,0.0692127081244949,0.06980392846481731,0.08159885272174497,0.06212710381976384,0.08676143064285961,6,9,0.02641685487564014,0.1625326271111131
YNL215W,0.737201386165496,0.6702441033825436,0.7244875631029641,0.7170153490760056,0.6705663140107956,0.7039777854717452,0.0360014885212041,0.040327862860685904,0.03686205361854601,0.037358580183796175,0.04030815549244862,0.03820947531349643,6,9,0.005018465960990083,0.07084113184436061
YDR103W,0.7344983703461907,0.8030510703212425,0.6432534973914588,0.5405005915749107,0.7296152838773804,0.5911528154289165,0.02681576244575645,0.023095818958667722,0.031083965350464145,0.03527760006326065,0.02706123567334473,0.03327645545134683,7,9,0.002755917712611592,0.052496835262819334
YPL255W,0.5862728996056191,0.6400647669685007,0.5502155519649039,0.6568014171025117,0.517905073468707,0.5905151042334327,0.0482333218726822,0.044988588626305864,0.050291247190157984,0.0439301748106481,0.052066270342870265,0.047985401394753546,6,9,0.0057218110862803625,0.07564265388179055
YKL201C,0.544795113181267,0.5011940294749311,0.5246611806572619,0.5455466928493806,0.5879952330129214,0.28835469788321133,0.0437707286118394,0.04581905625617321,0.04472825545949834,0.04373457919777288,0.041641986457103757,0.05472831933235497,7,9,0.004282661744848288,0.06544204875191705
YGR235C,0.7692968429891798,0.788681021121786,0.7315295236977137,0.7958111313283591,0.7879428716752395,0.7265511423121592,0.062155039521242135,0.05948655653256105,0.06704985527798613,0.05847437783010024,0.059590360958510925,0.06766866909654164,7,10,0.01703932137720473,0.1305347516073966
YIL037C,0.7648125736583835,0.7037746840716208,0.7778275063906613,0.21477183249169352,0.697251015803372,-0.03822918211283444,0.032212528892310396,0.0361517110318716,0.03130854722432416,0.058859383145560426,0.036547621502644095,0.06768062913673983,7,9,0.004489403909488972,0.067003014182117
YFR042W,0.6094204079196879,0.5980530583434479,0.6113908770748876,0.5427297015965924,0.6452397437467627,0.6021808211314754,0.030923982550742187,0.031370757822171406,0.030845878364996856,0.03346009289266414,0.029471899377195403,0.03120926235978944,6,9,0.002491348194799276,0.04991340696445471
YBR240C,-0.27362012436982375,-2.466159412956503,0.1952599161401014,-0.613733435136103,-3.1486122916864163,-5.028476282416088,0.6182702109131898,1.019958806423125,0.4914577440109922,0.6959439510277655,1.1158602077226256,1.3451234503511678,5,7,0.3054005883732423,0.5526306075248115
YPR049C,0.7822256813979095,0.7933122864762466,0.78761269398934,0.6902362958477466,0.7689226679572507,0.6998963772426392,0.02880096569109925,0.028058280237307692,0.02844251502365418,0.03434938632667902,0.029667598323913778,0.03380954585051236,6,10,0.0038757929997342276,0.062255867191247344
YDR515W,0.44277866136280897,0.580867677231708,0.48382218734205473,0.6048669723508859,0.474059717603338,0.3188697109315407,0.05456529997358422,0.04732365227023818,0.052517294403553454,0.04594881795806578,0.05301159789276026,0.06032783974178413,7,8,0.005436989481464333,0.07373594429763773
YEL018W,0.7857453593724553,0.7934972846682545,0.7423199047456849,0.6390002882261971,0.7358413617230608,-0.6896436762946643,0.025879850362111403,0.02540735908657335,0.02838161329784497,0.033593099002025305,0.028736181024999623,0.07267653376775045,7,10,0.003180873678899098,0.05639923473682154
YOR192C,0.795245156798781,0.7870687892862589,0.7595179926018073,0.7090121902724238,0.7440980950373299,0.6049767681356369,0.028090283829783194,0.028645651072297617,0.030442501076052418,0.03348701476361562,0.031403336671186236,0.03901668386401878,7,10,0.003921310294572985,0.0626203664519219
YJL125C,0.7588014266885461,0.644467541741172,0.7387297477530856,0.30036011817471875,0.6468695751414448,0.4814149718601495,0.026439440742694692,0.03209996250219003,0.02751755730208796,0.04503002375936386,0.03199134252139128,0.03876813279106353,7,8,0.0029490554082277627,0.054305206087701785
YOR354C,0.7691868283677074,0.6819999383095422,0.666365929301628,0.5268415288806578,0.6737326450424881,0.5245405712618674,0.018007914551304714,0.02113716458183084,0.021650519621375215,0.0257831774012674,0.02141016123852607,0.025845792837457866,6,9,0.0014296159722722392,0.03781026279030918
YNL121C,-0.1642498099059042,-0.26727486715648263,-0.13434959103585187,0.0198221469741503,-0.030170126642656614,-0.13006830583361872,0.1548633452879251,0.1615700872804408,0.15286181364716214,0.14209473661148733,0.14567332211892026,0.15257307387112667,7,9,0.020960625333144772,0.144777848212856
YPL040C,0.7940698185793678,0.7666645824115595,0.7051013045309944,0.6961165977689407,0.744169544234861,0.5258297532755446,0.024289978040626443,0.025855768666219043,0.02906722329005635,0.029506697962049626,0.027073427649611445,0.03685821260534234,7,10,0.00291532770708874,0.0539937747068006
YMR032W,0.8355615713583365,0.8153396770601258,0.814407099747415,0.68277424423481,0.787644336793481,0.6754299192144966,0.02485992569006914,0.02634419682657161,0.026410635191485086,0.0345288717268192,0.028250757083911594,0.03492628623628811,8,9,0.003824278149664902,0.06184074829483309
YNL291C,0.7456483852206934,0.76223211087057,0.6861797241262617,0.6095849500371067,0.7422440777610178,0.5961530958860188,0.024033224664316503,0.023236536640632636,0.026695330171719517,0.02977543206157125,0.024193523508351213,0.030283298382067177,7,10,0.002310695567882811,0.0480696949010789
YOR094W,0.6539365935049117,0.6785381036682414,0.6174183918828993,0.511029613542469,0.5969883821004853,-0.0024089667816529214,0.026068082009999688,0.02512441686039657,0.027409005848231145,0.030986499560359353,0.028131314263790057,0.044366351005392136,7,10,0.0019980926242056975,0.04470002935352165
YPR129W,0.6431931092149454,0.6543431363916767,0.5628416881019025,0.35502219260465107,0.6187381265514412,0.5263195916369061,0.030766800319252188,0.030282261738655388,0.03405532949124021,0.041365483235523914,0.03180368220610763,0.03544936234746407,7,8,0.00269950770055747,0.05195678685751718
YPL110C,0.5166455292439626,0.5925201031237126,0.45308930496190936,0.3344525336534996,0.4842943392808726,0.36318260035884753,0.06719039699857171,0.06169179843883213,0.07147144213897118,0.07884312952494706,0.06940252743340654,0.07712262404268605,6,9,0.009503898998905696,0.09748794283861824
YBR295W,0.7913164980003651,0.7319040016341398,0.6588746220994433,0.4319476313211873,0.7261282945202926,0.5427174581554897,0.04092587806894791,0.04638730201742426,0.0523252079312029,0.06752244122192005,0.046884310240228266,0.06058236992504662,7,8,0.008166971381497343,0.09037129733215819
YAL013W,0.928285750643927,0.8812662165946126,0.90320656801003,0.8234552392361231,0.8702265241146758,0.809234300156962,0.020851643362280133,0.026830249616958308,0.02422481696121239,0.03271635987529448,0.028049849045392143,0.034008517840763086,6,9,0.0061691915860958265,0.07854420147977714
YDR195W,0.7531076446611991,0.7945205079864982,0.7273202350523086,0.625254642477406,0.6830648769021377,0.5690136208339767,0.02463686120237537,0.022475833028419823,0.025891547649950657,0.030352864704354315,0.027913657204760058,0.03255092450976319,8,10,0.0025015906711180215,0.05001590418175025
YBR279W,0.4709098481962085,0.3119365401151808,0.3567970014849243,0.3070865009678222,0.41344246136827745,0.3980720938934975,0.03003042261672101,0.034246078872354126,0.03311087328897187,0.0343665642392872,0.031619275566741004,0.032030878067462486,8,9,0.0017343883516620859,0.04164598842220083
YFL022C,0.36664307088346815,0.18929634471507295,0.3697818876959357,0.4057189722946063,0.4958490325448386,0.4647848858516753,0.09143890963349097,0.10345174987950323,0.09121204982382956,0.08857327609685693,0.08158063436013352,0.08405643371251983,9,8,0.013432804341497443,0.11589997558885612
YCR008W,0.6060796348930464,0.49357421952032643,0.5687291220330626,0.38279172152020013,0.5229350573860341,0.3473890095006609,0.030011782342567284,0.03402870910661056,0.03140238527842367,0.037566734237416154,0.03302754727704132,0.038629115393300925,7,9,0.0023266351251333855,0.04823520628268719
YDR236C,0.6272131258598803,0.560891006089407,0.48893572366923366,0.37431592759506727,0.7403752919389128,0.5502298664062075,0.0302874695830625,0.032871449188149514,0.0354625896812934,0.03923830463399453,0.025275845694364245,0.03326809947816346,7,9,0.0025039088056578026,0.05003907278974904
YHR042W,0.06492414661405732,-0.44642125686567624,0.03467892391636396,-0.6178802001318644,-0.02550485681960346,0.3829690181961982,0.10910640774877851,0.13569824591671986,0.11085690009655813,0.14351589908442366,0.11426038860914371,0.08862991269880922,6,9,0.012954087014527669,0.11381602266169587
YBR052C,0.6101643393306495,0.03895083944395561,0.38246521860833504,-0.11288566250451937,0.5423295597122034,-0.02198813355254381,0.07918698314716091,0.12433282954429824,0.09966524236112513,0.13379450871358797,0.08580042660848736,0.1282141454401937,7,9,0.016367380127837377,0.12793506215200498
YER183C,0.6800144533139669,0.7607768484717958,0.6937308200684424,0.5036978328655359,0.6539722022421279,-0.7019462982169766,0.02609810441823033,0.022565522138330487,0.025532622903693968,0.03250250764075003,0.027139339736130814,0.060188942027364856,7,10,0.0021659114861386688,0.0465393541654659
YER086W,0.6904929794385268,0.6748490243533961,0.5398450159476277,0.7078803790328649,0.6055941820709037,0.7468374289610251,0.049347967552833334,0.05057973492074482,0.060170841245153914,0.04794180514687584,0.05570647455581251,0.044630707041133366,8,9,0.00800610302265952,0.08947682952954648
YHL011C,0.7463008036168643,0.5887912054272125,0.7324724288888032,0.653064326521768,0.5852591943338873,0.6392389504828719,0.04779946035705529,0.06085477275235286,0.04908487858746909,0.05589692625716257,0.061115565030408714,0.05699979170697709,8,8,0.009163893503687483,0.0957282273088115
YHR001W-A,0.5164534247350425,0.46705035124786487,0.3448798612455296,0.4231364210866352,0.5269816088919691,0.18666841895655428,0.36139849039814836,0.37941130619852875,0.4206565477257786,0.394733275397982,0.3574425021362647,0.468706521481158,7,8,0.27484478088483,0.5242564075763214
YNL093W,0.9003631341827484,0.75408873195501,0.8342706252212743,0.7306448628903104,0.8479109282053539,0.7636642697224496,0.03667121358671846,0.05761087459072503,0.04729497493669412,0.0602945259607661,0.04530689067093776,0.056478082861873544,6,9,0.013733576317758362,0.11719034225463446
YIL033C,0.6251573678108068,0.41537709830919056,0.6231859628813725,0.317334600233636,0.5892159611215854,0.5295597165921032,0.12767982352343793,0.15945410211282016,0.12801513563491487,0.17230652747278422,0.1336609564761682,0.14303754110699318,6,9,0.044253610234999415,0.21036542072070546
YOR123C,0.5338431020502298,0.23868661887123277,0.4884447246324293,0.02382923035351714,0.34234065613204934,0.1436261974585069,0.02788419700628161,0.0356347582211163,0.02921045815173922,0.040351063394979,0.033120171910187124,0.03779407943508664,7,8,0.0016972167440543675,0.04119729049408914
YIL114C,0.7427472513392195,0.7526813588814033,0.7068635972339055,0.6489757786168635,0.686315816675455,0.6007020405575835,0.02235725114424539,0.02192132593157882,0.02386565018253509,0.026116016591967803,0.02468793151983314,0.027853959442757315,7,9,0.0019771058670988153,0.044464658630184214
YCR032W,0.7792770895789951,0.7251759500544313,0.7166023542397828,0.4693309354873664,0.7910518285622993,0.6276471881520606,0.030048074089203555,0.033528976933844754,0.034047956660978575,0.046591299091833474,0.02923561417513117,0.039027456945631395,6,10,0.004162353936220128,0.06451630752158811
YDR122W,0.7754488656500279,0.6168677868424184,0.7429977999764152,0.5178321255351398,0.7209997840276521,0.5216779522171178,0.03357158131938762,0.04385190915868741,0.03591555584394387,0.04919413257445769,0.03742109067940801,0.048997550756926696,7,9,0.005107183722022229,0.07146456270083956
YOR358W,0.8092207521009152,0.7743911298536549,0.8252194047233757,0.7446688953575744,0.7943346948975968,0.6360553433400971,0.02504462776164898,0.027234982482087295,0.023971522713037156,0.02897349438797215,0.02600336380239725,0.034591284461317345,7,10,0.003345423997258904,0.05783964036246166
YCR097W,0.5566271892049173,0.5580699887932487,0.5765710569071407,0.48181867859845073,0.5873849988293426,0.4286047503190562,0.0737075426543668,0.07358751739982135,0.07203070643999569,0.07968347785009325,0.07110496230525463,0.08367499915697235,7,9,0.012468320164439347,0.11166163246361459
YFL018C,0.5208847056521986,0.3880019502186496,0.521644351092774,0.3500064734100562,0.5736230737248027,0.37896723898332296,0.10722720176900537,0.12118809939464782,0.10714216277270656,0.12489339493878814,0.10115370688282785,0.12207935071050817,7,8,0.024418728634028983,0.15626493091550958
YJL061W,0.7580624982786368,0.7238045650656395,0.7226184997291603,0.49625369998491276,0.760202206573007,0.5751110765393199,0.02205916017992614,0.02356924258962102,0.023619795044458144,0.03183048918128992,0.021961397344638936,0.02923311419968991,7,10,0.002046576083907833,0.04523909906162846
YDR392W,0.8285732668606488,0.7967859339044785,0.7937849185791231,0.666705600812191,0.789749429215666,0.7028056682363947,0.018398030523318797,0.020031291153124284,0.02017865766841514,0.025653467072040734,0.020375142383999286,0.02422436053979004,8,9,0.0020091726564377744,0.04482379564960753
YIL151C,0.7607418521877131,0.7992490479266195,0.7166054626586874,0.5467883293305749,0.7656298617422312,0.6342316060649007,0.026462912086995614,0.024240025515747294,0.028800498382746852,0.03642124675413133,0.026191200423894823,0.032719552367852046,7,10,0.0029782535598373086,0.054573377757266485
YOR134W,0.9050945809978281,0.8052035829748687,0.8514456255758256,0.7947311722140571,0.7895877961074453,0.7911021312334283,0.027641098987004047,0.03960046476636907,0.034582192440448786,0.04065100639704142,0.04115714713522838,0.04100877584966745,7,9,0.008191675487739426,0.09050787528021761
YDL051W,0.5991936642612252,-0.4075438839637644,0.6578221430942042,0.4644556425325108,0.6388313102963222,0.5143968003049489,0.05711559618101459,0.10703317228743202,0.05277319357553572,0.06602146383626563,0.054217872528769154,0.06286779020517394,7,9,0.008281861981512218,0.09100473603891293
YBR263W,0.35214460318654495,0.2981872761034954,0.28945546893478036,0.2362714139693286,0.4527578832712901,0.33595470008588924,0.056002641431119576,0.05828812562573586,0.05864960906191162,0.06080495819607121,0.05147059966528135,0.056698076375448464,8,9,0.004925973600161221,0.07018528050924368
YIR011C,0.6070423797241733,0.6014675826085455,0.5855630251998536,0.5711241842395063,0.6573206410927521,0.592168851670954,0.02909595991698864,0.02930162182841762,0.029880583888931684,0.030396642155596496,0.027170886298952385,0.029641489837054464,7,10,0.0021921627930889627,0.046820538154627854
YMR109W,0.7725630528622831,0.7383363180781484,0.7585264276190609,0.4647918220188736,0.7219496982664284,0.5811139252598856,0.026680629786690863,0.028617869055901933,0.02749162249409889,0.04092860462428891,0.029500355764996693,0.036208749777145305,8,9,0.0031848154698992104,0.05643416934711815
YHR164C,0.812205516364235,0.8766722981584469,0.7275070113819999,0.6528857793563155,0.7804342644892407,0.6960519456999956,0.02480118513781998,0.02009839318993973,0.029875053033913582,0.033718420467331305,0.026817192057329887,0.03155227675815627,6,10,0.003332845453519399,0.057730801601219774
YBL003C,0.5660788742111063,-0.17412207168687432,0.4725071600721765,-0.5908864549544832,0.6197068269547963,0.17572984065764352,0.185072195115141,0.3044334749071403,0.20405350701960095,0.35436871266372394,0.17325869676202982,0.25507656950650914,8,9,0.08032018414467111,0.2834081582182685
YMR264W,0.5957539602595807,0.541117969395911,0.5444804428520118,0.4918300266091101,0.7003744600770663,0.38945685310377587,0.02458388815211979,0.02619257584242559,0.026096435912882146,0.027563361714168223,0.02116494280534635,0.030212444442678243,9,9,0.0015212777264599453,0.039003560433118735
YPR055W,0.7909027749249555,0.815251305411475,0.7306406354409145,0.7242867731349155,0.7879971098056873,0.6737639427513387,0.024607537653658303,0.023130483599310067,0.027929300776956302,0.028256790012696337,0.024777923882359245,0.030736895707816802,7,10,0.0029467357036535367,0.05428384385481132
YCL043C,0.7275026561778342,0.7143459139015418,0.6444661395322333,0.44603530888601317,0.6008936623565084,0.462861643215559,0.7095383966391142,0.726465485908106,0.8104668387591161,1.0116628628275977,0.8586952839624038,0.9961800697812754,8,9,1.8799342882195198,1.3711069572500607
YPL002C,0.8313812441927821,0.8052654240077105,0.7818332400962998,0.6458790865453752,0.7619470004769476,0.7343397501661486,0.01937886240350806,0.020825568875631358,0.02204294564612244,0.028083493181153968,0.02302566426173549,0.024324203450279937,6,10,0.0022662291195415787,0.047604927471235355
YDR083W,0.6331337220481896,-0.23060718014072346,0.6038539639777581,0.25433405281453547,-0.1594679820731515,-0.2038954042090655,0.030983615628388337,0.056746348627430825,0.032196291947197704,0.04417233474688774,0.055081730969165923,0.05612709668066748,9,7,0.002662622127867647,0.051600602010709595
YDR502C,0.8031926368916115,0.7927197295057378,0.7750733818861104,0.650884502896951,0.7132224686015742,0.8540526876120637,0.3066917994932354,0.3147461857346457,0.32787018004404406,0.40847554052803914,0.37021503610026785,0.2641067757839008,6,7,0.48631327276091707,0.6973616513409072
YER100W,0.028307882393960537,-0.0434839335212327,0.25075694699981455,0.2767264119377658,0.17818786046821689,0.243188157514849,0.11518598891944301,0.1193653288100841,0.1011455261303384,0.09937716850097499,0.10593063886353378,0.10165512412899315,6,7,0.01389388720055787,0.11787233433065568
YKL206C,0.8152570700590274,0.8788758659591481,0.7772325833131004,0.888223496475895,0.7431664520726243,0.3678601345518947,0.027295082650503774,0.022101199394450044,0.02997273227561618,0.021231259588286235,0.03218298892393899,0.050490199883032105,8,8,0.004103497169926666,0.06405854486270092
YIL150C,0.8546786813650941,0.8514695330437649,0.7792340365644435,0.6859085130887274,0.7784650074541852,0.7301000250331322,0.024800285899972793,0.02507262445099075,0.030567370496155478,0.03646028887187257,0.030620564297773833,0.03379819011988098,7,10,0.004306626246049126,0.06562489044599713
YOR347C,0.7621512907033736,0.5986797307387077,0.772720523648114,0.7418680543076173,0.6232529625981615,0.6574064545912128,0.04019088010566485,0.05220626992506992,0.03928775628669119,0.04186952119649945,0.050582703795711635,0.048235491175053664,8,8,0.006910466594854117,0.0831292162530967
YGR231C,0.6454380006655754,0.6715683519625196,0.692533260779346,0.4731595096674611,0.6957880453406033,0.4148954013108841,0.06718942492147789,0.06466619833070308,0.06256823458204125,0.0819019803212462,0.06223618576297502,0.08631208064652071,8,8,0.01295575713161541,0.11382335934075839
YNL214W,0.7836618766081894,0.7905336766123492,0.8062229836379586,0.6703211351430634,0.7840361273896095,0.633271417214688,0.02903566648332738,0.028570798295036972,0.027479979381156688,0.03584353406826761,0.02901054071167654,0.03780399092708539,6,9,0.0039653696499478,0.0629711811065014
YOR174W,0.7272757197030357,0.7666371684902094,0.6609886206674322,0.5060911272080457,0.6647463770346032,0.13791477242928818,0.025554395338898823,0.02363848015130364,0.028491206807133327,0.034389599741450096,0.028332862043666352,0.04543377350723587,7,10,0.0024364671036017907,0.04936058248847749
YPL160W,0.9154861652385304,0.8300474822522239,0.8695135766836777,0.6722462881990695,0.882711082581021,0.665727997719204,0.08650487164680458,0.12267059265505538,0.10748783750984288,0.17035326883073565,0.10190726614015379,0.17203890254252036,7,8,0.09009619750745215,0.3001602863595585
YKL138C,0.6702453724069585,0.4186424639859704,0.659759410343236,0.23975581474316732,0.7340949393096676,0.26525155079916685,0.04046210724796951,0.05372478679443561,0.041100405682314614,0.061436943452041454,0.03633426245006007,0.06039797617789224,8,9,0.0050519522000071595,0.07107708632187422
YPR138C,0.5010618334477521,0.22635693844485982,0.44707907543708736,0.09844922629077346,0.4763868264642379,0.17801347745088192,0.03819941232370318,0.04756676712897443,0.04021284787698213,0.051348577083464485,0.03913259068864321,0.04903042599697611,8,10,0.002975909873170239,0.054551900729216014
YDL117W,0.7131091342570859,0.7017975903352485,0.6768555598441325,0.5675511304822045,0.7119659043066973,0.5760522832768653,0.026024416557830183,0.02653250260586326,0.027619828993875595,0.031951409724299495,0.02607621728655101,0.0316357978376969,8,10,0.002402140583065596,0.04901163722082334
YDR117C,0.598139364292945,0.6442436631383001,0.5366429764693474,0.1910759822797775,0.5374020983752874,0.39515800639614673,0.039852104766156436,0.03749642406726597,0.04279286908368166,0.05654150901149989,0.04275780074683058,0.048891627919767915,8,9,0.004021427075998013,0.06341472286463147
YLR206W,0.6861374318327891,0.2957371978886062,0.6791453654054815,0.2816125692852167,0.5922773626273945,0.5304179488170242,0.05667872226932029,0.08490194986062459,0.05730657428167159,0.08574911604159988,0.06460002731147681,0.06932757885286293,7,8,0.010414866712446657,0.10205325429620879
YOR016C,0.8804440660056259,0.8033939390304433,0.7936428521008543,0.556584320070313,0.8613205653527537,0.7677607779836386,0.04989102848154239,0.06397868943630541,0.06554606840900044,0.09608208344464712,0.05373322656144073,0.0695351942972242,6,9,0.0211849242248,0.1455504181539854
YHL023C,0.782044311619742,0.7259591207325377,0.7154274048575248,0.5665285396064063,0.7894775633513189,0.6368077105130314,0.02528550385730544,0.02835274972066651,0.02889242837323578,0.035658885267457946,0.024850589882102685,0.032640425987735755,7,10,0.0029848887838458313,0.05463413570146261
YBR204C,0.8685391360832582,0.8994334386970637,0.8104708821216547,0.7194940841015651,0.8498235801813689,-0.13388782375268615,0.02540584520289121,0.022220928750375867,0.03050516492015157,0.037111321471953514,0.027154154201705086,0.0746140222718971,5,10,0.0049960175021271785,0.07068251199644209
YKR044W,0.7518287889525644,0.8171145804623545,0.7520979345491775,0.717437384536768,0.7345752820974999,0.6719863033648366,0.024952376318404187,0.02142031006351301,0.02493884202483197,0.026625241919791865,0.025805180062175928,0.028686806295530526,7,10,0.0025528515502360465,0.050525751357461735
YPR036W,0.677158481891742,0.5556173322495335,0.6566294001913583,0.47701371311571006,0.7219531296890307,0.6393580471284503,0.09594854848070332,0.11256989851508777,0.09895215851067947,0.12212058312538684,0.08904360289488822,0.10141024727542507,6,8,0.02901620261555487,0.1703414295336131
YER107C,0.5686276474922154,0.39307564859094013,0.5037636315761889,0.4340058728912518,0.5520805738253666,0.005191784175821446,0.03911785578542753,0.04639980648146296,0.041955913635662104,0.04480792680714161,0.039861059397664926,0.05940439394393974,7,8,0.0036095321425812614,0.06007938200898259
YBR147W,0.87064206841607,0.7982399465098131,0.771476685389861,0.5998923362584192,0.8453198704227061,0.720592779074967,0.03444041254584409,0.04301197709804065,0.04577591889942043,0.06057037308421181,0.037660759775649366,0.05061632693005648,6,9,0.009330324863792561,0.09659360674388633
YGR241C,0.6809343770336135,0.46487682417538967,0.6361593745811436,0.5535777237789512,0.6679182428190024,0.6355616165040687,0.028165607932009656,0.03647589882911062,0.030077013935646216,0.03331593844707841,0.028734366810350905,0.030101710737530932,7,9,0.0025299467624470486,0.05029857614731304
YOR384W,0.7423859685661391,0.7403186124235862,0.733942458480219,0.5940431364264258,0.7114785781285625,0.6394814276496898,0.02924718411866852,0.02936430414299238,0.029722619989730116,0.03671463765022492,0.030951972724747534,0.03459896627424467,7,9,0.003378716417748583,0.05812672722378737
YLR035C,0.7924828705729552,0.7689704585235386,0.78147060452227,0.6824516618364145,0.7571177104697857,0.6610575169531984,0.025805577075462303,0.02722828939705189,0.026481436013248726,0.031922105011653795,0.02791801420214268,0.032979920403528644,7,10,0.003265324429226529,0.057143017326936184
YML081W,0.8089048516069102,0.7977738044100964,0.7467654906035928,0.6875190221994649,0.753474472025357,0.6614751976596103,0.020852406329782264,0.021451124045421037,0.024004507099482625,0.026665095343799895,0.023684395094852807,0.02775406461312313,6,9,0.0023153456511638693,0.048118038729398245
YKL120W,0.7007113555545101,0.5988451414003713,0.6494309276922523,0.5578823895078873,0.6425295712126311,0.51329739451213,0.1057692306427339,0.1224532324858046,0.114472462519263,0.12855327134786698,0.11559373226168076,0.13487953539428915,7,9,0.03803483962142257,0.1950252281665697
YLR321C,0.8109785072544538,0.8040339244714266,0.7780284164180902,0.7245652277046171,0.7546663948991437,0.6581568520388346,0.02127779427571605,0.0216651379663213,0.02305789735337162,0.025685048775959698,0.02424094418905003,0.02861438728655729,7,9,0.0024372223974431545,0.04936823267490092
YPL093W,0.683722577734359,0.3466060728410433,0.7874978525007434,0.4584613228556387,0.5695137746700334,0.6449229399631151,0.07131107733942292,0.10249683363225495,0.058452698314944804,0.0933120310003111,0.08319601645028733,0.07555865352104353,7,8,0.0163605892985874,0.12790851925726995
YLR017W,0.46748246743010446,0.2979929905726658,0.47784831503512537,0.23861708363824552,0.12645802528362382,0.26513870467114276,0.034997358815727554,0.0401826929649816,0.03465506011899457,0.041847534753956174,0.04482395812966086,0.04111222691006598,9,10,0.002340398263875239,0.048377662860820785
YER074W,0.9255717704349367,0.8910824950529275,0.8902102252679557,0.675618827347824,0.9185028268322567,0.9024562496782262,0.20577825351383602,0.2489312814272751,0.24992608127007757,0.42959424269573876,0.21532869341997704,0.23557562785875738,6,10,0.5789144678378171,0.7608642900266888
YDR073W,0.7764502636494128,0.7837691067133308,0.7673826041981264,0.736093911607402,0.8253514366750658,-0.5166248326660074,0.028305810004748987,0.02783859914213037,0.028874176106721404,0.0307548215238567,0.02501906151755269,0.0737271740175533,7,9,0.0036469528656735166,0.060390006339406166
YDR245W,0.6558354770786841,0.06534830679487691,0.5815819273688905,0.2579582563475895,0.3979467021215912,0.43857409612905074,0.02046125603584504,0.033718957436969565,0.02256079799251831,0.03004439120265191,0.027062424957543234,0.02613337275064309,7,7,0.0012378032454812182,0.035182428078249776
YML035C,0.48433603016921123,0.4284738785186156,0.48252161628579404,0.41518779152186536,0.41102989088030184,0.5494806058502524,0.04845404305131989,0.051011097712495006,0.0485392133311325,0.05160061076753569,0.051783721009297845,0.04529010970857696,8,8,0.00463283029504099,0.06806489767156776
YGL215W,0.42070750935514734,0.11370246981276155,0.35247887325009186,0.049888119922177565,0.277357779873193,0.12178237993988705,0.10177997213431786,0.12589345365529822,0.10760695685087848,0.1303469136710878,0.11367763872315126,0.12531828745990145,7,8,0.018196166176615215,0.13489316578913557
YMR297W,0.6788477114322164,0.5166143199433613,0.6737941123347886,0.1167871995763119,0.6030045598625791,0.43873421389923173,0.4450756642263881,0.5460409685935412,0.4485638139342612,0.7380928790742743,0.49484717729866273,0.5883863955872587,7,8,0.6276388442281339,0.7922366087401754
YEL058W,0.6126908211327642,0.620543777589831,0.6155172007888863,0.5674036553886324,0.5559455616680498,0.6812113906281718,0.08835777681539658,0.08745743272721049,0.08803479209027838,0.09338073929805321,0.09460933564500007,0.08016176720442773,6,8,0.020510909026690817,0.14321630153963205
YJL019W,0.9147122553127519,0.8622794478573493,0.8758714522637204,0.7834119559677665,0.8871486080289926,0.76058426062073,0.018494419051197385,0.023501563525228465,0.022311728458929862,0.029472339972443678,0.021274082484241008,0.030986585844584854,6,10,0.004080824286159479,0.06388132971502299
YMR243C,0.8828966733592295,0.8285988815217895,0.8777259523842823,0.7652875017284965,0.8691645306239209,0.7797444585273235,0.0360701183910007,0.04363849630810471,0.03685785828662337,0.0510659081245871,0.03812639121796468,0.04946823023075834,6,8,0.01130522059174579,0.10632601088983726
YKL188C,0.8343628701018492,0.7170077398988426,0.7489133868064591,0.7571751705873422,0.8473652745286897,0.772098481706375,0.02779401872523995,0.036329529742367445,0.034220336581757924,0.03365263255886343,0.026680819969529104,0.032602139901102854,7,9,0.004745676528776768,0.06888887086298315
YJR088C,0.6079204205448753,0.646982570830176,0.6478266433931639,0.5160725670596742,0.6320026733216826,0.4467286119440772,0.02706195571921173,0.025678528984200637,0.02564781164339508,0.030065067852071685,0.02621768849616697,0.032147053505344206,7,8,0.0019006286537609997,0.04359619999221262
YOL110W,0.48756598362522574,0.32505249147749327,0.45051433433818233,0.15275333946437186,0.49215065500993815,0.35869474323803785,0.09209965945098045,0.10569977137459632,0.09537119677201478,0.11842516037402367,0.09168673275893789,0.1030318382966387,6,8,0.01684345711876275,0.1297823451736127
YOR241W,0.7115624146996679,0.648073941694983,0.6451722728044416,0.3293450158510527,0.6834161367741707,0.4627941058840962,0.026125062354194695,0.028857394909058167,0.028976116883118866,0.03983648290809542,0.027370063015936343,0.035653469207022274,8,8,0.002407775317418644,0.049069087187542465
YIL135C,0.8490314034158936,0.6648313487440675,0.8698671458927685,0.7315927503324952,0.8576564665024341,0.7820704587636264,0.041068985915291074,0.061193087521165854,0.03812976668507837,0.054760548728743495,0.03987856678384952,0.04934336040416464,6,9,0.011368272590467573,0.10662210179164343
YOR159C,0.8367392982544395,0.7160249536741415,0.7660986033844283,0.1656344649732734,0.6220076819297916,0.4724519874153935,0.062107031413661126,0.0819105857182441,0.07433893746927632,0.14040356015481692,0.09450209334506411,0.11164285591333317,7,9,0.024041027306569006,0.1550516923692515
YPL232W,0.036599913754625235,-0.13222341030737672,0.03583056177782429,0.01916933718460323,0.030448660877768763,-0.00011529108288965695,0.3640152723263476,0.39462294166880796,0.36416059096598247,0.3672935329662525,0.3651755312769233,0.3708867327927926,6,7,0.13995411325064627,0.37410441490397606
YJL059W,0.6653241872096374,0.6472839556998391,0.6180330688155664,0.44689750509421544,0.6479742493641247,0.5270004335284426,0.035128244928135294,0.0360625885102167,0.037528151356869634,0.04515928919387163,0.03602728253465591,0.0417613625652603,7,9,0.003751817592204761,0.06125208234994759
YLR268W,0.7048102508121707,0.5344732220006595,0.725777397315278,0.5516659296420896,0.5272566834406287,0.49327921010666875,0.020407875455369238,0.02562828193222797,0.019669747432237913,0.025150581515168694,0.025826161235350333,0.026738160181468358,8,9,0.0014356463009152724,0.03788992347465579
YKL065C,0.7255787921684337,0.7288065609439275,0.6486964908843399,0.4681191062438941,0.7321068728529962,0.7611819244022028,0.11102032859531123,0.11036548138669089,0.12561309506666987,0.15456133761704144,0.10969187461989433,0.10356840069032319,7,7,0.04570255534194978,0.2137815598735068
YLR063W,0.8321197633373805,0.8142512769977028,0.8004942971907894,0.7676981783344898,0.7880141340611168,0.6947433556347415,0.026207944131620194,0.02756741767189063,0.02857003846446254,0.030829002688985505,0.029450089614337042,0.035339933731069174,8,10,0.004163125217423103,0.06452228465749724
YBR245C,0.7661047340255507,0.6784147318326095,0.7362978113020189,0.49235339079021945,0.7751742839951773,0.543264127641224,0.02285979432725244,0.02680462128070194,0.024272721335062777,0.033677694081240835,0.022412205471791263,0.03194435798468267,6,10,0.0022734025533026965,0.04768021133869581
YCL048W,-0.07995416520869436,-0.2944649533286514,-4.603190941310231e-05,-0.24893421846574704,0.05979884423251236,-0.0009031532106029694,1.4548222720186552,1.5927676544372495,1.3999653110113617,1.5645053820629307,1.3574307077154197,1.4005651249444817,5,7,1.9941953363289617,1.4121598126022996
YJL062W,0.7274948486070225,0.6986840310018021,0.7423046555874022,0.5812072485308998,0.6813484085590251,0.6495095987082302,0.029467007505268723,0.030985588562093533,0.028655102199792212,0.03652988067338298,0.03186447162019489,0.03341848362775156,7,10,0.0032422797867461884,0.056941020246797376
YHR204W,0.8020186909663736,0.7704120116515232,0.7773914291220481,0.6776919729911868,0.825708015530533,0.6828301770834233,0.028325327680989488,0.030502639947168706,0.030035425426176692,0.036140853764849906,0.026576730614189612,0.03585161935997693,7,9,0.004123621846788909,0.06421543308885262
YNL106C,0.8143650831219283,0.7862708605042692,0.7166009843662239,0.4878532467028506,0.7895903683114912,-0.020468364816842666,0.02278260321511234,0.02444586342816405,0.02814962937871524,0.037841707500686904,0.024255281574137685,0.05341623642634853,7,10,0.002845117211897445,0.053339640155305186
YLR319C,0.8018001300520863,0.79354527744063,0.7406759588663715,0.6445551392529566,0.7511846829716036,0.017368183384373626,0.024646838960855264,0.025154862959666704,0.028192327723950264,0.03300621045722803,0.027615194146835165,0.05487884416913762,7,10,0.0031186901431274807,0.055845233844326235
YHR027C,0.7344116451764047,0.6273627224982415,0.7298680028793652,0.47746446928983,0.7446636006556174,0.5401846135898389,0.142867517622819,0.16922796559211695,0.14408441219152848,0.20039500748832878,0.14008297269515044,0.18798393409607156,8,9,0.0782007839283869,0.2796440307397726
YDR217C,0.7999632492360587,0.8180861933529784,0.7357474066841648,0.6060493124089074,0.7852200018405127,0.33693059417544513,0.024871837855263635,0.023718423151977086,0.028586606990835508,0.03490389659831408,0.02577210542001627,0.04528271699622261,8,10,0.003146727255909822,0.05609569730300019
YNL076W,0.8009807550492895,0.867899896034397,0.7739540776873626,0.7026732300855626,0.7750243378465584,0.6476116079300389,0.022968076899392377,0.018712364826640446,0.0244779720741304,0.028073341120329984,0.024419955363756744,0.030562430820479117,6,10,0.0026971638532753838,0.05193422622197604
YPL143W,0.9151288736070988,0.8898378317137714,0.8993330546402483,0.6297758509933338,0.8104769069941682,0.6325912838573946,0.5072872751505664,0.5779499403244029,0.5524811065016636,1.0595131646887144,0.7580625695409329,1.0554768517963125,6,11,3.0853263549016527,1.756509708171763
YGR279C,0.3152744567800774,0.24473982020018525,0.33320709988355435,0.30260839771898806,0.3581082933384312,0.34494788047677294,0.23891318194870576,0.2509170319199688,0.23576391319000897,0.2411127656394451,0.23131975844590413,0.23367904868449357,8,9,0.08482362600619532,0.2912449587652897
YOL086C,0.8940993651356663,0.853503299585934,0.8956732608368303,0.7628683870057551,0.9002355062813179,0.6958724274636824,1.3669878100615842,1.6077898458889481,1.3567916951498389,2.0455499441519644,1.326793580134421,2.3165584245111672,6,9,17.954935852367516,4.237326498202318
YIR024C,0.6668278703359605,0.5960692219252222,0.6357120252708487,0.6156079072979586,0.6223114599079917,0.5167912669834183,0.03164257880559096,0.034841032044780874,0.03308719535057767,0.03398793355587713,0.03369026613780851,0.03810701450356006,7,9,0.0030579347467547028,0.055298596245788215
YPR193C,0.7765104412668058,0.7531519756768705,0.7232673296685683,0.7361663067095454,0.7756623106094431,0.7265058722459142,0.07703628938377469,0.0809620627743952,0.08572291954845775,0.08370123488419369,0.07718232521881387,0.0852198449818691,6,9,0.027020078827016104,0.16437785382166328
YOL082W,0.7653318881519975,0.6565593517779269,0.7260839750558828,0.5484867661340365,0.8144252609366509,0.6176731997520818,0.0671390311477307,0.08122203715152596,0.07253652576982819,0.09312864248053741,0.059704554162273556,0.08569695710516813,7,8,0.019545608636689867,0.13980561017602214
YPR057W,0.7872817171099864,0.7657978596128446,0.726742097160425,0.5572471203299347,0.7398148635071645,0.5715727223515847,0.021884286035893475,0.022962829603454128,0.024803692505441018,0.03157262348357808,0.024203112239230214,0.031057645632675834,7,10,0.0022909366726617097,0.04786373024181995
YDL003W,0.4463074028274219,0.35453229573647493,0.4960976296163906,0.4931464051330784,0.029930292169895623,0.39418591179812834,0.04288091694955366,0.04629850457971106,0.040907496857305,0.041027114229825815,0.05675853491037987,0.04485381519493858,8,9,0.0033791895071413254,0.05813079654659246
YDR370C,0.7549586608262726,0.7648741332520372,0.7247662844492693,0.7174464152718771,0.662667130952607,0.5057220132850265,0.025147912431040028,0.024633859808464574,0.026652200839109987,0.027004284296941534,0.029506085109510565,0.035716417859276005,8,9,0.0026261386983212074,0.05124586518267798
YJR059W,0.7963691836484517,0.7392982581227674,0.7578748402025857,0.6649133532083773,0.7446433967143012,0.542028484117861,0.04245239516959615,0.04803440478132939,0.04629140978401973,0.05445766397304632,0.04753943254326806,0.06366484421635167,8,8,0.009005628593364443,0.09489799046009585
YLR165C,0.8133320390877448,0.8283137748657787,0.772367011091797,0.6715770493411296,0.7633828407451848,0.6700111168300474,0.025301964924728904,0.024265379259697708,0.02794067913924368,0.03356109382531394,0.02848672188954647,0.03364100893386169,7,10,0.0034897302105879936,0.05907393850580807
YNL007C,0.8284188721643583,0.4096464592537573,0.7379549426195655,0.4154534694877873,0.8007489186348306,0.5946656776962616,0.13579070778225527,0.251878662835161,0.16781210270428149,0.2506367996645634,0.14633076277054818,0.20870938714876003,8,8,0.10935124291029635,0.330682994588921
YGR058W,0.8680973844134743,0.886899841706776,0.8066957634893822,0.6910486792881707,0.8641464122081008,0.7814754345006119,0.022299786751139188,0.020649313251033575,0.026995706160397093,0.03412864408101312,0.022631303163073636,0.028702791675464908,6,9,0.0038361991989626807,0.06193705836542999
YKL034W,0.7174231571490284,0.6198193201511595,0.722962770886731,0.397437107614518,0.7560069036475523,0.614180833519635,0.03451671116443112,0.04003650380181273,0.03417670513678776,0.05040368811598393,0.03207376133940978,0.04033230319696241,7,9,0.0042901787369715675,0.06549945600515754
YOR339C,0.04522935466459743,0.3806982860600686,0.07975435381167084,0.4582760328148828,0.16591094008702412,0.3651831563015139,0.5525123673380502,0.44498320076479314,0.542430823601861,0.41618028161799026,0.5164148080911222,0.45052271778143144,6,7,0.3253404680396923,0.5703862446094684
YJR082C,0.6267752841992857,0.6340727141743454,0.5864642323429906,0.5317506499638025,0.6570467611148189,0.5654163474038432,0.06563480149468892,0.06498997580782334,0.06908846082196854,0.07351696498889315,0.06291677197153286,0.07082485123656306,7,9,0.011744947886004012,0.10837411077376373
YPL019C,0.8022849349004404,0.8655563610883211,0.7494189091054257,0.6682703491704609,0.8020993122459161,0.7947245988512406,0.09723722114911372,0.0801830897857114,0.10946790479484288,0.12595192335736283,0.09728285549849489,0.09907888550776332,6,8,0.048660711407693895,0.22059173014348
YML061C,0.8045868355157467,0.8212729591787621,0.7955692601894666,0.7151542184238068,0.8086310033699335,0.6270591786721333,0.024626465185518705,0.02355159380654931,0.025188265953068164,0.029732406794646865,0.024370304744421267,0.03402084775941627,6,11,0.003157937118459574,0.05619552578684155
YNL100W,0.3856447048307584,0.021091548249500214,0.30808887449756617,0.05099706015147709,0.17665356565062185,0.1927731945871346,0.03446618044514683,0.0435065247312664,0.03657703613907977,0.042836811119065725,0.03990016200195518,0.03950764493278222,7,9,0.001967523131214601,0.044356770973714946
YOR247W,0.8917722012760961,0.6905463795254856,0.908775809611421,0.665856539482248,0.8598133056952059,-0.23487054505129112,0.3000881010324191,0.5074311765192238,0.27550809985855507,0.5272855206116122,0.34153306854200693,1.0136547935589082,5,9,0.8466654994885918,0.9201442818865918
YJR043C,0.8280020371850829,0.8417829653995987,0.8372098194476172,0.7491864027570497,0.8206945914336048,0.7073133118536536,0.023367409737618708,0.022411738294177797,0.0227333283478738,0.028217885102414623,0.02385863631760099,0.03048248771970681,7,10,0.003230360434827935,0.05683625985959962
YDR120C,0.7633461405584702,0.43137183789242783,0.6882156466331484,0.3918544139411443,0.5521364305589297,0.3414522584582922,0.025812486117130086,0.04001172010714242,0.029627854146666327,0.04137869779865636,0.0355096104668939,0.04305927091491072,7,8,0.002864832383637285,0.05352412898532105
YOL025W,0.836635932460217,0.8785080568835003,0.8256318512869535,0.7370885683515158,0.7815169396644177,0.7465884580550005,0.02751438892677672,0.02372768356212473,0.028425962653356736,0.034904895155069594,0.03181929023681383,0.03426847661451382,6,10,0.004715376160491629,0.06866859661076254
YIL075C,0.6070016741872117,0.5705502792035504,0.5327236826828394,0.41113586941731994,0.5522845251196529,0.2485504542819278,0.2250122439853301,0.235216055658889,0.2453565667033546,0.27543450859146673,0.24016618170192436,0.31114348642918416,7,10,0.13109156227872742,0.36206568779536047
YKL195W,0.7278225180226631,0.38209909364609307,0.7082911109888885,0.29657810547801167,0.653212256116795,-0.006767631718968881,0.04384067517930188,0.06605573877900975,0.045386424381141814,0.07047889379843264,0.04948607490595416,0.08431711924533965,8,8,0.0071854738622320995,0.08476717443817565
YKR042W,0.7052379432813887,0.6300529510285616,0.7200772191131595,0.5956649778321585,0.6804490546933037,0.46194462258595403,0.6776715219042179,0.7591948092107703,0.660393162968788,0.7936958809381771,0.7055917588589495,0.9155813431802073,7,9,1.5853312870487601,1.2590993952221405
YJL110C,0.6383021492284154,0.4643863713290243,0.5512085202508175,0.10967482045016141,0.6022645037883896,0.3866634068008835,0.02751709006829016,0.03348538917859489,0.03065150778997484,0.043172169078760016,0.028855374627986704,0.03583265429008748,6,10,0.0021301599762986075,0.046153656153100235
YLL049W,0.6506073206735433,0.6620106213225203,0.6449525857960285,0.577829953998314,0.5777035882737012,0.628284288550885,0.028275344280676157,0.02781009852088976,0.028503236614583555,0.031080980360873207,0.031085631658119294,0.02916462925645607,5,10,0.0023283868611147784,0.04825336113800549
YOR220W,0.795476626085974,0.6576721928765158,0.7150744853136488,0.638710669690812,0.8311203289420731,0.7927604148834911,0.0994193140509026,0.12862351602957664,0.11734509985899497,0.13213773438496684,0.09034164107484519,0.10007731504624462,6,8,0.04917583174740283,0.221756243987408
YMR106C,0.8424213736605393,0.8128495688112537,0.7978029623629634,0.7376233320092664,0.7899422618727551,0.6766410983193105,0.02491463145974155,0.027151962696263444,0.028222352148404052,0.0321490703145346,0.028765713764137373,0.03569013763787385,7,10,0.004008341936337591,0.06331146765268983
YHR105W,0.8617452406010879,0.8288974797612924,0.8190871054512887,0.7399807305076522,0.822322682329041,0.6866577088841987,0.025683955405633323,0.028572619980648833,0.029380326851813174,0.03522286098472985,0.02911641202393338,0.038666188971107934,7,10,0.004855085266427723,0.06967844190585581
YDR379C-A,0.7214482056313289,0.6757667613027384,0.7081705327448475,0.4415717219149443,0.7971515338838631,0.8177688523610658,0.1559041165816989,0.16820285757068124,0.15957658752679507,0.22074369284032666,0.13304252125797872,0.12610023839181378,6,9,0.08878964975736534,0.29797592143890644
YGL191W,0.2744156935179979,0.2054819900855409,0.0664668298958988,-1.4615411591822967,0.4034480688565911,-0.09880239421257775,0.20181948506626238,0.21118886997128267,0.22892015443536878,0.3717257995816359,0.18299670975825455,0.24835845633438447,7,9,0.057120426894266906,0.2389988010310238
YFR036W,-0.04305942033265775,-0.050370309567925986,0.04197621111436778,0.08528153545652839,0.07890276740275226,0.0803593549182885,0.5315070159298312,0.5333664515719162,0.5093808612584675,0.4977350216637614,0.49946747842933736,0.49907240290819943,6,7,0.2755891348152749,0.5249658415699777
YLR086W,0.8152505543832351,0.8063479969053148,0.7958759088946787,0.6574784798925105,0.763605056046589,0.640554957827765,0.02410292407370611,0.024676817973523744,0.02533525575401373,0.03281875427037445,0.027264482102974483,0.03361974458052771,7,10,0.003199701459671255,0.05656590368473976
YGL143C,0.7755146437271434,0.768024475327993,0.8031957697766028,0.07502661433750601,0.7052537143016602,0.600754756270677,0.023500848082297417,0.023889695257105985,0.022004258666697044,0.047703928504714055,0.026928595172624976,0.031340751252276075,7,10,0.002503411205601873,0.050034100427627085
YGL240W,0.8339603500952472,0.9333526101029819,0.837432934596275,0.7587620815055733,0.8773589562078941,0.7662822625983774,0.05029854523635403,0.03186699357176491,0.04976978938054989,0.060627869354485726,0.043228228544388146,0.05967540243728428,7,8,0.015504300513382476,0.12451626605942887
YPL098C,0.5283573130958121,0.20076187875776186,0.5147671728617944,0.30049896324305037,0.4269482241530451,0.36968756834812255,0.06596648745852873,0.08587265733243611,0.0669101331865561,0.08033614511138921,0.07271328051295459,0.07625963874972883,8,8,0.009388295535810746,0.09689321718165181
YBL075C,0.2552988778454135,0.2022738106994676,0.15614489036853862,-0.05790059372374956,0.18744732725064595,0.0009609452440464405,1.5946885113876306,1.6504857778668611,1.6975352585722643,1.9006725026769078,1.6657530721529676,1.8470391223937024,7,9,3.474744374868467,1.8640666229693796
YDL103C,0.312041166663075,0.3106063353130315,0.34599341269243966,0.1529396833048614,0.30230250269725667,0.28395183809072666,0.1366913992374747,0.13683386920693852,0.13327571614330103,0.15167609245165645,0.13765549297720148,0.13945403366950787,7,8,0.0276358651527654,0.16624038363997298
YMR240C,0.8288899884950888,0.8410849079624461,0.8318565496804872,0.7802721277357958,0.775824991350387,0.7108862703268396,0.023382497152528454,0.022533868301267048,0.023178917907588442,0.026496941994092294,0.0267637384754828,0.030393977527824852,7,10,0.003251318368809097,0.057020332941934815
YBL078C,0.2723067025276944,0.5313840170711887,0.13707141772849407,0.27833023747808194,0.32501312856183173,0.2969323191057247,0.8219785968267393,0.6596216025146902,0.8951045173826413,0.8185695332377101,0.7916514011853392,0.8079507512193924,7,8,0.9447693196954843,0.971992448373692
YKL192C,0.6963441896170524,0.49150108501566525,0.6206082251710126,0.35815072395136427,0.6884650355981051,0.0878729695195003,0.10244736555173486,0.13257297812352506,0.11451277858781005,0.1489452044649675,0.10376798773371318,0.17755694339397668,8,9,0.035170061853033084,0.1875368279912857
YDR123C,0.7651997989439141,0.7932971199093879,0.7022666042960912,0.6623481513706223,0.733571750015201,0.5957507086028084,0.0313009632985,0.029368497944553363,0.035247007133996894,0.03753557187762658,0.033342534343232776,0.041070794551208184,7,11,0.004245903115688516,0.06516059480766359
YGR230W,0.5783208283253387,0.6224616735859738,0.6196655603270714,0.6515661549831981,0.6737158448379676,0.48342681464038273,0.05153432054748982,0.04876250440847659,0.04894274301823868,0.04684525918494276,0.04533185297920828,0.05703893510509991,8,9,0.00640861374255195,0.08005381778873479
YOR165W,0.5807530979736184,0.20825648966154242,0.4842979942697715,0.10041936400392182,0.4815896081486316,0.47145745953694973,0.027335176507626423,0.037564637966095195,0.030317009633423528,0.04004119227955426,0.030396515473955967,0.03069212267583802,8,8,0.0018135395903609954,0.04258567353419452
YPL111W,0.25311436912713225,-0.24544358391328003,0.19324101534126148,-0.24816539493162648,0.08400255009641022,-0.026197721386609363,0.15421810615430437,0.19914542936173507,0.1602803266280093,0.19936291829922234,0.17078725004551093,0.18076895041781368,8,9,0.03240184683438203,0.18000513002240248
YDR507C,0.70835414570696,0.6448409572502942,0.636767035077439,0.5353979098013677,0.668411844544552,0.42927226285277287,0.027158203432471162,0.029969850175917648,0.030308591987522795,0.03427786098195301,0.028958271656221397,0.03799160342845353,9,9,0.0025733532376533224,0.05072822919887232
YOR262W,0.7169312966321502,0.5710478499730456,0.6512308124261037,0.6923049943798432,0.7184902832844782,0.4701905771595559,0.030767141144750283,0.03787438944997071,0.034151538330732985,0.03207756839120637,0.030682299927275197,0.04209214474208649,6,9,0.003402793308119544,0.05833346645039659
YAL001C,0.8181459864431004,0.8302668340809908,0.7514817438487018,0.7212023828698496,0.7943759898539113,0.5963258956041531,0.02212286089951385,0.021372887480258264,0.02586181449283224,0.027392039685372044,0.023524302520203957,0.0329606136482371,7,10,0.00273850050115757,0.052330684126596035
YER179W,0.6247809575443911,0.6286665526800648,0.535187500554545,0.5138764556367885,0.5640448475666975,0.5081424846588247,0.35968102352142184,0.35781383170426617,0.4003261769586777,0.4094005463044667,0.38770017533096923,0.4118079683145705,8,8,0.35083532711686355,0.5923135378470288
YHR086W,0.8805607522362615,0.7912845724070098,0.8431914596267105,0.5484545341794317,0.8109295902203082,0.7025338465940043,0.01900006604001406,0.025116484767423362,0.02177040141336111,0.036943013918157366,0.02390525404888772,0.02998474497753477,7,9,0.003075504022024694,0.0554572269593846
YKR014C,0.7079961459979328,0.4895670739809058,0.6596636738632705,0.5251407948927795,0.7829221535399785,0.7200777377204083,0.11028063426809792,0.1458056334820794,0.11905814637381046,0.140633049479187,0.09508515433137163,0.10797511696610106,6,9,0.0423802061452398,0.20586453348073291
YBR172C,0.7577163375035951,0.6558862410846253,0.6735115712674609,0.5728190408110859,0.7072773433666495,0.5884685566365259,0.023411882613986676,0.027901354797812715,0.027177416480400698,0.0310871004255835,0.025733712334310828,0.03051235893383283,7,9,0.002301980729127605,0.047978961317723466
YKL055C,0.8473104260039404,0.8325290074176475,0.7863265353046559,0.7386325819472865,0.7757367699727421,0.6454542467012999,0.025283816244468394,0.026479375041831926,0.02990978076284341,0.03307985958786414,0.030641990253325157,0.03852778817807948,7,10,0.004260190358423004,0.06527013373988906
YLR121C,0.7111540012621136,0.6076992955545786,0.7132961055062799,0.5504387851595216,0.5577228270356256,0.5131175786445481,0.06885314937726092,0.08024171014438913,0.06859736412611492,0.08589839517299845,0.08519966643053742,0.08939282856049663,7,8,0.016700689506808458,0.12923114758760157
YMR089C,0.23723034658411435,0.27849427913900815,0.3428989420823293,0.26282984044888713,0.23730192233979674,0.18238420098543184,0.03246329419180854,0.031572994486331774,0.030130890520195807,0.03191389101864657,0.03246177103254595,0.033610155494116806,8,9,0.0014058691675430022,0.03749492189007736
YLR436C,0.7727923176213105,0.6084357079675724,0.7959086281154919,0.5106902646255325,0.7265734899578453,0.6628591704856839,0.03173888584316186,0.041665990601596176,0.030081015532687286,0.04657706298842033,0.03481773223682196,0.0386621362446929,7,9,0.004511422287565013,0.06716712207296821
YMR219W,0.7360572123688156,0.733777139093657,0.6990759194831457,0.5753276713812062,0.7056825920275541,0.5989570465043905,0.03054128316863308,0.03067291514385008,0.03261075481298579,0.038739977294253505,0.03225078983011089,0.03764677904286797,8,9,0.0035959852196627592,0.059966534164171595
YMR259C,0.7668406628460057,0.755032931771248,0.6927903239426095,0.5765651406248289,0.7590350182106184,0.48192687868743833,0.026043088634994823,0.026694385953766303,0.029893965447086362,0.03509614270534839,0.02647543166316838,0.03882054368413344,7,9,0.002959956331578615,0.05440548071268753
YBR086C,0.8738703702984343,0.8027561591639528,0.8449453783341494,0.7337555131730632,0.9049078947500108,0.7881733603957617,0.0359330373503155,0.044935242922455515,0.039840770264903486,0.052206632446161354,0.03120021592841592,0.04656672085927598,7,8,0.010416549328655683,0.10206149777783825
YPR173C,0.734013137413267,0.430160476378015,0.7578806559240254,0.5856158549192922,0.7317494580458119,0.5706985687830528,0.029015083587580665,0.04246880264319934,0.02768270195730956,0.036215567731530986,0.029138288344441238,0.036861660999656556,9,9,0.003220628287546643,0.05675057962300158
YGR002C,0.81216534043077,0.8501550965241995,0.8155676339572513,0.6520116951047707,0.7908272834646138,0.7139506830695863,0.024490197666411362,0.021873859214054606,0.024267385728786707,0.03333394762132285,0.025843833994128408,0.030222116956097694,6,10,0.0032490918343405944,0.05700080555869885
YGL248W,0.42587426918301374,0.3838697605352308,0.36546799358413706,0.13804007489886017,0.2878667996895852,0.2278544398624599,0.07899807019237766,0.08183691299128577,0.0830500203541992,0.09679580009863326,0.08798195203572932,0.09161415197279787,8,8,0.011060610302080815,0.10516943615937482
YDR497C,0.5828684826628849,0.6406381142670798,0.5720774739186814,0.5206079838689748,0.32666417733561226,0.08590865798864422,0.08769590820522852,0.08139708164876619,0.08882299272476855,0.09401306809277862,0.1114188541246852,0.12981881043643695,7,9,0.01876025740569438,0.13696808900504664
YHR046C,0.6988726555251905,0.6882578820836489,0.7115289769347278,0.6381759542504895,0.6740644587051126,0.5706033441303592,0.02937056983197084,0.029883744608859942,0.02874672489356464,0.03219481902129718,0.03055646676883753,0.03507249034408836,6,9,0.0029149270384776055,0.05399006425702423
YCR071C,0.8838658337375176,0.5197108729393585,0.8347554547898288,0.259085535879203,0.8458307139992463,0.33103547710237136,0.02562811107163138,0.052118027638111485,0.03057033236074717,0.06473223929359426,0.02952810148821784,0.06150892510043422,8,9,0.005754748210440743,0.07586005675215872
YDL223C,0.7955141089155005,0.4493163333320488,0.7779358560711054,0.16443652264250253,0.7790791334175542,0.4560089430893105,0.13984173439003578,0.2294860153578928,0.1457284505939598,0.2826798497494803,0.14535283157510004,0.22808724920108261,8,10,0.09731132654257518,0.3119476342955259
YFR010W,0.5419730243668119,0.5843642034559148,0.45836244911304125,0.5031718437870802,0.6160133139114303,0.3497237914052097,0.12415654901993727,0.11827162840629583,0.13501390148208905,0.1293085388866537,0.11367950858965029,0.14793571559570182,8,9,0.03424532929384674,0.1850549358807993
YCL032W,0.7920928428273994,0.7799138572861049,0.7525730128650913,0.6698581890706057,0.787746996144318,0.6396236529918142,0.032666276549771,0.03360943903493267,0.035635958771732396,0.041163773416323574,0.0330059195667584,0.04300738668436889,6,10,0.005222554330533202,0.07226724244450733
YPR051W,0.6898530989803553,0.592901225170274,0.685810563588284,0.5087898415581218,0.5453085904348471,0.5483105336284402,0.0257252556171184,0.02947310378760776,0.02589236767163352,0.03237499019597771,0.031148300106027,0.03104530687650959,6,8,0.002171226292333221,0.04659641930806724
YPR054W,-0.03831701213184924,-0.031703116548380095,-0.03985134104110011,0.014646062154451411,0.07331615825853655,-0.006693797701446069,0.3582144723016447,0.357071768297009,0.3584790427170639,0.34895889362984606,0.3384105846716072,0.35271736345355403,6,7,0.12575041413069635,0.354613048449569
YKL099C,0.7413034562049109,0.6958880821388838,0.7585829502136779,0.6131552370096685,0.4732815386534789,0.5356055255728405,0.02827140299408026,0.03065270234932075,0.02731090032255656,0.03457167398820157,0.040340503855374944,0.03787874398247134,8,9,0.0031438168253004302,0.056069749645423154
YOR006C,0.709515330831455,0.6908302179688737,0.7117570235588462,0.5624704801510029,0.6423690663316758,0.4097218390291636,0.02478413537079326,0.025568819897843164,0.024688319610674542,0.03041696262663077,0.027499810583036556,0.035329746556592864,7,9,0.002151678925811473,0.0463861932670862
YPR103W,0.5911721842527109,0.6013816734149309,0.51736726842463,0.48725019790152846,0.6099643925152181,0.4797109311966672,0.23968940811845074,0.2366776538332247,0.26042760118009783,0.2684302002639845,0.2341158155078423,0.2703964437355107,8,10,0.14299155441499078,0.3781422409821346
YGL250W,0.7853943456699615,0.6933964808421018,0.7355764069798085,0.6311985379083642,0.792774361396678,0.7798827941135954,0.029777305881844,0.035592081699583854,0.03305330743300377,0.03903562516034783,0.029260824902168484,0.03015725565165281,6,9,0.00420419432688011,0.0648397588434759
YGR049W,0.7273165411772023,0.638203332423966,0.8054281028908631,0.6261518860031371,0.5545525988217423,0.27139607129009025,0.07212796545472193,0.08308192798542062,0.060927637946992685,0.0844543224345818,0.0921875980836525,0.1179016924425929,7,9,0.019413404686680874,0.13933199448325168
YLR083C,0.8525253323829534,0.8530270734455896,0.8602544397089538,0.828400156448714,0.8325833263413601,0.6951107601708957,0.030679507165956233,0.03062727350499468,0.029864735688780956,0.033093912143908125,0.032688050501973785,0.04411240281687438,7,6,0.006494301837277622,0.08058723122975266
YOR115C,0.16166230507217516,0.12833222182576565,0.3539766010134262,0.1177745419384798,0.30685431068414715,0.1768365419809279,0.03343702887064068,0.03409523429996551,0.0293523114737267,0.03430109434604146,0.030403980578609605,0.03313303540386091,10,8,0.0013570301728554515,0.03683789045066847
YPR101W,0.6943739531164272,0.6103500146805464,0.6753000895933001,0.5774971448976918,0.5726613691320364,0.4569876150113974,0.026282295944157232,0.02967600607376039,0.027090012385114128,0.03090174064579298,0.031078081146518048,0.03503264971835117,8,9,0.002299796328277572,0.04795619176162315
YLR128W,0.8635075702039641,0.8887652897976943,0.833790188557128,0.7182227753026862,0.8275316948141653,0.7043411943522756,0.024955994521043603,0.022528940236473456,0.02753904828527653,0.035856966277847305,0.028052737438949052,0.03672958388594598,6,10,0.00464295352085165,0.0681392216043862
YMR218C,0.7783969905656308,0.7470238169893415,0.727108421694918,0.3240370722010134,0.7303746680564599,0.6000505353658258,0.024850991102390627,0.026551906167904406,0.02757724982546848,0.043402757871574556,0.027411716608225768,0.0333855431970329,7,10,0.002835730221508348,0.05325157482655652
YDL093W,0.7837983315187731,0.7537857209614227,0.819708521916096,0.6020948470298684,0.7635206728105755,0.7155364265662738,0.024463281534121143,0.026106088790618046,0.02233946624854753,0.033187533323721166,0.025584785682830152,0.028060701471293137,7,10,0.0028165892895566846,0.05307154877669093
YBR077C,0.75695670504129,0.680941157812748,0.6250581963063235,0.6466887952473739,0.7282817833687112,0.7556287727487332,0.029183032467379855,0.033436744650387894,0.03624687150890538,0.0351857896051498,0.03085659312283814,0.02926264853095852,6,9,0.003565581191624273,0.05971248773601945
YBR280C,0.7590142750455948,0.6794950248404452,0.8193811309988991,0.7309960325754452,0.805636056090409,0.706324707527449,0.08011595252120829,0.09239335328375055,0.06935933187720311,0.08464526800974023,0.0719500654344375,0.0884416928498194,7,9,0.02710190517720022,0.164626562793494
YLL051C,0.7779533711300812,0.708427448611725,0.7902152839322234,0.46531844440387427,0.747049330894854,0.581644810472313,0.030723220323963147,0.035206103536103844,0.029862871496308806,0.047675169385518384,0.032791596363210114,0.04217132277148308,7,9,0.004325560835906861,0.06576899600804972
YLR089C,0.5269229520664379,-0.17242343710788988,0.4215348070685103,-0.07655400007728419,0.22537281335360382,-0.6630710898929735,0.05051222652988044,0.07951934954283707,0.05585591738907661,0.07619886152310408,0.06463636737914233,0.09470785055637479,7,8,0.00548800229390179,0.07408105219218872
YBR033W,0.7785421841166941,0.6888690560062434,0.7671409752668951,0.6437457688641886,0.7961797321083255,0.6703078369397282,0.02900641461325469,0.034381130084762276,0.029743706111945913,0.03678989596644587,0.027827374210100713,0.035391816712216355,6,10,0.0038658965326574253,0.062176334184779865
YPR118W,0.8046424853666414,0.6064682631671723,0.752780292644017,0.37717431227741605,0.664390345902248,0.575055897989198,0.032776138401532984,0.046519239391726044,0.036870944947772086,0.05852291933763881,0.04295957207603162,0.048340220491655504,7,8,0.005595495953930846,0.07480304775830224
YAL022C,0.7150247458165748,0.7583512988393863,0.7239703053201842,0.6650454769438368,0.7153829116315729,0.5863528964986784,0.026056665938965055,0.02399426786347232,0.025644437224952084,0.028249332708337894,0.026040286374288076,0.03139281524125162,7,10,0.002424285022689563,0.04923702897910843
YGR131W,0.8222985398951166,0.8306171840052834,0.8151883506077504,0.7989056943238272,0.8409320082919867,0.7537772992330973,0.030184423174884855,0.0294694518065524,0.03078237001633489,0.03210977550839484,0.028558065263722503,0.03553050891776324,7,10,0.005217084889991644,0.07222939076298265
YMR004W,0.7278102687839711,0.7569584746725626,0.7400129846223316,0.5776885851218847,0.7750805770295093,0.34357062562833707,0.033619302389399815,0.03176823379164193,0.03285705678151488,0.04187639033530756,0.030560911935708084,0.05220917523255726,7,8,0.004225312126357574,0.06500240092763938
YPL001W,0.8012354040469939,0.7817848997346749,0.7157470823609307,0.38802151131513263,0.7377671876582399,-0.33793341890705597,0.02213125190880511,0.023188831588665818,0.02646603801681269,0.038833322084699105,0.02542025968002236,0.057418747829008125,7,11,0.002507414140952551,0.05007408652139898
YPR046W,0.7578702944220074,0.810033997985733,0.7589202355506334,0.6758547783689448,0.7264995549462973,-0.3669063778645394,0.027132608466550655,0.02403285976216185,0.027073717321423264,0.031393325483999396,0.028836764423297967,0.06446691616363094,6,10,0.0030937709674143904,0.05562167713593676
YDR258C,0.8125815805604683,0.07611462622459075,0.7940062964081726,0.6511583057403945,0.755059000257057,0.7937703877952537,0.1472869041401972,0.3270145257183678,0.15441339482713706,0.20094268072447763,0.16837931611706114,0.15450178836960757,8,9,0.11777934487886961,0.3431899545133418
YDL143W,0.822447544468297,0.7915285076750963,0.7930427739452123,0.5634721509351462,0.7918139804031188,0.5791236849689902,0.049768078580924885,0.05392757235976039,0.053731359599736156,0.0780357323238597,0.05389063655401994,0.07662399225048322,7,8,0.014194764871998352,0.11914178474405339
YAL021C,0.4064129162773753,-0.03650107061017627,0.43537604000820296,0.10312514441673559,0.119196595789413,0.10106032275104981,0.02967681512113867,0.03921569783066642,0.02894374490227269,0.03647883787020233,0.03615052112975925,0.03652080525931276,7,10,0.0015097438805745985,0.03885542279495358
YLR199C,0.7045796002656429,0.8516201047042938,0.6654792762399726,0.6379170231101934,0.7853206093816694,0.5982683739108268,0.03619864653260984,0.025654267684224297,0.038519762940439115,0.04007524124903207,0.030857964051215978,0.04221240567216706,9,8,0.004513332418213028,0.0671813398066236
YOL023W,0.8170045005444462,0.8183595836103721,0.7550866863897159,0.7190128943333174,0.7402417174503756,0.598922441816028,0.02369531099615247,0.023607415998908268,0.027412484918386798,0.02936198443146536,0.02823104216873387,0.035079741930244907,7,10,0.0031220334737156272,0.05587515971982208
YER028C,0.7765056900471523,0.7630001177967232,0.7688050660515797,0.4754763552689282,0.6743063716065929,0.6312551715233691,0.029293560864227453,0.030165671445702886,0.02979395024465584,0.044876757139808696,0.03536254903742006,0.03762719989142706,6,9,0.00390688835525415,0.06250510663341156
YNL009W,0.8869858572202367,0.8416244138056163,0.8486108398175669,0.6658189737045346,0.7892473782206096,0.706559888250973,0.02378544000103359,0.028157163962779393,0.027529110689630786,0.04090116575550926,0.032481141624656595,0.03832697397562413,6,10,0.005093809770933869,0.07137093085377176
YDR100W,0.3543453751685729,0.1461475440605423,0.19569880586201382,0.2856085145699714,0.2587640608213643,0.2554388800512063,0.047112676875172226,0.05417876034329444,0.05258319910318202,0.04955708840954481,0.050479597324450724,0.05059269623850167,9,8,0.003498069497514811,0.05914447985665958
YLR209C,0.15675073896393366,-0.02071308222724877,0.26824238474867057,0.040569552398398434,0.2616604131040714,-0.05693605908679378,0.13159356563358443,0.14477997941008353,0.12258583662390272,0.14036648297642246,0.12313591648060729,0.14732655287448324,7,7,0.020896159660113784,0.14455504024458568
YFR050C,0.5030025618084817,0.61504699157264,0.48244381645847556,0.34699355725542425,0.5043232729835245,0.321793452153015,0.26999103748311615,0.23761624671326975,0.2755186637780202,0.30947887234740096,0.26963206441755483,0.3153938799860912,8,9,0.14924427589182465,0.3863214670346765
YPL248C,0.2364423243538949,0.3003900053247286,0.46652537725897103,0.0353587572660774,0.5436433933091278,0.0949476854777852,0.4933066004767095,0.47219785005035386,0.412337549161581,0.5544711011330498,0.38137144634536163,0.5370724120780843,7,8,0.3242986519751221,0.5694722574235922
YCL039W,0.44911580729921285,-0.807491596697304,0.3648792549440927,-0.2572369219141568,0.36436698283888413,-0.23865156143763988,0.05367982306504265,0.0972342041156578,0.05763802214259745,0.08109414208474859,0.05766126213260988,0.08049251506441847,7,9,0.005322491524216678,0.07295540777911311
YKR074W,0.3435187449547997,0.3270867066086005,0.33248778788529565,0.31326296067059545,0.2357526020036932,-0.726978295655474,0.03545488070060644,0.03589586451855314,0.03575151673549745,0.03626269684852837,0.03825443991557655,0.057505356898033474,8,8,0.0019484212828153455,0.04414092526007294
YPL127C,0.44083176744343744,0.4033753904890792,0.4697248031935469,0.31703865962726163,0.3532583494042574,0.448468943040912,0.18769822098395092,0.19388289362682853,0.18278458545279894,0.2074373575842094,0.2018618860014951,0.18641201356807616,8,9,0.06411076517557639,0.2532010370744488
YBR031W,0.8657346832891708,0.8097248581028839,0.856205258106645,0.7366281355175441,0.8029860244455691,0.49412544872610353,0.30441133905591505,0.36238476599144553,0.315028908140443,0.4263473758893464,0.36874608879813503,0.5908814026717346,6,9,0.7022810475116374,0.8380221044290165
YCL009C,-0.19718825407305696,-0.48556236668040187,-0.2663111814776564,-0.9770818642762429,-0.07433443956063712,-1.0049422637927328,0.23506689386285926,0.26185187592372966,0.2417577838431893,0.3020804163744116,0.22267937518135855,0.3042013803933122,8,9,0.04696492444496032,0.2167139230528586
YBR095C,0.7743535006408085,0.7972917271721516,0.7643393252001133,0.6296471704290767,0.7078349622303229,-0.22137635400180944,0.02562945951613464,0.024291866413558506,0.026192002649771628,0.032834694591100035,0.02916347488388481,0.059627953129418876,6,10,0.0029621253507314165,0.05442541089170955
YOR256C,0.6762381447095791,0.6099688978600364,0.6185626032580274,0.5452075140486004,0.6567304670272661,0.5987714480841595,0.027495382462638805,0.030178423250713016,0.029844105045492352,0.032587689184247655,0.02831160918606342,0.0306085559029303,7,10,0.002376003018613639,0.04874426139161039
YAL054C,0.7898944631082905,0.6604900521650126,0.7757973796428639,0.6607900414877681,0.8577845042783956,0.6281662475310095,1.8113383693957448,2.3025395041886085,1.8711180149382325,2.301522023078928,1.4902334171031526,2.409657083309035,6,10,15.889667669178433,3.986184600489349
YOR326W,0.8868197234430547,0.7377556643953473,0.8693796944724528,0.5254224806582546,0.8494324043086479,0.6857309411968254,0.026990655832877433,0.04108479460660276,0.028995687440855657,0.05526900459779905,0.03113105363931055,0.04497579766012148,7,7,0.006549516821184381,0.08092908513744845
YKR036C,0.8334244671984488,0.7941403595688444,0.7134329313148915,0.6710949691241324,0.765128426548084,0.6209397789056286,0.02264615135164984,0.025175285532597833,0.02970311116732872,0.031821749906214995,0.02689081894367817,0.03416196990684501,7,10,0.003132786061669673,0.05597129676601814
YOR001W,0.7905144787796928,0.7524688143694035,0.735720059444458,0.6453986589059384,0.7640018317264935,0.3309250850341007,0.02484172854175659,0.027003481902836517,0.027902100977928557,0.032320270936585814,0.026366903028028615,0.04439582999218542,8,10,0.0029975245564646306,0.054749653482598686
YEL066W,0.7547959288882574,0.6638545910955698,0.6862925680133478,0.5814420706606903,0.6542767840144821,0.49523615334499427,0.053375155937132525,0.06249408454473473,0.06037230013161429,0.06973536935598432,0.06337815476926875,0.0765807189529241,6,9,0.01182234898258862,0.10873062578035969
YBL071W-A,0.7712600542160625,0.7308771712223805,0.7429106826992699,0.33389438887708955,0.5486789919829239,0.6265836372927658,0.04708030139344313,0.05106737058813397,0.049912605708414666,0.0803414699637534,0.06613190028116384,0.060154053766340185,9,9,0.009860287837002761,0.09929898205421223
YLR459W,0.6488880572354454,0.5013092859037935,0.6446959896383317,0.6311119359555406,0.5975262923277351,0.5976750565564592,0.026754619254115847,0.03188538128966041,0.026913862461283612,0.027423524849088735,0.028644729882323017,0.02863943549301139,7,9,0.0020744600988447473,0.04554624132510549
YOR368W,0.8592814603489941,0.8588893581247945,0.8367705062690418,0.763276683378179,0.8406119016290061,0.659551187450218,0.021779651884361755,0.021809974503256113,0.02345711467571137,0.028248526081662874,0.02317945490668775,0.03387670685467799,6,11,0.0034300755536628546,0.058566846881686015
YLR291C,0.7258738721585113,0.7572363418114131,0.6769409636809204,0.6087130663233795,0.6692471617852324,0.572575976717984,0.025972489960045603,0.024441632391665653,0.02819546867141069,0.031030304985944227,0.0285292372805629,0.03243155969945248,7,10,0.002503974377236537,0.05003972798923408
YMR094W,0.8731835257339865,0.8372594779697496,0.8275385531536797,0.7702896947275535,0.813483773408713,0.7229917123353582,0.023075932268303765,0.02614082384508555,0.026910231307779846,0.03105715414865156,0.02798528463872926,0.03410498002405041,7,10,0.0042726367750503145,0.06536540962198825
YBL079W,0.832586850231626,0.7353267361814169,0.8309144506735419,0.466094533561628,0.7369074081274214,0.54273299248962,0.02185581316722045,0.027480664005602503,0.021964707901177886,0.03903052288479178,0.027398481614018602,0.036120779961043965,8,7,0.002903337405458667,0.05388262619303802
YMR177W,0.842270480489466,0.8747722169092043,0.8026461584441957,0.7638805503749477,0.8005368488860809,-0.7941704464033794,0.023588125388717938,0.021017801385377705,0.02638515986065381,0.02886043140779247,0.026525786844944263,0.07955523938651252,7,10,0.003589442601761002,0.05991195708505108
YGL202W,0.6592839088994602,0.6292074487620938,0.6085134497768994,0.6839093361316056,0.691378305617161,0.5544482971641342,0.1122167507130966,0.11706494559126218,0.12028730372086988,0.10808544161936068,0.10680082136263201,0.12832474826053444,7,9,0.037607621909364564,0.19392684679890138
YNR039C,0.7783036895657003,0.8371288934905908,0.6718483674663922,0.6059168041392939,0.6851510340402684,0.6035072964628732,0.027710511719001532,0.02375129733628041,0.03371340343805532,0.036945306284547584,0.03302299423548355,0.03705807985961998,6,10,0.00352438840709704,0.05936655967038211
YDR171W,0.5656767131178582,0.19901246064452627,0.5263372012990273,0.43270920405560986,0.5646951468254036,0.2538534472802605,0.3405243615436777,0.4624390599416525,0.35561188568176566,0.38917460954430627,0.34090893521193844,0.44632755326680856,8,9,0.2716666937022452,0.5212165516388032
YBL014C,0.7767898503589291,0.7304678674712519,0.7407920097361232,0.655854840291921,0.785189394160075,0.6166002094330303,0.021472742044777105,0.02359586003089692,0.023139540469044,0.026662530818008116,0.021064851292322734,0.028142098140759172,7,9,0.0021019104678481225,0.04584659712397554
YMR026C,0.679199542807134,0.7079704890040954,0.6240419306066787,0.4741469324253692,0.6283275050412658,0.5769406107303827,0.029894135357870385,0.028522124940792787,0.03236221305675596,0.03827372333612324,0.03217723474474059,0.03432963424708096,6,10,0.002834589359972401,0.05324086175084322
YBL034C,0.891381706029074,0.8637152734277928,0.855195261247882,0.6920029653341109,0.831651473413949,0.8206013244680254,0.01794676284979875,0.0201028776301193,0.020721730573721692,0.030220935437220795,0.02234288732100791,0.023064511013468427,6,10,0.0030173272069654988,0.05493020304864619
YDL154W,0.75886696004172,0.7756025446263437,0.6862331674499476,0.5414695150917026,0.811016476098772,0.4965292081673316,0.05449166309406451,0.05256669419920789,0.06215917174482022,0.07514252932182842,0.048240708060613355,0.07873880920104362,7,9,0.01253015785442606,0.11193818765026553
YNL263C,0.15355227892196022,-0.3702465822819705,0.10190298602387204,-0.09225900656630737,0.2160947405877841,0.24974398479135307,0.032811809750034115,0.04174740436277434,0.03379805753604861,0.03727287835827342,0.03157634829897669,0.03089120558554508,6,9,0.0012942356766711155,0.03597548716377744
YDR007W,0.9674850651595499,0.8804832021818788,0.9703646569309248,0.7418383115088574,0.9616887677279604,0.8855509557434759,0.03207420192164556,0.06149345426280583,0.03062100176471738,0.09037749741354421,0.03481588791563199,0.060175609818321915,6,9,0.032194520990472354,0.17942831713660012
YAL029C,0.8508639905968205,0.7337673162429246,0.8587339270863831,0.5183131873048571,0.7911701920163117,0.5877849376583325,0.022672563224405046,0.030292843952382853,0.022066238037219348,0.04074663424574744,0.026829069296551822,0.03769391883422472,6,7,0.0035072915035877917,0.05922239022183917
YIL158W,0.8061429041679697,0.6120010709558991,0.8267018566580389,0.5898474089638094,0.7507147239399714,0.5041486991518386,0.02790858633552092,0.039483191553503744,0.026387238493876107,0.04059473560095859,0.031647929416406415,0.044634709840368075,7,8,0.00408834100448612,0.06394013609999685
YPL224C,0.7428013500125399,0.5760459799502791,0.6778146275698065,0.5048185787588293,0.7699961690153315,0.6601034807097619,0.027956621294884614,0.035892996779949386,0.03128983339112766,0.03879113725019317,0.026437347283535934,0.032138359149595966,6,10,0.0030921020602813197,0.05560667280355227
YMR235C,0.7878014133567244,0.48654934074878087,0.8175005386443261,0.41418754421667114,0.7791045224484242,0.5324150268073525,0.03832519487143491,0.059615952367153835,0.03554216852737039,0.06367844199861143,0.03910268150434282,0.05689097819693758,7,8,0.007043352019277597,0.08392468063256242
YBR117C,-0.0023060924538158556,-0.6420047262456949,-0.3364500594969806,-0.5292916672473507,-0.1792131556468346,0.22303640045568807,0.31573283177900796,0.404116665739991,0.3645825909697619,0.390000102124424,0.34246462495826224,0.2779840615792253,8,9,0.10120273681067044,0.31812377592797186
YHR172W,0.8888265024162544,0.8911934904648706,0.8670696039589048,0.758510157230762,0.8500869099228149,0.8269003536087276,0.020240018238358953,0.020023394517201552,0.02213208932317729,0.029830442754250425,0.02350336488993822,0.025255638659762734,6,10,0.0037495026759065075,0.061233182800720945
YGR108W,-0.0804858998890483,-0.22360415965384584,-0.04073137625686041,0.0506020428415358,0.04285957048958744,-0.13034548158845127,0.26964596401967145,0.286949085323294,0.2646389083418756,0.2527601001850096,0.253788654323815,0.2757972768085875,6,8,0.06847339836828291,0.2616742218260769
YIL110W,0.7306588973297452,0.6249114486799893,0.6553550595338509,0.5185379727038895,0.5768106156260493,0.3481887773415855,0.026600335556915763,0.03139082303327759,0.03008996980479158,0.0355645090940045,0.03334288547974995,0.041380593493654694,7,9,0.002673158649475574,0.05170259809212274
YGL209W,0.7424534986739206,0.5591119963001279,0.7149044272867786,0.4205483500968783,0.7632898775540675,0.6282345460433802,0.03016690555130236,0.03946999554332761,0.031739360555024146,0.04524926593872191,0.02892086987019897,0.03624411099347775,7,9,0.0035954976605735915,0.05996246876650086
YML012W,0.6256314052529011,0.6825606892283196,0.5849367317429406,0.3760313238294176,0.6158928264797533,0.3081395316109805,0.10772517461712981,0.09919684418459167,0.11342914352014898,0.13907494479523966,0.1091173250945045,0.14644574589695603,8,10,0.031541921177254045,0.1776004537642121
YDR400W,0.7603479876515506,0.7465974865143086,0.7966646575587837,0.3002586828860606,0.8049126688288442,0.575323907629446,0.032542165391713576,0.033462729834814554,0.029975217545916838,0.05560638560614918,0.0293609728684929,0.04331963754545581,9,9,0.004496400151659356,0.06705520227140738
YLL038C,0.8529471585273254,0.8209651077007951,0.8211861407869143,0.7953406254242879,0.8053129343450222,0.6429339557594784,0.02220206471078236,0.024497710237654614,0.02448258336290598,0.02619222996124851,0.025546135034635545,0.03459640160574684,7,10,0.0034108800385218344,0.05840273999156062
YMR223W,0.7420885642143397,0.7830443404153411,0.7000350862836475,0.594163750668186,0.7417786279077409,0.6270917712417192,0.027037482419673704,0.024797987820601625,0.029158567222629724,0.03391613601813929,0.027053723229939944,0.032511120208501255,8,10,0.0028841313737062377,0.05370410946758393
YAL020C,0.7654819834708653,0.6971030205233721,0.7166426483462383,0.5596184737933765,0.6866050026943409,0.6472384294076843,0.024911173745597443,0.028310892182093237,0.027382514541299998,0.034136628879492446,0.02879732278447729,0.030552497577176606,7,11,0.0026925594871788725,0.05188987846563983
YOR076C,0.8326335054697989,0.8441078913687329,0.8352821222213346,0.7560933067038572,0.7975703475055386,0.018987703017677382,0.0220954720316358,0.0213246096300486,0.021919941615763303,0.026673553874833167,0.024299989656790765,0.05349414488267587,7,10,0.0029681865022311562,0.054481065538691115
YGL026C,0.8151012443808721,0.5696624206084389,0.6838386845398019,0.28921672747623384,0.6148225593447303,0.6411134281193283,0.05028251589041034,0.07671046965376961,0.06575130399860143,0.09858676242197166,0.07257389414311566,0.07005330185023369,8,8,0.01391403683036033,0.11795777562484099
YOR098C,0.7329407973088158,0.6967406711754727,0.6197368469833502,0.5595409567977443,0.6913486252505261,0.558319674273253,0.02008081838819119,0.02139856838917642,0.02396181753674694,0.02578875640136394,0.021587966834346835,0.025824484530958872,7,9,0.0015364145332287895,0.0391971240428273
YOR177C,0.3179265079341801,0.4800217136212044,0.34332346866364816,0.3245508197364222,0.47238291016579825,0.35615896762935795,0.13501292758789527,0.11788332390119562,0.1324754844881978,0.134355703785055,0.11874605649681702,0.13117440238156244,7,8,0.027193973835072084,0.16490595451672474
YOR208W,0.7303371796219986,0.682365521536954,0.6849948163758228,0.4819204137351363,0.7433441018946014,0.5377433303760799,0.03771034790729234,0.04092736850824974,0.040757623495243096,0.05226948763788945,0.03678964756540136,0.04937323638966142,7,9,0.005366030584803379,0.07325319504843034
YDR158W,0.794893149436667,0.8342528650216726,0.7616396204500028,0.5816338074780981,0.8599337153495666,0.7378279947602955,0.1970800044618078,0.1771640074602599,0.21245625144559133,0.281469130648376,0.1628618204017419,0.2228156228177397,7,8,0.19268952170457126,0.43896414626319
YHR030C,0.7522828362410431,0.6370510555213631,0.7353935197989541,0.6251221998571507,0.7618025217207524,0.625542397413531,0.0696883433253397,0.08435384042354642,0.07202484441159177,0.0857288409724035,0.06833617568174952,0.08568078111179923,7,8,0.019948824959171687,0.14124030925756176
YPR070W,0.8248615098105493,0.8124136093980119,0.7661015949948962,0.5884668047850747,0.7831451193413976,0.267466202542865,0.022819814898070445,0.023616850485281744,0.02637150690741212,0.03498031795300118,0.02539252666206161,0.046669715134965824,8,10,0.003025490343189106,0.05500445748472669
YIL019W,0.7899076873641668,0.7154560515710664,0.7512117601703374,0.6690977553921732,0.6807272315743755,0.4728250391208191,0.02707088778433804,0.03150446395786459,0.02945861614799239,0.0339740463009931,0.03337170199922917,0.04288197753858546,7,9,0.0035493430234002374,0.0595763629588131
YNL316C,0.8150969288899692,0.7895502444280394,0.7464520135062468,0.6118276178430484,0.7797550737067627,0.6422716332517832,0.023394713577622173,0.024958580585634774,0.027395280606380263,0.03389674424740381,0.02553281076262075,0.03254036050618483,7,10,0.003011927254016936,0.05488102817929832
YLR132C,0.8112292229668339,0.80257691373261,0.8128568834418601,0.29729258167901984,0.864813267834361,0.7644881439180914,0.026293486564832224,0.02688931661276862,0.026179884442448315,0.050730374174642774,0.02225091278480942,0.02936886642439716,7,9,0.0037266167421281054,0.0610460215094162
YHR146W,0.6192100409524935,0.49787362241823196,0.6217079016407326,0.4351109039481217,0.5449566327324722,0.7045961065234229,0.11005845366634419,0.12638256947068224,0.10969688557003664,0.13404859255309828,0.12031147655610008,0.0969368203350131,6,8,0.03236789548389843,0.1799107986861779
YGL158W,0.8502741605265509,0.8560296877823845,0.838357681077639,0.4553996169110963,0.749441390164598,0.7827206318678235,0.026759179582534105,0.026239822263816177,0.027803658900145772,0.05103444392401747,0.0346161752731353,0.03223544430991469,7,9,0.004866334628445863,0.06975911860427898
YNL197C,0.5278113483919845,0.1805432590798557,0.36840125032030235,-0.22278556716570064,0.3669535767823713,0.35250786776229215,0.02968063768555443,0.039100154272559,0.03432701862648883,0.04776289110045558,0.0343663362100839,0.03475623321493983,7,9,0.0018983839245898994,0.043570447835544444
YGL249W,0.8257613015894552,0.841851964369607,0.743173756159234,0.6810283105381056,0.7839795848186775,0.6340198614970292,0.024451640088314658,0.023295261313646495,0.02968625308410196,0.03308352333335314,0.02722595258052023,0.035437611617707525,7,10,0.0034916001943680556,0.05908976387131747
YLR372W,0.5502123996708025,0.2702495981555648,0.5661165940717241,0.5957600375440567,0.6062581142118202,0.5443132478789531,0.14814405490030572,0.18869815755751748,0.14550134525313413,0.14044300418588834,0.13860736161646056,0.14911237576368785,7,8,0.04964941258129758,0.22282148141796737
YFR049W,0.8358971808458345,0.8416204926569643,0.850021445263011,0.7930640702338266,0.7656263667926274,0.7743017734530988,0.09961652776394339,0.09786397972783867,0.09523310864664722,0.11186425386780395,0.11904954917121152,0.1168254472111464,6,8,0.06153183909639746,0.24805612086057754
YLR208W,0.7235090412756271,0.8099672704461884,0.6647885968454613,0.27185822418495453,0.7676791516005069,0.35092210819997594,0.057184398472921394,0.04740796277230837,0.06296460480376295,0.09279937776201742,0.052418088819985775,0.08761641886487324,6,8,0.012034479671767571,0.10970177606478197
YBR216C,0.7968213016947004,0.7641585749740344,0.7973262746636598,0.496037474597527,0.7907471802671695,0.6755204762640326,0.027823374010070935,0.029976488127528973,0.02778877689768851,0.0438197432570602,0.028236207604829436,0.035161253948098936,6,10,0.0038769888470711745,0.062265470744797026
YGR136W,0.7371522179538934,0.4886398750383738,0.7086617322660009,0.5110647657803209,0.6381832772014148,0.3016863901006821,0.07080764096717002,0.098762345859598,0.07454641008925515,0.09657253569773439,0.08307537016952247,0.11541259883130596,8,8,0.019409264232892402,0.13931713546040345
YMR202W,0.8758427462496444,0.9154155256472516,0.8619361106929732,0.6873595312698851,0.8706195879114349,0.5301140029371745,0.21676663140468067,0.17891704103345543,0.22858431752707722,0.34397666088784623,0.22127922656063304,0.42169905831310067,6,10,0.38509324209496376,0.6205588143721462
YPL253C,0.8465690094241334,0.8745531443126497,0.7573619736332013,0.7294746731296002,0.7744846595799519,0.6923411457887227,0.02315124318213133,0.02093378032754815,0.029113686741536193,0.030741265206034443,0.028067634805422983,0.03278328592807177,6,10,0.0035545831894455734,0.059620325304761405
YIR031C,0.7251324735075575,0.6750881187995403,0.6837937324645456,0.3584794555425258,0.5939357003582879,0.5151692561311747,0.041139720059078136,0.04472830197792647,0.0441250135676249,0.06284994464766358,0.05000311032600606,0.05463798702445112,9,9,0.006265451433490679,0.07915460462595135
YOL138C,0.8005893373309443,0.7848647669040408,0.7928643542622875,0.6616888976700177,0.770432780960791,0.2377050485068436,0.026149830943617093,0.027161294714537515,0.02665152831768627,0.03406064142657796,0.02805754278195607,0.051127695608302506,7,10,0.003489333919838061,0.05907058421784959
YOR204W,0.7371763967714831,0.4714227554683955,0.7603571220532992,0.05442958320675251,0.5154993971998951,0.44263776529354615,0.08311638456705099,0.117871468068848,0.07936640787447093,0.1576526951023373,0.11285001526724696,0.12103841576658951,8,9,0.02674619831870805,0.1635426498461733
YDR453C,0.787339917320141,0.5809107241043441,0.7325899465389252,0.4530744132392809,0.7763996973948031,0.5352226270004705,0.029741269197167196,0.04175127885749308,0.033350732281079376,0.04769585401631503,0.03049668979331031,0.0439682314503396,8,9,0.004232394636555105,0.0650568569526311
YJL100W,0.7724437570694992,0.7905857905943989,0.7115346561288657,0.6067003102106123,0.6562283302005893,0.6155830611454318,0.024546542150428785,0.023547728400224004,0.027637118905372356,0.03227065249250446,0.03017039433443898,0.03190415178136095,7,10,0.002694294269070954,0.05190659176897434
YPR019W,0.7966203537141494,0.6652074854635683,0.7492002879323088,0.5054618798233084,0.8140997065255313,0.6918865766719796,0.02189672865858763,0.02809398605187546,0.024315825027992594,0.03414486340485027,0.02093464161636885,0.026951367282807958,6,11,0.002398855695759011,0.048978114456959355
YDL164C,0.7628234123570025,0.7488786659121648,0.6906890923127166,0.6696962038162314,0.7945216344645336,0.652486135982183,0.023890523831168096,0.024582812522807824,0.027282702155037634,0.028193341160866733,0.022236826900730915,0.02891850462364148,7,10,0.002448683563849224,0.04948417488297874
YCR095C,0.7507856707980425,0.7719577613535924,0.7059309008522922,0.6247291117983043,0.6636341667180445,-0.15086821851993815,0.025353613978729306,0.02425275149389999,0.02754089595198421,0.031111847866226082,0.029455018960962604,0.05448364662263623,7,11,0.002624580366596198,0.05123065846342596
YFR009W,0.8071185362378126,0.7171801266731634,0.744690928512399,0.5431874447504952,0.6842648987305663,0.5436455012834767,0.026375403078542487,0.031938081184625954,0.030344988824429108,0.040590357340071,0.03374545529480829,0.04057000179017693,7,8,0.003669955983675392,0.06058016163460933
YMR176W,0.7802852869285407,0.7723656798730303,0.7276744471460395,0.6303499308309507,0.7836430493942442,0.6628509988584417,0.02679590556062479,0.02727455909379252,0.02983204774294711,0.034756358190500075,0.026590364721101153,0.033193252306470085,6,10,0.003325300324403581,0.05766541705739742
YMR311C,0.8657961392965965,0.6657008453214819,0.8760557690704289,0.8122541220434514,0.8790861897745373,0.7852405773702047,0.05558476678627018,0.08772854414203016,0.05341785459455696,0.06574435793970596,0.0527607835339879,0.07031522923302645,7,8,0.02342608442195918,0.15305582126126135
YOR269W,0.8100472801564662,0.8051409900724099,0.8141018530525681,0.7826208055230559,0.7745234019918052,0.5796501448578263,0.02335837068227325,0.023658109290797206,0.023107731801344046,0.024987843396645466,0.025448988455635594,0.034747634046113376,7,10,0.002922757029854108,0.0540625288888164
YGR129W,0.8298288417136794,0.827738413141793,0.7871944518494156,0.669453129517769,0.7469062833670792,0.6139588795685953,0.025309776912768568,0.025464758482013836,0.028303282942475447,0.03527458106418065,0.0308664029474958,0.03812081029650664,7,9,0.0038303972535188554,0.06189020321116142
YAL014C,0.6886879270808723,0.7873772998355458,0.640207166869281,0.5050380484387227,0.6163982146498134,0.4873471040615426,0.028032475576896775,0.023166919274120713,0.030136285732248552,0.03534674106857487,0.03111743425920952,0.035972877461550194,6,9,0.002568503012970982,0.05068040067887173
YKL178C,0.8217324927470068,0.4991140536037426,0.8392683399106995,0.31354045904326144,0.6425748241272866,0.16637105136661778,0.036522222523723495,0.06121960536273502,0.034679419365192435,0.07166854294640816,0.05171465980974983,0.07897824813346228,7,6,0.007613692675091348,0.08725647640772201
YIL041W,0.6704542115678637,0.6723887492778851,0.6624560172375327,0.5812373388003413,0.7214677110951854,0.4874043411959216,0.08634096300361044,0.0860871656462495,0.08738244465483422,0.0973291612727741,0.07937738352997828,0.10768283163551773,8,8,0.02301818883754498,0.1517174638515454
YPR183W,0.47555126264130243,0.3795190479145565,0.38184807841438295,0.02335276340181347,0.5230888097268982,-0.031222111751017856,0.12333767266811962,0.1341554912867923,0.13390347227978588,0.1683112285027927,0.11761507329652986,0.17294990806053517,9,9,0.029514918758933032,0.17179906507002018
YDR542W,0.8350583387064922,0.8583281918200933,0.8146053647416055,0.5453266445622876,0.7013933622782804,0.7491767369523366,0.029212392006784903,0.027073453377781796,0.03097066417932436,0.048501111335347895,0.03930534986452887,0.03602349488321616,6,9,0.005264498583957257,0.0725568644854314
YHR149C,0.7398175030395193,0.736481835130951,0.7420665757171461,0.6413151468643808,0.6363122215332084,0.4404878883775545,0.023971370219597127,0.02412454323802217,0.023867538543067755,0.02814558885625054,0.028341196042548797,0.03515269019489061,7,9,0.002247298589585794,0.047405680984306024
YLR450W,0.8111923437191109,0.7904275392276321,0.6759578270342721,0.5331783203787612,0.7856277062716741,0.727788144730267,0.0562508253949267,0.05926335107540034,0.0736919191094511,0.08844934216833757,0.0599381626921407,0.06754179783689276,7,8,0.01705262868324879,0.1305857139324543
YMR239C,0.7939821072297641,0.7838931622707184,0.7495384468429367,0.7275891981782958,0.646172156933408,0.5553587426671042,0.025785005724394853,0.02640882118676695,0.028430552299320445,0.029650151997501487,0.03379175628526541,0.03788084346439433,9,9,0.0032838450875599372,0.057304843491278616
YMR009W,0.8427265412188925,0.8740516563610276,0.767342031427444,0.7463012292854145,0.8543407254689552,0.9205307757283029,0.10450440514052356,0.09351970080632795,0.12710593931181755,0.1327290726146354,0.10057173672568549,0.07428589590121973,6,6,0.07065890370667746,0.26581742551359844
YIL099W,0.012304982737417869,0.48844968624905305,0.028010257339744382,0.5357124489518601,0.1063810747520757,0.3956734798344449,1.4525212199144646,1.0453343748259987,1.4409267213815318,0.9958744122147294,1.3816156157046937,1.1361793216415017,6,7,2.1735780841282715,1.474305966930973
YDR163W,0.8364077918246834,0.7365682646284779,0.7598142830510921,0.6675893523892955,0.7872870331915638,0.34869292528565643,0.02964989620152356,0.03762494869887222,0.035926545424980375,0.04226485012386554,0.033809508124778044,0.05916089941059677,7,9,0.005468105409826184,0.07394663893529026
YDR224C,0.19189492328955904,-0.49053324442596824,0.09552455986139763,0.22614920521174564,0.011202668563459528,0.16706452943647676,0.4749393225011859,0.6450227674612659,0.5024612797651886,0.4647643708166655,0.5253610287055661,0.48218077347960164,9,8,0.2840282641194285,0.5329430214567299
YNL075W,0.7454860037206925,0.5882321592013313,0.7505854973482394,0.33293847698111123,0.64235055618571,0.3733411683343739,0.02895024048447271,0.036823287027207725,0.0286587465678397,0.04686830915469205,0.034318248734027064,0.045426776786371394,7,9,0.0033507792635776874,0.057885915934514566
YBR210W,0.6913778609848318,0.5889648640102536,0.6783375537265786,0.5818551773968987,0.6991371638770685,0.42036524490063154,0.02685240139886354,0.030989107311922167,0.027413833599039882,0.03125596802683408,0.026512694320118414,0.03679991377358222,8,9,0.002377345607338954,0.04875803120860146
YJR016C,0.854677773193806,0.8048485666440791,0.8494696734842805,0.6989905398412561,0.8635902439962679,0.6096421098215916,0.19836622301620732,0.22987279422979967,0.2018894867919022,0.2854905745708405,0.19218718174041338,0.32511213735597455,7,8,0.275522164960944,0.5249020527307394
YBR275C,0.30589562545086324,0.3916646111754635,0.300628126120126,0.34090172018972587,0.312086686713563,0.31145636216197703,0.07584826545041792,0.07100759499584493,0.07613552451664256,0.07391087637482535,0.07550924362718059,0.07554382969455486,6,8,0.008433729419190213,0.09183533861858524
YDL082W,0.9435444227506878,0.7426563441737096,0.8782067000629342,0.549817934317905,0.9213058945103441,0.8961862621368994,0.1064619863393057,0.2272991814858709,0.15636978445209648,0.3006320189844809,0.12569333234011987,0.14436720645479612,5,9,0.20428449966579657,0.45197842831909196
YDR383C,0.8603796711762233,0.8984331049556362,0.8525594223860256,0.8259162325649642,0.7772294497643931,0.7265641392207773,0.02270587414381959,0.01936600261007838,0.02333309825436393,0.025353798619505992,0.028680900761789068,0.031775444433344,6,10,0.0037573437894211545,0.06129717603137321
YPL078C,0.5336201842195625,0.5384304253746475,0.5618890244009832,0.5431060860603113,0.5771647836747946,0.28096941098725803,0.170494575416749,0.16961305605083515,0.16524668621353877,0.1687517864079589,0.1623402714697088,0.2116968401736688,7,8,0.0634212098806013,0.25183568031675196
YLR264W,0.8239602177327093,0.7365892254993951,0.8263056473377302,0.6105966243351912,0.8510743563708922,0.702220505286967,0.2583175618105915,0.31598414307451694,0.25659097127244557,0.3841920532020079,0.23759279379492856,0.33596645417116827,6,10,0.38570048132446016,0.6210478897190298
YDR353W,0.8399804154966629,0.8064700914920111,0.7868359284432116,0.3726249362953551,0.7853568943305882,0.6769658140191976,0.06705804092331802,0.07374597773950178,0.07739649539777375,0.13277854910032352,0.07766453816996031,0.09527710111359809,6,8,0.0285944483534553,0.16909893066916568
YKL087C,0.6009422580599237,0.33097148448677205,0.46279676990636964,0.007587188087282759,0.5673965655631771,0.12657391743570157,0.0402782026130539,0.05215242728502513,0.04673276953673935,0.06351823079886879,0.041936983943278695,0.059588889263276344,7,8,0.0041367336736678,0.06431744455175283
YNR015W,0.7668572997623838,0.7251217919339714,0.7564530456181838,0.66252136545495,0.6886041442715156,0.5361063891401743,0.024957433036371046,0.02709936777526732,0.025508231804143633,0.030027013905743624,0.028843331251770018,0.03520450149760463,7,9,0.002718511314085484,0.0521393451635661
YBR177C,0.5074517779737162,0.3414087924197783,0.5627900933527694,0.4560493310821345,0.4925064502525137,0.17632649923539268,0.08087582785605775,0.09351953215881853,0.07619726063720547,0.08499123087850032,0.08209366120189238,0.10458560388061768,8,8,0.013512691462736547,0.11624410291596106
YDR153C,0.4968479239966458,0.19988305607214074,0.31841999014625977,0.25010742085164706,-0.18786215083652857,-0.014716288342786266,0.03709140722340444,0.04677355826019413,0.043170004930383796,0.04528175013781932,0.056991055224639514,0.05267396270466009,7,9,0.002782277796412153,0.052747301318760875
YJL156C,0.8794008116170805,0.8348623303402919,0.8543727165714321,0.5736426152787746,0.8657566441657574,0.6816103760396501,0.016965492021826987,0.019852597729560655,0.018642993185010257,0.03189930062857366,0.017899490403267833,0.027565997965069745,7,10,0.0024285199269857708,0.04928001549295384
YJR054W,0.7317482021912944,0.7360606095463238,0.7356799066459576,0.7024520407206083,0.7212279486950259,0.6093662355350777,0.024454749782422944,0.02425738647793398,0.024274874450665385,0.025755524048873303,0.02492966934668275,0.02951051525276901,8,10,0.0022684903894731705,0.04762867192640553
YKL161C,0.7479389487132212,0.7359590673173968,0.7019631005693445,0.6185468467675935,0.7053439338073879,0.63237536503485,0.03132044255415559,0.032056097282547054,0.03405728601986454,0.03852969959607657,0.0338635677195531,0.03782485932149627,7,10,0.003960072842785734,0.06292910966147332
YML052W,0.5301562469447161,0.13613953411321866,0.3767742988910132,0.1473099100335309,0.3335175311703329,-0.3079028066390854,0.05816858435321029,0.07887394543273213,0.06699377394090067,0.07836233598418527,0.0692797211768096,0.09705088541825221,8,8,0.007327851673418879,0.08560287187600003
YJR148W,0.30194072506304037,0.021651428073416912,0.24627888972776157,0.17827756722247257,0.33156090628825197,-0.28686923382592155,0.13635743335375797,0.16142822621490613,0.1416896105601869,0.14794327849463282,0.13343310366901173,0.18513983656805255,8,7,0.02710306907513461,0.16463009771950757
YJR005W,0.7619879658552469,0.7288348603126946,0.7381560857743751,0.5288153273858633,0.7244100639184984,0.5708071203039039,0.02322915927848629,0.0247942492284305,0.024364375048754536,0.032683579264663636,0.02499572344300552,0.03119322573526166,7,10,0.0023068598248340193,0.04802978060364235
YPL101W,0.8835936253428567,0.8172914748575211,0.8604374959805643,0.6364248030081219,0.8171446835945055,0.7194617153242635,0.01563505863489693,0.019588019979444874,0.017119674726103002,0.027631741441023032,0.01959588708059844,0.02427209151863354,7,10,0.002136856718426591,0.0462261475620302
YBL024W,0.7326512434712454,0.383655119915306,0.7790866200408724,0.46510105515450506,0.7021876455963736,0.5217724464365128,0.03374985933528425,0.05124420727705122,0.030679190280350405,0.047738498308006486,0.03562084665982926,0.045138817766446945,8,7,0.0043352974827923045,0.06584297595637902
YML120C,0.7034291494647369,0.09361135432010026,0.6253064234757059,0.311856666096755,0.7105083331058096,0.28519443212245765,0.04507116893289132,0.07879375879568264,0.05066087824866739,0.06865529601691782,0.044529992694964826,0.06997268737571569,8,8,0.0069698321392519125,0.08348552053650928
YER027C,0.6379197340219748,0.7159188340447757,0.5654958021454475,0.3603829578298734,0.629376723748549,0.4967100792756449,0.05781577585596759,0.05121122341569492,0.06333458344416767,0.07684293486853591,0.05849385922975167,0.06816368278216724,7,8,0.009393793267411433,0.09692158308349814
YDR238C,0.8207495218871295,0.7306800803937136,0.7229210153867125,0.5174305970775236,0.8507449400342542,0.8173487209533243,0.05375056783800914,0.06588508845607072,0.06682741912508015,0.08819273000234232,0.049047562233419606,0.05425805908566003,6,8,0.016400569481343545,0.12806470818044893
YGR014W,0.135731667215646,0.13370753642390165,0.10709940218038794,0.11235396944094433,-0.09005975250303622,0.12446561774078124,0.045372887582287635,0.0454259885378436,0.0461183409548431,0.045982441450200695,0.050956227895573185,0.04566765606734218,8,9,0.0024238033179475736,0.04923213704428819
YCR091W,0.828533141058263,0.7816928434248255,0.7624008996150757,0.681458065040515,0.7764786800290155,0.6748619692589428,0.02783756414188579,0.031410519635459384,0.032769025822360236,0.03794236884104244,0.03178341886201856,0.038333195153563454,7,10,0.004598703475300319,0.0678137410507658
YBR104W,0.7142632124707186,0.5496394863168514,0.7690116626592605,0.47885187577602395,0.5923803669505768,0.4176208044430526,0.02755853017373261,0.03459816973238821,0.02477809983238834,0.03721804541366669,0.03291550471860372,0.03934376325518833,8,8,0.0027045753277457744,0.05200553170332724
YHR157W,0.804279392117271,0.77170614513769,0.7191080510369915,0.783441410200791,0.7806989898156218,0.7258908687277068,0.042281613510036314,0.04566467644578839,0.05065273730033333,0.044475514569529855,0.04475623960538803,0.05003743347518112,6,9,0.009294364195121484,0.09640728289461063
YBR007C,0.8113543790517264,0.8413036878354656,0.8191182473885756,0.7139848652254008,0.7572758405327111,0.23445001538785593,0.024504890693830887,0.022475679101046024,0.023995333156867138,0.03017337657205169,0.027796230755666437,0.04936466356697843,6,10,0.0032390074643652554,0.05691227867837709
YJL117W,0.7314151201996004,0.7277568677699875,0.7102551580621248,0.669398984728769,0.7526250180721324,0.4759373565553481,0.033375346593213,0.033601871818657605,0.034665132222806753,0.03702858325213847,0.032030439081636414,0.04662046554043671,7,10,0.004220103930384705,0.06496232700869563
YDR358W,0.8428721368430021,0.8381484555307605,0.7966337897347341,0.7484152941170009,0.7467272593089616,0.47117203263393637,0.03270241414207862,0.033190335002638655,0.03720425477197695,0.04138046152025892,0.04151905277781714,0.059994359258910265,6,9,0.006925634400879978,0.08322039654363574
YKL016C,0.7425776268178456,0.8150303592324012,0.6719898855881307,0.6442082333629049,0.760969686873429,0.5115309328071532,0.15194667688013527,0.12880071919711922,0.17151878016087022,0.17863477546285142,0.14641802743799773,0.20930836964180266,7,8,0.0912618484467806,0.3020957603919337
YPR073C,0.6087142174191473,0.68661589709759,0.6658458811072112,0.6104247382154728,0.6460352956439812,0.5444356242365977,0.05494735000004712,0.049174301443782494,0.05077771193304101,0.0548271162311795,0.05226123847415841,0.05928906424724102,8,9,0.007851498898251858,0.08860868410179591
YAL026C,0.45354864392191785,0.499592256297262,0.4137597879062208,0.34521561055441796,0.36833293251979937,0.47733198963942025,0.04901767664906945,0.04690714273038058,0.05077088935028847,0.053656967847367475,0.05270127062672902,0.04793910576744721,7,9,0.004474114302782479,0.06688882046188645
YNL229C,0.6446698814824325,0.634909242043155,0.597477392497306,0.5494671325675147,0.54833326550037,0.5267884239809337,0.022407243310422674,0.02271291309642686,0.023848856383603727,0.025231069464204364,0.025262799337179197,0.025858307738447738,8,9,0.001437798337584649,0.03791831137570144
YPL043W,0.6082099445892702,-0.5207044319999443,0.6710932929043653,-0.18401472274471442,0.015827673490638627,0.12912168160981652,0.03922369397372021,0.07727592165551923,0.035938351541886925,0.06818680463243935,0.0621666352933486,0.05847907935911555,7,7,0.003995735326281508,0.063211829005982
YOR127W,0.7837335677005685,0.7215173105821675,0.7651629337906538,0.37089164280692855,0.7939549741319504,0.6214682947968404,0.027068908843040862,0.030716752179045913,0.028207169919080937,0.046167772249000746,0.026421487179404474,0.035811896628471396,7,10,0.003447509893594431,0.05871549960269802
YHR106W,0.6764454226834302,0.6612109680788854,0.6599309940571225,0.6152190962265909,0.6782535935575071,0.5076116835626017,0.043744173286590665,0.044762167719007685,0.04484664565753374,0.04770382403945405,0.04362177081892328,0.0539635247503833,7,10,0.006017914543552439,0.07757521861749692
YOR266W,0.8054541444574282,0.7938707850451691,0.8113639732301441,0.7162292251681255,0.7660120475488578,-0.2438071772587982,0.025964594409173664,0.026726391499662848,0.02556718249521261,0.03135843528480713,0.02847523387606314,0.06565186692107375,7,10,0.003526096879306433,0.05938094710684929
YKL021C,0.6105107244390123,0.4969852707439608,0.6506035654570081,0.4349941725335288,0.27101983859732626,0.12710813393984854,0.030787706858434825,0.03498806638923942,0.0291600876616656,0.03708139418591796,0.042119911069290396,0.04609032962614903,9,8,0.0024763516701733334,0.04976295479745283
YDR054C,0.8369797381472142,0.8256623831483052,0.816721127806703,0.7590684445452665,0.90038795692261,0.7010630080277361,0.05891930180090043,0.06093016456134682,0.06247309190023967,0.07162813455916134,0.04605668995135334,0.07978598824266898,7,9,0.021668394559159004,0.14720188368074305
YER001W,0.7116040819538509,0.6417291961084524,0.6439599204921562,0.5778767898479318,0.591138394474834,0.48881297257121537,0.05806814454864919,0.06472157895012424,0.06451977428239461,0.07025269851073,0.06914034774981465,0.07730957872526906,9,9,0.011897067545302712,0.10907367943414539
YMR303C,0.3557574912041024,0.3348916174710319,0.2494798848924975,0.009525232302998177,0.47460492438249857,0.09432573518311616,1.0778684103675769,1.095184443027971,1.1633816881051426,1.3364809216652778,0.973383666254395,1.277988862384891,7,9,1.834996535478537,1.3546204396355965
YNL212W,0.7976082990276028,0.7578341054207456,0.6610376996866895,0.3305452894525277,0.7474045516351064,0.42403175440089313,0.02605975025950547,0.028505613268511056,0.0337248167345711,0.047395215259234194,0.029112979828097,0.04396156751384597,7,8,0.003414294168350004,0.058431961873190635
YIR026C,0.7453035779089736,0.6681821192474755,0.7340841347875247,0.5363373509784972,0.7163470658041069,0.3662204689562819,0.02820353579025519,0.03219156039858445,0.028818028095037095,0.038053375960022694,0.02976362170439671,0.04448988060194331,8,9,0.003177879383484403,0.056372682954462995
YBL091C,0.24386430375884716,0.2740278745703585,0.257182611163459,0.16653464895647396,-0.01148826239961287,0.2604470553020184,0.045025390742385034,0.04411818045970041,0.044627098431389976,0.04727171894718066,0.052076050997965986,0.04452892956653417,9,8,0.002728150832588444,0.05223170332842347
YLR144C,0.7798345522146146,0.7144380549070655,0.7176000536767917,0.5275349698880563,0.7545970035097607,0.6549071724823028,0.030169712620649006,0.034359493852761026,0.034168734704382024,0.044195843454199996,0.03185198647128921,0.03777152837768959,7,9,0.0042067463027542305,0.06485943495555778
YMR017W,-0.012330947166056427,-0.13209745626844738,0.04366503080752404,0.07390911530079147,0.1722777360317218,0.04702459440404638,0.3839042821108568,0.40597903491340065,0.3731356272461432,0.36718802085382835,0.3471394875560284,0.37247964592934724,6,7,0.14814143151448797,0.38489145419778803
YEL046C,0.6617131264366943,0.4306263887047419,0.718007955753822,0.2759588696120131,0.7163378290322453,0.2033185605287705,0.09488752720497878,0.12310203245144052,0.08663332514338047,0.1388187644462262,0.08688949377121147,0.14561593577787663,9,8,0.027082343954175973,0.1645671411739779
YJL047C,0.8051004848425283,0.7918010305111154,0.740564352353087,0.43382958578466835,0.7411392220331163,0.684635185104935,0.025230383592965634,0.026077008095761276,0.02910940302245424,0.04300233712605978,0.02907713414634513,0.032094091974541904,7,10,0.0033234571673766496,0.05764943336561643
YDR432W,0.7731472469514394,0.7235280089278942,0.8102929855069441,0.5515793915178562,0.7763574630869572,0.4616503649566521,0.09888366846062392,0.1091636662173118,0.09042619097854883,0.13902577494904916,0.09818151919236139,0.15232975873399554,8,9,0.04385894930228965,0.20942528334059776
YPL186C,0.7325021877621056,0.6798916136057422,0.7001147707042393,0.7281026054849431,0.7227114700015329,0.6562058933034649,0.1054776165254841,0.11538483048818242,0.11168059727764167,0.10634148317243909,0.10739056888200915,0.11957748203180152,6,9,0.04232076586986707,0.20572011537491192
YEL051W,0.8288707922707034,0.7545221165503855,0.7983008112135983,0.6581500782494842,0.8446066650043509,0.25512489165369145,0.05492360853533537,0.06578141001035688,0.05962783883794136,0.07762734551782148,0.05233752567503321,0.1145878904061661,7,9,0.017936889155076755,0.13392867189320126
YJR009C,0.8211705376914127,0.8692188609713996,0.8034602314096495,0.7626990486913332,0.7587908546253466,0.4266072539939276,0.8239979796534598,0.7046592694511156,0.863837059259551,0.9491969872812358,0.9569813990948722,1.4754778991241024,6,9,3.863370513954599,1.9655458564873522
YKL219W,0.6617368094016474,0.6214727988088578,0.6554355025304629,0.542029932363477,0.6502183425297761,0.4989005848765936,0.023255697143825263,0.02460087415459167,0.02347130604514706,0.027059548102082647,0.0236483316953353,0.02830505091844013,7,10,0.0016268860041875723,0.04033467496072793
YOR040W,0.8352589543534461,0.8582890349123806,0.8611743559102325,0.7972233160972728,0.8512215715511424,0.6395659803512346,0.03711652279818579,0.034424536538699355,0.03407228209235163,0.04117896079653802,0.03527250937994664,0.05490087443957805,6,11,0.008509144253642466,0.09224502292071082
YHR005C-A,0.9194365006510392,0.8365715745174788,0.8854596252913366,0.6463410509243306,0.8966022765637887,0.6081691894694192,0.16490283836759234,0.23486741521956672,0.1966247890721541,0.34550258098621683,0.1868161674993681,0.3636706570924485,6,10,0.34345597640551606,0.586051172173144
YHR096C,0.7847962123577122,0.5836460588024839,0.7986472996653264,0.678817915258364,0.783590177927838,0.7926495626732837,0.34618716763185997,0.4815233482485389,0.33486113066021783,0.4229233528148399,0.3471558548676734,0.3398118252559461,5,9,0.5666633936422233,0.752770478726566
YER090W,0.7618253542280081,0.646087676080313,0.7191612483431427,0.5318890078690215,0.47932053729653556,0.36632727610372406,0.03801241988374726,0.0463367528919793,0.04127682373293778,0.053290791849096145,0.05620345034466225,0.06200265127315931,8,9,0.006173175807765744,0.07856956031292109
YOR158W,0.5982000067257381,0.3638279616700636,0.579245433573816,0.27708892332691615,0.44596451792924163,0.42124494952597147,0.026793948007663625,0.033714679541749025,0.0274186562469559,0.03593967846243891,0.03146302948690985,0.032157267970195864,7,9,0.0018180952550175956,0.04263912821596609
YCR028C-A,0.04392622788676004,-0.0305773249613277,0.0873115571633053,0.07635285224365262,0.0742340910179119,0.1477624023133467,0.34459776262658287,0.35777257156157,0.33668830152002915,0.33870358847636295,0.3390918433191232,0.3253472169431405,7,8,0.12638241218996854,0.35550304104180114
YKL125W,0.6362108870773214,0.596387290673021,0.6303708579767118,0.5687334943434867,0.6055572035654817,0.3474314249267849,0.02466550385624656,0.025980503246444315,0.0248626974220641,0.026855794653461922,0.025683674489353523,0.03303529738062696,9,8,0.0017017016618812804,0.04125168677619474
YBR054W,0.6669053169228336,0.2576370773395149,0.6142220241395914,0.2946522997400589,0.6699016589836801,0.40822031069030384,0.17009208063806272,0.2539267065533035,0.1830496734472504,0.24751519800467356,0.16932532360230812,0.22671500843030962,8,8,0.088379924198626,0.2972876119158449
YBR058C,0.6986808934248474,0.631519472050392,0.6350108912079369,0.4415060159318105,0.690619013002682,0.5314191362127723,0.027742890878658128,0.03067931436444157,0.03053362242290487,0.03777005592108838,0.028111575650844368,0.034596379504354624,7,11,0.002599141323878548,0.050981774428500895
YHR051W,0.45054792427085133,0.536341140660354,0.2897371127309163,0.3486196723958134,0.339320964401573,0.13896661364578655,0.12818707948327546,0.11775480159335813,0.14574340275934863,0.13957147331860412,0.14056416170293798,0.16046833244306824,7,8,0.030430691796720963,0.1744439503012958
YJR109C,0.2901878617065936,-0.4116309047443336,0.03837455286696878,-1.100485124705299,0.31026700935084073,-1.4401749674649245,0.10072292483621746,0.14204213664871318,0.11723562182350346,0.17326722613131287,0.09928808107302063,0.1867527911662189,7,9,0.014543414199739462,0.12059607870797236
YBR028C,0.7065784731027847,0.7262792669382079,0.6485361484635168,0.4842077499610379,0.6137764203345029,0.526683386615105,0.025216565594106042,0.024355317627840867,0.02759816981128012,0.03343315461427843,0.0289307267167017,0.0320269679198119,7,10,0.0022051241165653625,0.04695874909498082
YOL149W,0.6843495555029173,0.7312386483152644,0.6533079097281494,0.6186251990204922,0.5732645674213181,-0.10249517588477253,0.02646361524454125,0.02441908459468609,0.027734346541968824,0.02908854296181571,0.03076984605054231,0.04945774601877123,7,10,0.002257590038155193,0.047514103570994504
YMR029C,0.8283828252475844,0.800942423177491,0.8042882097664144,0.6533956723633905,0.830579879349437,0.7846439704953542,0.026521842021747993,0.028563581822275093,0.0283225142885106,0.03769122913007882,0.026351528010056312,0.02970994361419717,6,10,0.004170611701979959,0.06458027331917975
YDL084W,0.8691679113844775,0.7579902489266181,0.8432283370133872,0.6887225429568283,0.8893621089106993,0.7692634676175482,0.07176403728356456,0.09760367234865454,0.07855675012546724,0.11069386735061892,0.06599357724332049,0.09530329292212866,6,8,0.04005461757578322,0.2001364973606344
YJL066C,0.8632351096484605,0.7311579086012473,0.8490764665909944,0.6205535623529004,0.8003427132665399,0.7377468352265262,0.03319841451986334,0.0465456034416751,0.03487454214559003,0.055297471368249085,0.04011184283127676,0.04597168279210899,5,9,0.008199987735949788,0.0905537836644598
YJR060W,0.7478346309901596,0.640178520618612,0.7652553913219474,0.6627083857792326,0.7217303963327496,-0.40008775231437266,0.027435613456579078,0.03277294705926863,0.026470964608855608,0.031730340017535545,0.028820720836022735,0.0646471795810986,7,9,0.0030373654319377306,0.05511229837284715
YLR185W,0.8946311820834668,0.8385721817134657,0.8781229304442459,0.638280593476344,0.8484384847505526,0.6714759981774525,0.5366934298850098,0.664292598247791,0.577206517790243,0.994388583590349,0.6436721133842432,0.947662677894966,6,10,2.781593017391076,1.6678108458068848
YCR082W,0.5532488794831503,0.3719690941394036,0.5600074062021452,0.20110681792404284,0.5249014232569049,0.25306443942162393,0.061929415108272955,0.07342681006101301,0.06145919057435538,0.0828149054801969,0.06386398552276996,0.08007661772979748,8,9,0.008735372799823843,0.09346321629295583
YBR151W,0.46377206355445744,0.4415567471350481,0.47606783428661537,0.4460660169163855,0.4271686174975232,0.1884257055389682,0.06254774749517898,0.06383024042367903,0.06182647513536213,0.06357201260705991,0.06464729498269516,0.07694866642822515,8,8,0.007423813451941416,0.0861615543728258
YMR296C,0.35551907785780956,0.022718874281957402,0.3652968146845228,0.10473771212675875,0.2651015060864127,0.25459615186066,0.030777199761139074,0.03789953015818149,0.030542839452828405,0.036274314638563246,0.0328653112084851,0.03309938203808196,9,9,0.0014955511759958712,0.03867235674219857
YNL246W,0.6529622005745133,0.5920483099956455,0.5829500317623078,0.5784775005509223,0.5611952869471175,0.7349125560370249,0.04298147414493149,0.046601219776568,0.04711801242145703,0.04736999037404039,0.04833130902051783,0.037565354786093165,5,9,0.005416752221244245,0.07359858844600381
YBR218C,0.5500095444016178,0.02906254131649233,0.4973461204588048,0.30033157081508643,0.5742627864586944,0.4997434101448406,0.03980296100916209,0.05846680450820884,0.042067649751713,0.04963178204061189,0.03871547006773567,0.041967213967077734,8,8,0.003582453795756481,0.05985360303069884
YNL096C,0.8881163392619743,0.7775761288401726,0.8255605201120694,0.77934088058146,0.8760288127030403,0.8520297059483132,0.11806061456257455,0.1664609632181369,0.1474158216191684,0.16579928224117632,0.12427451761121741,0.13577161194764545,5,9,0.12676417940839274,0.3560395756210154
YDR176W,0.7716861353495651,0.7986590324819444,0.7141526779648539,0.6439031507142465,0.7454789585971453,0.5704981121696556,0.023470343649360653,0.022040395402356517,0.026261550875854366,0.02931145461751475,0.02478079024164885,0.03219110201458441,6,10,0.0024550466539393647,0.0495484273609099
YER185W,0.8275597394859141,0.8265617771855229,0.7865725397323051,0.6871065084103019,0.7861152478993609,0.6688876048646684,0.02766251769862815,0.02774244776732406,0.030774961469357192,0.03726238377652877,0.030807913199828733,0.0383318772774976,7,10,0.004515417140155974,0.06719685364774139
YIR019C,0.3956031489115557,0.3268546697499273,0.26691320710812205,0.18414685456538116,0.5236974053421646,0.10332599807536058,7.49884954670982,7.913852697758625,8.25869146020989,8.712434775712463,6.65694574462658,9.133786013696716,7,9,94.67171081179951,9.729938890445279
YJR132W,0.8231711276929226,0.8222923213423514,0.7845161938302667,0.5749211457726964,0.7884538549782674,0.5910350223667904,0.026191440066237106,0.026256442677537364,0.028912797065261536,0.04060855533735191,0.02864740888330922,0.03983142537522266,7,9,0.00394746888789771,0.0628288857763506
YDL046W,0.39073419227339345,-0.08141460071953777,0.5210974427821684,-0.19388742691578953,0.5175236545813886,-0.5542031000750143,1.349570510331361,1.7979942201045727,1.1965084082391049,1.889182292056443,1.2009645545945749,2.1554902477922666,6,8,3.041847879943561,1.7440894128293885
YGL009C,0.25343140442110446,0.15479655888357235,0.31042038351382717,0.15640624254415647,0.17722294072430478,-0.19999684974608223,1.0050709853223292,1.069405726674242,0.9659487502300169,1.068386903735829,1.0551226942731058,1.274242042393405,7,9,1.3768191318533831,1.1733793639967354
YOL065C,0.846098083863833,0.8089104369989142,0.7703486849653756,0.6521587336331426,0.8376234717499506,0.7019670060591765,0.02526677966433324,0.028154405626275674,0.030864720462692986,0.037985551085191936,0.025953115856025766,0.03516090562280661,6,10,0.004220937263589321,0.06496874066494841
YHR162W,0.8033426795033,0.46419352915818535,0.7840491403308216,-0.07913735723205129,0.8297409427413979,-0.18150588003768275,0.10233014708187081,0.16890889341293078,0.10723239556935106,0.23971041464202136,0.09521462291119995,0.2508224948221368,7,8,0.054181399308881495,0.2327689827036272
YAL031C,0.831766940739319,0.7934458583869408,0.8253948752526596,0.6467667096461045,0.8105022872184405,0.8016867342944529,0.024330566304100156,0.026959603452994287,0.02478706121625531,0.03525553906911675,0.025822514645389632,0.026416326840588224,6,10,0.0035805210414463647,0.059837455171876795
YJL078C,0.5393180609451724,0.29883180170174084,0.5794030301519241,0.3455711802321263,0.569944968394411,0.5134345083159371,0.030506477700784497,0.03763592363588275,0.02914905926858029,0.03635990014053205,0.029474978035454187,0.03135177442805355,6,9,0.00205558805301196,0.0453385934167786
YLR186W,0.7965789874440272,0.585520746444415,0.8164852935908662,0.6180320887727174,0.789494499976973,0.5144584847149103,0.030336068979905737,0.043302482602823565,0.028813554293262603,0.04156950348143418,0.030859800989215397,0.04686780151101173,8,8,0.004603370523711257,0.06784814311174078
YLR442C,0.7884830055199442,0.7755672053184429,0.7407682013536231,0.6205426017295113,0.7465533767067112,0.5870878493098703,0.02585282208435188,0.026630448623955333,0.0286206478829183,0.03462715702571476,0.028299488032531187,0.03612136515787932,8,10,0.0032153169203782577,0.05670376460499124
YGR078C,0.8860804403312322,0.7026891822761645,0.8679860007712579,0.6854678449962146,0.8434874629788964,0.6930816393595018,0.02195477298474241,0.035467874059484934,0.023634139568317874,0.03648062978973502,0.025733826443897656,0.03603638655794435,7,9,0.004305392419980794,0.06561548917733369
YHR190W,0.8796022700933201,0.8571944498519937,0.7826917087644366,0.8045774899936445,0.8905775956801345,0.6851862870054256,0.06432756140071019,0.07005844315086354,0.08642235312930097,0.08195495805202178,0.061325495428896086,0.10401949945076878,6,9,0.03497268816464913,0.18700986114279944
YGR159C,0.7864995590175553,0.45429168160465216,0.7471890368409657,0.37062522995940606,0.7645063339935021,0.6000055134119644,0.09757561698692417,0.15599914024410255,0.10617930284018712,0.16753154069955892,0.1024782105267055,0.13355769662283135,6,8,0.045377124710349694,0.2130190712362386
YMR030W,0.8406102185581326,0.913472038826204,0.8400291316307672,0.8206878258028294,0.8601047658291644,0.7911715550498297,0.034842076567152554,0.025671546290898403,0.03490553062187367,0.036955465871239206,0.0326418867012549,0.03988123700846485,6,10,0.0077499825452403736,0.0880339851718663
YPL147W,0.7646405295275949,0.6429556186584606,0.7179632238101932,0.800871628099053,0.7793858840504984,0.8415908778862337,0.05556099048661913,0.06843294682140887,0.06082148381595075,0.05110586126055721,0.053792383601360384,0.04558208994381369,7,9,0.01334631645559659,0.11552625872760093
YKR099W,0.8080541876741666,0.7940510931924813,0.7770567069694729,0.7054966790970758,0.6399866891421837,0.6807432259711106,0.02380731914564133,0.024660445532299218,0.025657738757446483,0.029489422740620486,0.0326047182942405,0.030703736730610127,7,10,0.003004661028246419,0.05481478840829744
YAL007C,0.7017305919593841,0.7772968099341406,0.5577818026863695,0.5655046560156893,0.4592693241774649,0.4763048875985434,0.07200090850412653,0.06221524837460971,0.08767018543644656,0.0869012820660207,0.09694471186652047,0.09540538327280827,7,9,0.0176856236235435,0.13298730624966992
YDR162C,0.8140331973264183,0.8409005947894093,0.8071991782923055,0.7585372506321288,0.8215477266537302,0.734247919213044,0.02129833296345236,0.019699816376208698,0.021686144153332417,0.02426906085790241,0.02086358533510516,0.02546045947206851,6,9,0.0024820409246630835,0.049820085554554035
YMR233W,0.744679019686004,0.7242744268628705,0.6650778680742048,0.6320528797327021,0.5701198214767907,0.6284518604376994,0.027482088357227083,0.028559132017230145,0.0314759178715934,0.03299128139778916,0.035659905687555525,0.033152327612171635,6,10,0.0030099972428956766,0.05486344177041463
YLR377C,0.6338637527078115,0.6351209071450462,0.7415278559235713,0.5645964227786778,0.5715953622007965,0.54601591255402,0.14423304292859154,0.14398521288509564,0.12118539305447402,0.15728575794278996,0.1560164834902525,0.16060672209219745,7,8,0.05781492200110449,0.24044733727181195
YFL046W,0.7505323174126628,0.7588652397392023,0.7612878172089179,0.7632839436323493,0.7446584009045984,0.7637285157889356,0.031937814693400936,0.03139987796657346,0.031241749250759038,0.03111085228906012,0.03231162778449374,0.031081624194101827,7,9,0.00416053556376399,0.06450221363460319
YLR380W,0.008121962741214461,-0.13570321931317375,0.10491187411728153,0.06333984501455048,0.20125136637360141,0.07223261167089601,0.16215581795757295,0.17351452140974696,0.15404098826252355,0.1575775780947195,0.14551523412541467,0.1568277636940035,6,7,0.02697490565683988,0.16424038984622474
YDR326C,-0.03385923974425653,-0.04836640363025646,0.07532280421371207,0.04792240812334203,-0.07796790467148496,-0.08075208041551107,0.15706442245706645,0.1581625514911228,0.1485395789773495,0.15072430390656907,0.16037993390911295,0.16058691501208028,6,7,0.02427992650712015,0.1558201736204916
YMR148W,0.5692946998402337,0.5855834714529489,0.5022374720194487,0.37335290997555304,0.4554687387450551,0.37499613903650275,0.4028402898510553,0.3951493991809995,0.43306580336312367,0.485908286418443,0.45295410554846793,0.4852707802701997,7,9,0.38338818179794026,0.61918347991362
YGR211W,0.8250845183621396,0.77614286364882,0.7746004404410636,0.5693632705363474,0.8768018083895293,0.3608143240419537,0.1346178088816429,0.15229086878479112,0.15281462634654785,0.21122432287906728,0.11297713541590201,0.2573368077721094,7,9,0.10542167749352192,0.3246870454661256
YIL023C,0.6731130656160589,0.5192098844348052,0.6085877370752126,0.380061223408489,0.5272657158995289,0.5100363316739351,0.06426337979891103,0.07793679580316408,0.07032050735827972,0.08849916690879037,0.077281106460169,0.07867680590584071,7,8,0.012855314350795594,0.11338127866096587
YJL128C,0.8039955102057603,0.737339211282632,0.6906762271246301,0.5020326802721411,0.77439919900128,0.5216846321752611,0.02345420464414506,0.02715096827859882,0.029464179367121566,0.03738420257772412,0.025162745144507524,0.03663910594463106,8,9,0.002855804927114762,0.053439731727571035
YJR153W,0.8245494994395058,0.8204219132924551,0.7914441658307945,0.702761952605716,0.7516775403254841,0.6753969090601163,0.02655687579402667,0.026867443647864312,0.02895415188695557,0.03456621894277453,0.03159422286144931,0.036122350479140024,6,10,0.004090274843032508,0.063955256570766
YKL027W,0.7910736984492802,0.7849178168570721,0.7969438199815659,0.724853368425161,0.7852152149269056,0.3910312750891969,0.02103635010382057,0.021344011680688342,0.020738719507625507,0.02414103757963055,0.021329250198446965,0.035914624191510654,8,9,0.002155265622000755,0.046424838416528225
YBR132C,0.8045616693196977,0.7054699933090824,0.8032137070153672,0.6461877204707092,0.702164099957167,0.7328032441948227,0.0364465298937694,0.044742071391574934,0.03657200202534287,0.04903856619070347,0.04499246994605886,0.04261543277524925,6,9,0.006916012404066007,0.08316256612242078
YOL136C,0.44264978569928903,0.6230916456293822,0.48832985330651457,0.2341472470044451,0.4522620063399362,0.48312073398953725,0.03185714276395424,0.02619754635562197,0.03052374206497096,0.0373435305181604,0.03158123933129208,0.030678723920111044,8,8,0.001852842948289912,0.04304466225085187
YDR027C,0.794745558345628,0.7595264289093602,0.7490545761931906,0.6787294374344415,0.7991000571727261,0.6941948356162455,0.023064033872176613,0.024964487894164437,0.025502257432806534,0.028855224138002327,0.02281806914410334,0.028152138663183914,6,9,0.0026371273831761553,0.05135296859166133
YEL037C,0.5852552541761362,0.6289709273091937,0.599479153013768,0.39450469458436555,0.5469456663498482,0.3140293935417261,0.11246678309992808,0.10637456500847893,0.11052140306995167,0.13589053762222877,0.11754630210456461,0.144639389513662,7,9,0.031032787766795054,0.17616125501027477
YKL098W,0.7473166810901042,0.7031000909184573,0.7010422952795808,0.6046369782345571,0.6979941635758402,0.575925201231717,0.0259335578302047,0.02811116522960242,0.02820841542018505,0.03243932727197231,0.02835185528911225,0.03359657827441795,8,10,0.0027083249394811767,0.052041569341067885
YNL038W,0.7193673619695726,0.6502838172506562,0.690105765625364,0.48465175514118386,0.6314616286900689,0.4750760321513612,0.023088002971295502,0.02577360360869616,0.02426185642433777,0.03128727078289657,0.02645809895195433,0.03157660843807526,8,9,0.0019328034777932597,0.043963660877971246
YOR271C,0.5634370873557842,0.5327470250058728,0.5266056636089081,0.421088397575644,0.6541573704105601,0.6671017103146799,0.047608702321785504,0.04925371152804928,0.04957633910514458,0.054823789549501394,0.042374265871755995,0.04157370277528779,7,9,0.0052829802558498375,0.07268411281600566
YHR091C,0.77999496376096,0.7288760189972403,0.7823848444301407,0.6075861788802734,0.7345109302463877,0.506021990410611,0.023160642063411743,0.02571095746627635,0.023034503336026288,0.030931888150717235,0.02544237247711434,0.03470468377049255,7,10,0.002480971097629206,0.04980934749250592
YDR129C,0.8963323199393066,0.7042121236315538,0.8614909271445456,0.6920386879485401,0.9247221872748024,0.84675573174336,0.06642315184180814,0.11219873856698796,0.07677801869475112,0.11448428343233248,0.056601935932258075,0.08075880972956538,5,8,0.04330606436396989,0.208101091693364
YBR018C,0.29397307218861224,0.6399120185246652,0.4968572356380846,0.6772477044038778,0.6491646918593956,0.6841054340809714,0.4396182047249666,0.3139564060117495,0.3711168313831253,0.29723483475432055,0.309896508289009,0.29406010861186466,6,6,0.2785372024512098,0.5277662384533609
YAL048C,0.8225794321476658,0.7904098190924805,0.7961201990781184,0.6387215868200959,0.7806076099779111,0.6412395763000243,0.02544508667328974,0.027655875939148866,0.027276525731937406,0.036309724895664086,0.028295197635837342,0.03618297034250697,7,10,0.003713274387797619,0.06093664240666382
YNR052C,0.6380919926842195,0.3835714654833037,0.6480393980703987,0.4737355761916464,-0.08693961373406434,0.3839590750745945,0.017231188134844214,0.022488344994090824,0.016992729888131896,0.020778688582722717,0.029861996254157506,0.02248127355886568,7,8,0.0008348056778175778,0.028893003959740458
YPR030W,0.802445661580848,0.7828338994849743,0.785059581051589,0.7085752875878766,0.6242921665335931,0.6127227543894691,0.03686583571093433,0.03865243105436786,0.03845385135011471,0.04477586514424286,0.050840044578231144,0.05161688453044052,6,9,0.007000269066132566,0.08366761061565321
YMR263W,0.7655264994732934,0.7565596481875625,0.7583345750048276,0.6541439168534713,0.6839756533696977,0.6071141326723799,0.02530901442048089,0.025788413971223036,0.025694230150015727,0.030738032045934293,0.029382491603561104,0.03276133216993543,8,10,0.0027797762318361088,0.05272358326058756
YOL032W,0.664042574340364,0.4804424574108025,0.6251648779946253,0.6377721253806233,0.6168147624935549,0.447391212900934,0.03565416838282289,0.04433891033992683,0.03766069475818578,0.03702193573792644,0.03807786356413377,0.045727460368701164,8,9,0.003850255195091072,0.062050424616525164
YOL027C,0.8290628044145517,0.7626442880732356,0.7200610297721023,0.5619600014855869,0.8102473105904835,0.6491570229359576,0.024424318405852782,0.028780876066957697,0.03125617616810313,0.039098585879480896,0.025733457175482116,0.0349913388120836,7,9,0.003551088282078659,0.0595910083995787
YOR039W,0.539709931760133,0.49761133324524687,0.5138604357374263,0.42564875540614566,0.5194849211024244,0.4671512458832435,0.051524269791327154,0.05382895643903115,0.05295128785123102,0.0575552343767937,0.05264408163164493,0.05543678308656159,7,9,0.005868744802350554,0.07660773330643945
YKL116C,0.7293648765457417,0.6983478769760503,0.7120367239070555,0.5986640801669552,0.7645581924142077,0.6128973308165053,0.02503450851119828,0.02643018378125636,0.025823526076721844,0.03048603932042733,0.023350101974918026,0.029940570605158888,7,10,0.002356389710448975,0.04854265866687747
YOR116C,0.7905952328373138,0.5904037684984753,0.6942754897224033,0.6089294836458128,0.532833961337011,0.42040387808119817,0.02619574939745564,0.03663663021610449,0.031652110552357074,0.03579852083505599,0.039126696059929494,0.04358130999453607,8,7,0.0033344808512161582,0.057744963860203065
YDR023W,0.8493844418174896,0.7445568542412618,0.7803485438568275,0.6505784287030256,0.8244193458627468,0.7996455128642999,0.08527458122306097,0.11105338593730449,0.10297972336082874,0.12988515998882494,0.09207103152321569,0.09835223062384361,6,9,0.049127254363314034,0.22164668813973745
YOR267C,0.25583165531743235,0.1962191926383322,0.20993512612933773,0.25049583730235103,0.24572149172182378,0.2852303593320564,0.09285711000741222,0.09650468175428263,0.0956777477992886,0.09318941630913509,0.09348575368421069,0.09100444718895004,7,9,0.011789958373426472,0.10858157474188
YDL140C,0.9401816353307699,0.8245556920747102,0.9246563465449346,0.7164933785402932,0.9221843309469775,0.7717808662951834,0.037884698856129516,0.06488080246620986,0.04251771428514011,0.08247611104455131,0.04320958540937403,0.07399844569535038,6,8,0.024414412650768533,0.1562511204784418
YER165W,0.5368474358336999,-0.11781350600451734,0.531876086412877,0.3912227441805879,0.5493012057538332,0.4208545642739788,0.1969016872405337,0.3058947881706482,0.19795561033919706,0.22574420500808598,0.1942363906536075,0.2201816998280552,9,9,0.08517809841446765,0.2918528711773582
YGL216W,0.7544632940030354,0.8913933719305542,0.7071012930484292,0.6348181933176374,0.8428527379682546,0.732883995628904,0.03044175004206672,0.020246015646573554,0.03324835249322453,0.03712495786759405,0.0243536921758328,0.03175128877581033,6,10,0.0038403954271788968,0.061970924046514726
YDL167C,0.6848556539498198,0.4918549214795025,0.6630399527551751,0.33525693624780195,0.506272400943456,0.485933458953521,0.029225079383960028,0.03711032872778912,0.03021969972781124,0.04244512791540088,0.03658007923752845,0.03732592752910821,7,7,0.002757750785587936,0.052514291250934125
YLR212C,0.7628393795059234,0.6666851474114268,0.7442140839533824,0.5327301828101774,0.7578771450272445,0.624947012256357,0.023936105436445053,0.028376546099109695,0.024858247869864885,0.033598204163768325,0.024185222844099512,0.030100833049626373,7,10,0.002458201834194846,0.04958025649585575
YGR222W,0.6245825302483734,0.5720718188708542,0.6051149432904106,0.5181333488870669,0.6313700071872891,0.5273522389501288,0.030741755276433837,0.03282138214596862,0.03152875135400201,0.03482850694933095,0.03046258512069704,0.034493735140419785,7,10,0.002561509562865013,0.0506113580420938
YGL222C,0.7324414359573241,0.7260980983277474,0.7013640582219376,0.646841164112606,0.6628940932110727,0.4936124518141326,0.03119224608911858,0.03155983645880924,0.03295400914714957,0.03583622532304957,0.03501228068573113,0.04291199734699935,8,9,0.003700220274862684,0.06082943592425204
YDR404C,0.5916440585803742,0.32352044627307386,0.5485194090585843,0.13112802314707717,0.47676400406567343,0.3258501529618284,0.03851857287664453,0.04957675374447289,0.04050142382158823,0.056186068438034045,0.04360131176533166,0.04949131220609429,6,9,0.0036970441348229697,0.06080332338633283
YKL144C,0.5014069558229999,0.5473758399561175,0.5001752985253856,0.3629522439827081,0.4842315748035706,0.4655134926416231,0.03383882763069775,0.03224119025972576,0.03388059729875501,0.038249714301155535,0.034416727739897755,0.03503568182354582,7,9,0.002336886065102185,0.04834134943402165
YBR084C-A,0.8594408449129385,0.8914758278988963,0.8611408910838078,0.7519859868275502,0.742453065189496,0.624329089054294,0.47578665109367463,0.41806703547441737,0.4729006066333865,0.6320054073274904,0.6440370868107335,0.77783318576924,6,10,1.6387718911489255,1.2801452617374818
YBR290W,0.4341029113508357,0.4845172555988425,0.40505382111619903,0.4907628533893703,0.47329883523343963,0.4304224498804635,0.05417206155559523,0.0517027566925638,0.05554506422160182,0.05138858642506863,0.052262330597911265,0.05434793722454771,6,9,0.005276748614850909,0.072641232195296
YGL120C,0.7520192338441221,0.49579260356637245,0.7410556084900696,0.49889923586230256,0.6149489250380197,0.3511247142796632,0.029461963841247815,0.04201044671093976,0.030106200386544855,0.041880824787133605,0.03671232281718994,0.047657725337444695,9,8,0.0035617097469091818,0.059680061552491566
YDR347W,0.6891450231884552,0.5541509859842224,0.6813917242486209,0.3670468098913213,0.6138919051239501,0.30030628890588973,0.027089787432312856,0.032442968888674456,0.02742554148388624,0.03865560558093459,0.030191253048873417,0.04064252392271772,7,9,0.00240218531382105,0.04901209354660389
YDL178W,0.6372822038475061,0.5856534063536727,0.5734951450725374,0.4951127622191185,0.5924155677761272,0.4320843505446237,0.03065804301681417,0.032767392525319926,0.033244666973460464,0.03617072333065225,0.03249890969306857,0.03836205956642627,8,8,0.0026367753641059082,0.05134954103111252
YMR012W,0.8968416536811223,0.8642939760700159,0.8542268031934542,0.7026903453006079,0.8647623385448133,0.7887325824173663,0.055228148097991106,0.06334434621623201,0.06565187500558044,0.09375896428785033,0.06323494150237377,0.07903592799075031,6,8,0.030086365548810518,0.17345421744313547
YPL061W,0.8208168577300009,0.823605691171757,0.8305610718183088,0.8340880393395325,0.9044255918689793,0.7553282994112119,0.3157413980816282,0.31327463882566575,0.3070361779581673,0.30382380700563394,0.23059705794395588,0.3689562093829404,6,8,0.566133748377804,0.7524185991705707
YER129W,0.7761916015397357,0.8417331579156762,0.7846050967026583,0.6529594579913174,0.7720002590984444,0.5933655920566738,0.02194536833151089,0.01845438824781492,0.021528927541139095,0.02732717834775532,0.022149904670725085,0.029580584202119266,7,9,0.0021895885194421305,0.04679303921997513
YBL091C-A,0.8211193734379127,0.7291758587666255,0.806060148066494,0.7104341809313018,0.8410465234493122,0.7494540922006453,0.028367975400866125,0.034905219653903356,0.029537940940633108,0.036092780117581,0.026741249956640657,0.03357301502583296,6,9,0.004577691420702561,0.06765863892144566
YBR192W,0.7402081877519796,0.7313190032979129,0.73635097731285,0.6835752158349662,0.7398598358598838,0.6013539572354392,0.022026956774745293,0.022400630642796567,0.02218987484352254,0.02430955540118061,0.022041719675705052,0.027285725044892982,7,9,0.0019003634873692638,0.04359315872208922
YEL040W,0.9249562028494596,0.8330203574940244,0.9287315793467185,0.7567032347734519,0.9023043898634963,0.5446067886698198,0.15774297795556727,0.23530133893258923,0.15372383213963695,0.28402776892077697,0.1799824501750725,0.3885848916881119,5,10,0.33739481786338477,0.580856968507209
YGL089C,0.5769303667789641,-0.5982192534811681,0.7095100133812695,-0.6537546604386952,-0.23143635194991985,-1.0600924296976273,0.04214839946640842,0.08192064057681518,0.034925348128866524,0.08333178813506407,0.07190865164260375,0.09300761622195546,8,6,0.004272710410687851,0.0653659728810629
YPL022W,0.8511061885208452,0.7712912295256278,0.8009599697723571,0.5320850112135287,0.8461480905521822,0.7363833602598349,0.02771653046521421,0.03435120297122113,0.03204577325615711,0.049134214741813405,0.02817422550096056,0.036879663596509286,6,9,0.005249938547344423,0.0724564596660948
YMR258C,0.8004549017850051,0.6563950158973546,0.7677132766687943,0.685220314146811,0.7402113556692148,0.6715206225644412,0.02824871845160857,0.03706875035903204,0.030478277020839138,0.03547983300118455,0.03223207760295971,0.03624367877627238,6,9,0.004069205045050493,0.06379032093547181
YOR276W,0.8984982484336665,0.8772651422514282,0.8674383844304071,0.7982428357270461,0.8765586315549511,0.8387861749724339,0.07720052777349909,0.08489213632027626,0.08822514791550222,0.10884236844377435,0.08513612216842574,0.09729368266051462,5,10,0.059747555298665905,0.2444331305258473
YKR046C,0.7704129866010712,0.6596802965099989,0.6245691990515934,-0.016204569410420033,0.8604723118563071,0.5799549720581803,1.991656998682174,2.4248475210960363,2.546864485351812,4.190168224947031,1.5526411302766903,2.693945538356252,5,8,17.580649386985066,4.192928497719114
YML086C,0.39675563123744495,0.20723371807435498,0.3354739114193611,0.26619607480135365,0.485841430215628,0.13681185431865017,0.029812476110564756,0.034176217532488354,0.03129013435188157,0.032880728064836356,0.027523264867796597,0.03566187257375694,9,10,0.0014991875195586714,0.03871934296393305
YDR524C,0.6632381174458085,0.7225870242223282,0.6234880526825342,0.636572084617787,0.6171952335915161,0.3962373549329188,0.028230307885128876,0.02562226601816123,0.029849944718218974,0.02932670643543684,0.030098359050025208,0.03779960574974437,8,9,0.002408027479404617,0.04907165657897252
YJR007W,0.6332525020867383,0.31837229951084023,0.5100299672155364,0.2741232998127697,0.6688946148150319,0.5531625705753374,0.075102808695688,0.10238732930374075,0.08680752191927439,0.10565839940893924,0.0713601446000778,0.0828986334835431,6,9,0.015649423245679726,0.12509765483685026
YGL205W,0.6726197435766946,0.7258388782127053,0.5865347458880263,0.5362271066292542,0.61938401046969,0.5770179007378796,0.09791528061960138,0.08960395202856208,0.11003826653853395,0.11654050920452699,0.10557661781064623,0.1112974527458562,6,9,0.029798993756135494,0.17262385048461726
YOL022C,0.5555817783679247,0.724089876316544,0.5501463109704137,0.6606609477499543,0.5913042514398326,0.4348809382676361,0.03372594851890341,0.026573702099326933,0.03393156473003996,0.029470341295283867,0.03234210659536238,0.03803104180218515,9,9,0.0026042916962596093,0.05103226132810116
YKL129C,0.737491739023867,0.6253191913542085,0.7147211797720221,0.6072776545794563,0.7111543999372978,0.5594316159897545,0.03368222882900248,0.04024019336774084,0.03511268977428896,0.04119762128327484,0.03533151114022451,0.043635102315564216,7,9,0.0043975603376135,0.06631410361011826
YBR250W,0.07518345481320854,-0.02877740602045864,0.03989879027496879,-0.06355930110272401,0.1939458621662209,-0.134343088531645,0.29517608966668046,0.3113250658433688,0.3007543296944874,0.3165441084066927,0.2755722521905141,0.3269080344383817,7,7,0.09586496044518492,0.30962067186346737
YLR441C,0.9353580484173906,0.7933994922019242,0.8627332694084553,0.6889794745784348,0.8908304898560817,0.7399080325077403,0.3876616105582832,0.6930447185048717,0.5649086318364666,0.850335070813306,0.5037861766073761,0.777604984700194,6,8,2.365616113483307,1.5380559526503927
YHR201C,0.7181659352602895,0.4859994366822391,0.668353944396638,0.36167930719267716,0.568629951309717,0.4241736804330051,0.02211721149504935,0.0298686384713089,0.023992253802028973,0.03328534712454461,0.027362679430679715,0.031613995307535635,7,8,0.001766120759470128,0.04202523955279884
YDR045C,0.8385063103232016,0.3167149722413236,0.8518637288597029,0.29514540952926305,0.8088688191106473,0.04213387407003,0.028721040869692016,0.05907766865680348,0.027507625350241892,0.06000288921239057,0.031245549585552753,0.0699479198932419,7,9,0.00519754108265569,0.07209397396908905
YBR143C,0.8259530957555994,0.7174544628287952,0.850022435003285,0.6711737010758636,0.7785709384672899,0.6232945280219471,0.09686213634287129,0.12341419589519965,0.08991539180154344,0.1331386546355095,0.10925421517591723,0.14250229421079388,7,7,0.05485230999694587,0.23420570018030276
YCR088W,0.7570383269842162,0.8038593657914461,0.771939017713933,0.6766031186175292,0.7956900255394584,0.8312244121256105,0.06267159287283691,0.05631001406845559,0.060719382116072834,0.07230523833744552,0.05747071932814267,0.052234406309021084,7,7,0.01644965653260259,0.12825621440149632
YDL219W,0.6749461266991184,0.7357424561720209,0.63931958168616,0.49607657241277725,0.6256652743910378,0.5535607513098397,0.025619926218077838,0.02310010207889522,0.026987427233192134,0.0318993972261305,0.027493514569300586,0.03002488732515249,8,10,0.0020547242280205893,0.04532906603957983
YER024W,0.5972496233336619,0.6678726703319842,0.7438642779539557,0.5365653495355212,0.5175415043195619,0.596968266954907,0.355887045791511,0.32318151263338313,0.2838110355358323,0.38175826973662863,0.38951499538746615,0.35601133320969036,6,8,0.31999378451860844,0.5656799311612605
YMR281W,0.6242816469131636,0.6383122970002821,0.7122831286343092,0.5779339459115297,0.608625228541001,0.552511862323252,0.0336409849236224,0.03300687200746416,0.029438803989217104,0.03565559675178699,0.0343347516874492,0.03671370897378127,7,9,0.0030649834417114663,0.05536229259804426
YPL024W,0.7894470310909687,0.801454734865326,0.7279328845084625,0.8195991922332224,0.7621502257647723,0.8704385947196153,0.03750414504412964,0.03641902812689237,0.04263208870697343,0.03471505228719658,0.03986116216782236,0.02941957603105514,6,8,0.006797517080122083,0.08244705622471965
YBR296C,0.336849840024953,0.4179641400388344,0.34485161234727046,0.3098554007795199,0.2657563249046474,0.0025663680915196663,0.7398843589928531,0.6931588597104046,0.7354069763364369,0.7547931567386318,0.778534771671812,0.9074023738514627,8,8,0.8399800127818552,0.9165042350048663
YGL112C,0.7274645375657578,0.7840812282633836,0.6745495362509848,0.5925686361297119,0.6840366639329956,0.6536497413326124,0.019457733554470766,0.017319124817308375,0.02126293389440671,0.023790741079805416,0.02095072647679426,0.021935043488880222,6,10,0.0014135612168109633,0.037597356513602964
YBR002C,0.7186221088230849,0.6139926291456417,0.6849671541250121,0.5142079547834599,0.6645190657163931,0.44080817192146216,0.02385162429034432,0.027936421417219505,0.02523776503612505,0.03133994096316817,0.02604395261033074,0.03362431012114405,7,9,0.0020573069202152604,0.04535754535041838
YJL091C,0.8028424737587279,0.7223782844586734,0.8032901063883158,0.46091777735878714,0.7008120851602877,0.5440797773574824,0.05364822321161213,0.06366128192957435,0.053587286299610036,0.08871073305040175,0.06608770740123715,0.08158176386255726,7,8,0.014854240925467542,0.1218779755553379
YOL047C,-0.0899043340932677,-0.055538961414776766,-0.024067136423897573,-0.013695162123234406,0.05014138366907084,-0.04880563628505552,2.6553569722229993,2.6131591349041297,2.5739075184503033,2.560839798973546,2.478895431732022,2.604811077289631,6,7,6.5827988638853,2.5656965650453096
YER008C,0.8803196666386974,0.8594002789118124,0.8618917489118947,0.5506554629757451,0.8027809638592118,0.8071428882840336,0.022968718580505126,0.024895313589066152,0.024673751384135433,0.044505645527853306,0.029484908715686514,0.029157024431268354,7,9,0.004485427909672055,0.06697333730427396
YJL172W,0.8448282886344274,0.7796264249658863,0.6825184083392491,0.4481861804518019,0.8426287988046461,0.7622396653722877,0.1205834736836695,0.14370149096469073,0.17248081279018154,0.2273933720528318,0.12143507502548444,0.14926267387321535,7,7,0.0953490058098853,0.30878634330210475
YGL119W,0.656365968808767,0.6419318604677504,0.6974196146966067,0.5220280897191834,0.5089616298554189,0.565139301013146,0.026641914872138607,0.02719569692870418,0.02499986932617857,0.031420894180378654,0.03184747956610277,0.029970392639933906,7,9,0.002101782848029556,0.045845205289425366
YNL323W,0.7671200961602453,0.8114759053912395,0.7336993746939455,0.5382331929509556,0.7236563601135576,0.6197027705789426,0.017299063121648053,0.015564673276251564,0.018498762212828042,0.02435947547690242,0.018844356584176963,0.022106406796180655,7,11,0.0013075740453950256,0.036160393324672586
YHR074W,0.8284156397038586,0.6938906367709345,0.703986924998133,0.4098856519940999,0.8629454640851542,0.7330144892445409,0.02977643305862034,0.03977151448539833,0.03911013088249692,0.05522070019992359,0.02661218468987476,0.03714305903508626,7,9,0.005258002425625473,0.07251208468679875
YJR074W,0.4879015660900856,0.4804242927590442,0.44714009778806696,0.15162592733083713,0.5533952727827212,0.3319218967001675,0.058932211435957345,0.059360894032260525,0.0612327213064027,0.07585246665721987,0.05503483545324873,0.0673115565193707,7,9,0.006900890986109641,0.0830716015622044
YLL012W,-0.11280770834999543,-0.05619167581836093,-0.1054477735545063,-0.02243305998865064,-0.055503141536829226,-0.03811281884602846,0.5192670365665187,0.5058853020872162,0.5175470126871902,0.4977349456908608,0.5057203811892919,0.5015369891095469,7,9,0.24655540118228322,0.4965434534683578
YAL034C,0.8248351036617206,0.7027594843256579,0.8047195080404507,0.6476531037361379,0.8351597374747264,0.6855440614417923,0.0513704413258562,0.06691812465987462,0.05423993854974501,0.07285762057567416,0.04983350194009744,0.06882871459783653,7,9,0.015329664673601915,0.12381302303716647
YOR253W,0.6813207254998017,0.46560872906648765,0.6308221979110948,0.46496770089394945,0.5554121525459237,0.5160099638419794,0.026933853985678536,0.03487797557806207,0.028989410324992887,0.03489888821770987,0.031812689389740856,0.033192487622415494,7,9,0.002316308073307168,0.048128038328059536
YNL262W,0.8130059676798611,0.7329961066138044,0.6958665204999286,0.5169228594293842,0.8594096419323473,0.680454737364145,0.02278931407073415,0.027231789250158855,0.029063605878266775,0.03662904735766244,0.019760373484294942,0.029790896450894923,7,10,0.0028261024296739098,0.05316109883809692
YLR438C-A,0.7173169611590113,0.6415472019773345,0.694075686739037,0.6778850981634927,0.7106657412055493,0.6770413355248647,0.11817884372891276,0.13307787218498726,0.1229410329471603,0.12615232796958278,0.11956106932869127,0.12631744452655838,7,9,0.05027277512671262,0.224215911849968
YDR460W,0.8037873039591743,0.7775273436225913,0.7990682700894175,0.761364130923815,0.8535701860911389,0.645785328070218,0.022351096470682678,0.02379981606457844,0.022618278230798317,0.0246492177689864,0.01930856665259051,0.030030914223143766,8,9,0.002590739214207204,0.050899304653474434
YKR027W,0.7661391736344727,0.7880088860954397,0.7582850398301202,0.6930359449928265,0.759179927241813,0.6322017351530727,0.02614747303237508,0.024894867102441525,0.02658292396216905,0.029956753471100807,0.026533670116312823,0.03279108763047177,7,10,0.0029747817292184284,0.05454155965150271
YGR047C,0.7810422812769695,0.7543425359625271,0.7194943712373245,0.6072429370818735,0.7257655164921495,0.5750793551440413,0.02268687241611122,0.02403031595575621,0.025678242098637203,0.03038480830378126,0.02538958083119513,0.0316044629527436,7,10,0.0023918951363572044,0.048907004982489004
YKL213C,0.6822821213756004,0.48048147009026176,0.6861800726410033,0.6368652654324487,0.7060171540217666,0.6372266102573272,0.04708089599617209,0.06020387057121637,0.04679119653294678,0.05033357621672174,0.045288181999585925,0.05030852724407262,7,9,0.007099061235631132,0.084255927005945
YPL181W,0.7745924062726284,0.6316684712843887,0.7577123120236737,0.6641985569043485,0.7846189942952195,0.6888606474918721,0.03873443587869522,0.04951450157482811,0.04015860671961744,0.0472774716661108,0.03786314321976257,0.04550828148990461,6,10,0.006772968655828068,0.08229804770362459
YDR200C,0.8110930419493187,0.8552196340773728,0.8104074984841271,0.7553833485266588,0.8073420484713134,0.7580922847288833,0.02778382010038146,0.02432331789593434,0.027834188195289624,0.03161629603331304,0.028058306180056353,0.031440745907428326,5,11,0.00415804418249682,0.06448289837233451
YGR052W,0.8822874930087643,0.8499789546486081,0.8654262622648334,0.8362349196787926,0.7953359092972649,0.7774912681678909,0.02583667468357075,0.02916764771583828,0.027625202473955297,0.03047445612835149,0.034067960690737774,0.03552211709741084,8,9,0.005770371344898851,0.0759629603484412
YPL128C,0.6582132974587214,0.7895609293617762,0.6273599429533068,0.6648902790795721,0.6604194434246629,0.4524038414956667,0.026045131107381637,0.02043676515909457,0.02719529259102715,0.0257894737341301,0.02596093768742847,0.03296697989650721,7,8,0.0020195335463997002,0.044939220580687646
YJL145W,0.6969878775864573,0.7155985605636219,0.6722650647128583,0.652753850035166,0.7085786923765443,0.3665079800106116,0.029203713851716558,0.028292672848093108,0.03037172449612906,0.03126272298144062,0.028639717776673315,0.042225874925766335,7,10,0.002863975532143554,0.053516124038868455
YPL171C,0.5892594192232408,0.5267985527769692,0.5356079837972929,0.20543101896039295,0.5576851772133062,0.5453663120652419,0.048925589615036055,0.052514023457690434,0.052022909100577115,0.06804842301278363,0.05077126783684848,0.05147342519156793,8,8,0.005930040526028912,0.07700675636610668
YMR039C,0.6441729821152029,0.5502967895871715,0.6107461476300116,0.5004296697263376,0.7007932031192137,0.5310139298082712,0.06803748471135497,0.07648773196178574,0.07116152540682336,0.08061708823175923,0.06238993263764102,0.07811038187429507,7,8,0.01323764458000601,0.11505496330018106
YKL171W,0.7178270141520431,0.776536371989953,0.6690640604521592,0.595853567963825,0.5798792046122392,0.6660746410577003,0.043759034429829834,0.03894156815172826,0.04738948407243945,0.05236961583751637,0.05339457119607228,0.047603042853972495,6,9,0.006905150761720298,0.08309723678751477
YDL210W,0.7618580372629308,0.7491852401734291,0.733606147706581,0.6646921442893878,0.7183229223473002,0.6209068806468445,0.03672637106597283,0.03769090786639529,0.0388438396402348,0.043579467335502074,0.039942551758866046,0.046337543253099675,6,9,0.005763326781029509,0.07591657777474897
YLR223C,0.675472654665327,0.1530896427843198,0.5986195339655508,0.27732018474606335,0.4423156603660423,0.04930785821033956,0.025651517433147124,0.04143870116415514,0.028527619221164233,0.038278981602360915,0.0336264977457706,0.04390433107675184,7,6,0.0020631365029125785,0.04542176243732269
YOR101W,0.6081743127134196,0.6094000695205033,0.666847026473282,0.48636245761311137,0.654082177192993,0.3636231985840356,0.0322843702581433,0.03223383275448093,0.02976923773632485,0.036963598738597565,0.030334185402037365,0.041143670865183286,8,9,0.002706729602699213,0.05202623955946858
YGL107C,0.7019511995138981,0.6624100975641768,0.7189746459869558,0.5188157249313825,0.7107184978096701,0.48240442401911277,0.023560006362230927,0.025074162625174104,0.02287728412879853,0.029935562794818453,0.023210903513399907,0.031047525471814566,6,10,0.0018950320801827127,0.04353196618787983
YDL024C,0.4652501576039002,0.6833485738009071,0.42991861711802337,0.4351386007709508,0.5056232966828289,0.41080813390598503,0.06472203424502664,0.04980438142586943,0.06682596755937455,0.06651931602916808,0.062230863166336525,0.06793681736586009,7,9,0.007970889534578451,0.08927983834314694
YDL227C,0.7719752377730468,0.7102102064960467,0.7945397896678142,0.6762929755135549,0.7829312859883466,-0.47905300314690136,0.031990362911846204,0.03606365202028273,0.03036631028350276,0.038115728346155675,0.03121237225054108,0.08147418596012523,8,10,0.004566773373126178,0.06757790595398896
YIL035C,0.7071597331122608,0.6301616815870454,0.6977248323738979,0.6008979391114455,0.5864647361432038,0.465533576304601,0.03416174988033824,0.038391109600669354,0.03470770895412466,0.03988106035880865,0.040595788984997695,0.04615140481606553,8,9,0.0040551092683792315,0.06367973985797391
YBR243C,0.6758496921443081,0.5920224134709462,0.6169875103097733,0.47535314590804145,0.6650603247666866,0.5418175167960687,0.026661039993979098,0.029910386115370953,0.02898079769563571,0.03391855980798386,0.02710111534496812,0.031697361142163726,8,10,0.0022313149344385668,0.04723679640321268
YOR079C,0.6990477216369705,0.7304406995439471,0.673819858045561,0.5566910339171979,0.6874234393129545,0.5618257192089791,0.02614840275687638,0.024747054128164445,0.027222318230872962,0.03173581132305876,0.02664860945013985,0.03155148388312914,7,10,0.0023117764417308266,0.04808093636495474
YOR230W,0.7501000934586342,0.7534594462400444,0.7664092907966553,0.7375378760137139,0.7799862166971151,0.7346988360820785,0.19834009670848315,0.19700246365888288,0.1917587793079291,0.2032641523864265,0.18610259046563996,0.20436054464293138,7,8,0.16017992482020144,0.4002248428323777
YER069W,0.25541166130719806,-0.9012161713645626,0.20264608018231012,-0.28233114577992247,-0.010842298432156117,-0.7549231391723219,0.0685640098202221,0.10956045902362377,0.07095183960211554,0.08997838392593968,0.07988767770089741,0.10526091562620077,7,8,0.0064243519399056195,0.08015205511966378
YPR134W,0.773573493692347,0.553954323280185,0.6437807827421538,0.44666788174208705,0.6118986397612286,0.7319376733552831,0.029312786795633795,0.04114178625843832,0.03676648813967024,0.04582330571988983,0.038376561416053515,0.03189417462944585,6,9,0.003861358198055616,0.06213982779229128
YOL103W,0.06125372785053118,0.13065471727,0.15748834223486396,0.19050336566931392,0.11029512357901883,0.03129154970334713,0.07154181347041592,0.06884651843016913,0.06777566560737047,0.06643445179456656,0.06964802687363443,0.07267455413849853,8,8,0.005547851167851821,0.07448389871543931
YOL016C,0.8437482745052044,0.8978829454939135,0.7458663967835437,0.871311695594495,0.8667674119926698,0.7877451287164915,0.1019357865730037,0.08240686775844107,0.13000058735990547,0.09250896174746993,0.09412814487250915,0.11880729295846099,7,7,0.06766774013169387,0.26013023686548603
YBR282W,0.36178406401087704,0.5381488744003724,0.305371173240791,0.34636143631903693,0.43867475147672375,0.38639560304600984,0.0438044264714867,0.03726363177200507,0.04569940836430007,0.04433053881325516,0.041081043359704396,0.042951507180421365,7,9,0.0030592959430049867,0.05531090256906848
YCR075C,0.645115200463498,0.5649466275594406,0.5597812030105198,0.5095652003836677,0.5519615298430035,0.5838902701369717,0.031973768204293436,0.03540147791192352,0.03561102010187292,0.03758726817472922,0.03592590987037592,0.034622151998472545,6,9,0.0029312535381875197,0.05414105224492335
YDR076W,0.7845243053816321,0.7659602888800535,0.7831178573423012,0.6871520673486796,0.7802375329728631,0.6239159723110642,0.028768235206475267,0.029981879393059747,0.028861970183402256,0.03466416321074505,0.029052990160113937,0.0380063812703946,6,9,0.003908240583124609,0.06251592263675398
YIL065C,0.5818955833665176,0.9226242874313751,0.5156466234580821,0.6333200317088497,0.6571285737628694,0.6522874414627944,0.08861678813009534,0.03812202469606539,0.0953794455285653,0.0829883672456558,0.08024893445751317,0.08081348131948479,7,8,0.01911174723945192,0.13824524309882028
YIL039W,0.3990652384386062,-0.15615094839105348,0.384544528925163,0.05245702078991643,0.10317918066212017,-0.011588088453653445,0.02485796889589958,0.034479364032328166,0.02515650447065735,0.031214144452561234,0.03036720474913888,0.0322517905142339,8,9,0.001046302086932188,0.03234659312713146
YLL039C,0.7155892861126918,0.6547497117541377,0.752629598596479,0.534601625227132,0.6727165344791396,0.4887166311194373,0.5499716067473085,0.6059465505881766,0.5129099918672186,0.7035253060977953,0.5899691807101255,0.7373914975731626,7,9,1.0821506462945853,1.0402647001098255
YPL254W,0.776501741620826,0.7925108806506242,0.7141989446675613,0.487039763808782,0.6945251047122415,0.6278615770599296,0.02194879742356641,0.021148098391518554,0.024820216913272377,0.033251826738790576,0.025660281766108017,0.028322130203288273,8,10,0.002193312203705161,0.0468328111872986
YGL212W,0.6198253007178922,0.653515084098257,0.6267471960590534,0.5254625831374777,0.5787555272664144,0.62209962715048,0.051026654922705715,0.04871331216704551,0.05055999621788811,0.05700864573344978,0.053712157952244766,0.05087379709797282,6,9,0.006968898265188497,0.08347992731901782
YLR067C,0.818274937089929,0.79746043314407,0.7394394701001954,0.7152306902820509,0.7792645533298437,0.5672987192043861,0.024477491910397185,0.025841304894396955,0.029309864869078158,0.030641222822686037,0.026977117380913802,0.037770574632277634,7,10,0.0033548425409439912,0.057921002589250745
YGL192W,0.8394558959906301,0.4393624825492938,0.7333170670321508,0.4217088529979911,0.9282953503596586,0.48113528217528945,0.3654877222704086,0.6829936887636965,0.4710567414036414,0.6936635655781493,0.24425826679243381,0.6570564488481802,5,9,0.8466508758560021,0.9201363354720876
YKR022C,0.7569044386344959,0.7050041227229322,0.7461315699533695,0.5666832824584015,0.6998757211090114,0.5406478284039073,0.02479142921994245,0.027309957426378966,0.025334795234113798,0.03309906853607007,0.0275463216717632,0.034078928926384755,7,10,0.002572641301632602,0.05072121155525173
YML106W,0.9175409896413613,0.8781505271873603,0.8829958168157482,0.7747281918994091,0.9407691902324756,0.9537460199727837,0.0700536389714492,0.08515761074272575,0.08344730883046908,0.11578840276924873,0.059372519085174276,0.05246699547109558,6,10,0.06055868265969289,0.2460867380817034
YOL010W,0.7569694698199223,0.6854110315819579,0.72462804356688,0.5893086687194133,0.7356835600543958,0.5677391893346595,0.026806418317758197,0.030498615025453972,0.028534366062276256,0.03484705985950454,0.027955705804600953,0.035750432912962024,8,9,0.003008637640845739,0.05485104958745766
YGL019W,0.5503922494067275,0.6894659743622938,0.41632220738194725,0.4779029729997617,0.39571936818659015,0.31794598032286525,0.025449809415372015,0.021150577817649247,0.02899707719511935,0.027424786157519872,0.029504412895904206,0.03134563167791442,8,9,0.0014658462403626398,0.03828637147031094
YGR081C,0.6271970683304009,0.595557686624715,0.6467778127388755,0.5443188914993119,0.10100855048796742,0.44448401772286106,0.035794606420930034,0.03728260288100412,0.034841907207279046,0.039573862829139377,0.055584757152182376,0.04369444336481663,9,9,0.0034971076560188982,0.05913634801049942
YDR451C,0.7426108326503442,0.6861496325449347,0.7831296082652768,0.21777281434565454,0.7179324425399607,0.5043065965971525,0.028507542857045588,0.03147936579287293,0.02616765379895983,0.04969710678173768,0.029842913652197035,0.03956136093128879,7,9,0.003212790779489637,0.056681485332422586
YOR321W,0.7098219201675006,0.6099149077691288,0.7043859175386173,0.5716041269492569,0.6893827209058899,0.4851064677640854,0.03980491683324559,0.04615131672666246,0.040176026251665754,0.04836453969601064,0.0411829284297702,0.0530228585843306,8,9,0.0055559966735235534,0.0745385583005437
YDR252W,0.8046964344615689,0.7262704263501097,0.7738840591469148,0.7336004667542934,0.7375518884117798,0.6505744309557526,0.028218471382181667,0.03340713702769828,0.03036295166665694,0.03295680692722139,0.03271147474639179,0.03774467919526858,6,10,0.004148679962872155,0.06441024734366539
YIL128W,0.8187005842794028,0.7757111056677732,0.7773449753248967,0.5779798696677783,0.7978736655436243,0.6154077506774772,0.023494616014723375,0.026132083322492578,0.02603672759847347,0.03584567252577919,0.02480741999163589,0.03421924420338357,6,10,0.0030980857661352377,0.05566045064617459
YLL015W,0.7572512984408486,0.5845105875937615,0.7031762918628675,0.46991524961549846,0.7581273987562982,0.6772489101509304,0.04069985545948686,0.05324690751880446,0.04500530427383833,0.06014327377716501,0.04062634448583757,0.046929752931754436,6,9,0.0069435562178236715,0.08332800380318535
YLR421C,0.5460985366611042,0.5458246984552848,0.5883480125568016,0.636917873306861,0.6160188171244513,0.1833570875297541,0.14653130433759032,0.14657549875264436,0.13954514532216516,0.13105453665741063,0.13477352736434703,0.1965466847003443,8,9,0.048134047915128604,0.21939473082808666
YDL029W,0.8256028919332339,0.6346705201949427,0.76682636794202,0.641726459359696,0.8403461143003182,0.8041618356927167,0.03278642446064245,0.04745333903592876,0.03791090364182194,0.04699285007455501,0.03136997438344893,0.034743461278858176,6,8,0.006271941125962903,0.07919558779353117
YOR249C,0.26766016371220114,0.27674743424396286,0.4017575847552022,0.36466638214085845,0.27021236219857203,0.27171907493752856,0.0853443000651144,0.08481314799667354,0.0771359428259563,0.07949121034962536,0.08519545817133536,0.08510746585734133,7,8,0.010120209924226395,0.10059925409378737
YNL222W,0.684133384406403,0.6727119119042924,0.6729642451128302,0.6919464487604584,0.7282195898731986,0.7520487845527823,0.030863854981111227,0.03141690549971728,0.03140479223094867,0.030479751085794506,0.028629079265512884,0.027345220325113124,6,9,0.003068666909339348,0.0553955495445198
YOR264W,0.7636212091234778,0.7845237147936934,0.6817508286975695,0.6802852987929404,0.7100533266098488,0.1285787068718498,0.02682166431485864,0.025608327146114634,0.03112182885678118,0.0311934041935423,0.029705750878078245,0.05149861546736281,7,9,0.0030968208101516894,0.05564908633707915
YPL089C,0.6223815392138637,0.7083665435235438,0.6129252774809821,0.6449423539928907,0.5574657000993775,0.5293824525541745,0.03977868086292002,0.03495766697647979,0.04027366689880887,0.038572092792271306,0.0430623014619832,0.044407653562810075,6,9,0.004263837788191125,0.06529806879373329
YPR139C,0.5653614890226508,0.6407535715018955,0.44966488240557756,0.5209135757298746,0.6379391239555836,0.3193393086038123,0.026503993171347533,0.024095915886623725,0.029823651936980396,0.0278262153057482,0.02419011916813699,0.03316748521037207,7,9,0.0016445517933665673,0.0405530737844441
YHR109W,0.832770481671951,0.8166547428007057,0.764475548690596,0.6304055695651873,0.7796517147948188,0.6850646639334752,0.025389310666779078,0.026584547976682357,0.030130923348266746,0.03774480180756911,0.029144008025140673,0.0348421652421867,7,10,0.003922310932628028,0.06262835565962137
YKR100C,0.030938664622521705,-0.0074440901615377975,0.1067315087029147,0.1776690935550932,0.1289563397463297,-0.5654602557138253,0.11124372892492931,0.11342541630118883,0.10680483482674685,0.10247624696693686,0.10546779520423835,0.14139072721545015,6,7,0.012994301766409939,0.11399255136371823
YBR019C,0.18645923792806662,0.5684409462108859,0.36352536981721195,0.5997579786922437,0.5857709653975851,0.549016567570282,1.4645775772467582,1.0667013332885027,1.2954279720979351,1.0272687181211073,1.045064246844111,1.090443117355872,7,6,2.6828635279559316,1.63794490992705
YHR155W,0.7368654601320865,0.7724889778038884,0.7489224126628211,0.7471212389476846,0.7528454094844748,0.5402845911385683,0.026304474271228544,0.024459181390021102,0.02569476619913073,0.025786765713093282,0.025493240175961433,0.034768441782210086,8,10,0.0026756822139729288,0.051726996954906714
YHR200W,0.6201630280917914,0.6581578607324118,0.614595599966883,0.5706973986430941,0.6165418107853211,0.4789265518002528,0.115534154403521,0.10960353749321029,0.11637779029200639,0.12282691178624083,0.11608357676252298,0.13531976798006565,8,9,0.03575828512655354,0.1890986121751123
YNL321W,0.632154417220185,0.4314891892394195,0.6395183064405171,0.35932762238282356,0.7086775219280548,0.4212144346785074,0.04403204399181656,0.05474008120066406,0.04358907779660972,0.05811042790684522,0.03918529054532715,0.05523252772355721,7,9,0.005363215958472372,0.07323398090007378
YOR257W,0.6861197605517713,0.6552642720635851,0.673462460257231,0.6374554787167879,0.6286424610195441,0.5438237341426819,0.04253546063748017,0.04457715016830011,0.04338461130885297,0.04571406337069343,0.046266353869998264,0.051278521602672815,7,9,0.005865316380950929,0.07658535356679454
YDR014W,0.8483464144038158,0.8335069395520801,0.7857837260853225,0.7281486260202243,0.8156579195884665,0.7389234718173536,0.02456230890457036,0.025735992166032045,0.029192351381884727,0.03288581532420257,0.027080400917797186,0.03222751074175853,7,10,0.004047984424318146,0.06362377247788868
YDR300C,0.7444814258402621,0.647649282806009,0.7285274264950166,0.39719235608767667,0.6386159841696597,0.4461381974480293,0.025859215115729636,0.030366286219168103,0.026654287710847692,0.03971855834683171,0.030753076677517237,0.03807192258079667,9,10,0.0026629397497029907,0.05160367961398674
YLL027W,0.7076008336552809,0.6969380242648838,0.648555988251769,0.48133577086113744,0.5919003199936583,0.44909196995148815,0.17999322388342034,0.18324570987689662,0.197331385241525,0.23972384737640365,0.21264306222530965,0.24706296100429528,7,9,0.11274293053898038,0.335772140802331
YBR115C,0.7696093756823617,0.5658117042261738,0.7660707881729658,-0.05925274701185956,0.7937671301136794,0.4198884044746788,0.029174010743535716,0.0400500252139958,0.029397199963518215,0.06255521732378196,0.027602135303287204,0.046293446093323996,8,9,0.0037590717338476017,0.061311269223916755
YOL007C,0.6279475737169049,0.6141703307548009,0.5584642370864148,0.5054221763509683,0.521126359003476,0.4738102152663982,0.030242061226018205,0.03079690888183816,0.03294520851731804,0.03486796788797421,0.034309926209639685,0.03596503804629785,9,9,0.002501334501238867,0.05001334323197027
YOR136W,0.5619207385466974,0.3443582378010015,0.4780328349556727,0.028078678750575903,0.4801453853932235,0.49527304132038996,0.4198033195865416,0.5135737594056006,0.4582380132120865,0.6252951728247633,0.45730976287170927,0.45060683221769615,6,9,0.40934753590830447,0.6398027320262899
YCL052C,0.5894036225205097,0.48385121852745905,0.6043522418720633,0.5160288396326933,0.6235120024100116,0.5292685817205279,0.052276386232265104,0.058611853370172357,0.05131594793981405,0.056755472389151615,0.05005800864891957,0.055973774531253406,7,8,0.00677250197598483,0.0822952123515386
YHR019C,0.7813268113348464,0.7399797608933836,0.715318335909884,0.6341874673736788,0.8531795878582609,0.8315419935988015,0.09865419342642184,0.10757747783517763,0.11256348466458801,0.1275989414190365,0.08083715133205195,0.08658917657526774,7,9,0.04528857965894568,0.21281113612531108
YEL071W,0.8136858358749323,0.8027385942396026,0.8111040619314933,0.7349950333674913,0.9056172184725448,0.7922208552449228,0.18748074395956144,0.19291002347161704,0.18877524456068517,0.2235943054797936,0.13343818252140946,0.1979861037927652,6,8,0.19196435848774313,0.43813737399101566
YPL023C,0.7487612040948696,0.6603499729973905,0.7040662440426311,0.628566906227596,0.7420524484028981,0.619800953839259,0.0203004134113558,0.023603551689304905,0.022032246591904864,0.024683220817414683,0.020569665796162394,0.024972788675240144,6,10,0.0016690763333423832,0.04085433065590946
YDR219C,0.3774192642532521,0.5979030879248985,0.4030761973095569,0.41876249357363593,0.451765672079774,0.3311357290999365,0.08172695972567093,0.06567995901088337,0.08002523397798042,0.07896676004954792,0.07669209770932695,0.084710355226338,7,8,0.010916618819695858,0.10448262448702109
YOR063W,0.9422599716225902,0.7972531365094322,0.9017930683486591,0.7453765602887721,0.9475515817075206,0.7872925927922966,0.5759267415137858,1.0792096497201922,0.7511035573432068,1.209422205287418,0.5489021672152462,1.105401512873852,6,9,5.845351520528058,2.4177161786545702
YGL170C,-0.020935336717595288,-0.03258463840591652,0.055249090332413764,0.11832661216612816,0.18383433240486646,0.08252927428140355,0.4619326819929596,0.46456062987444163,0.44436334910474257,0.42927286619906196,0.413017765692662,0.43790074078331426,6,7,0.21267296300019742,0.46116478941935435
YJR036C,0.09185616117723161,0.1392270634732523,0.07606058488768574,0.11459622326521646,0.2148855340806668,0.08329297506903988,0.2686781089402512,0.2615768252366115,0.2710046293828329,0.26529291244511305,0.24981669137550863,0.26994186384512997,7,8,0.0808840823772573,0.2844012699993748
YNR069C,0.7947400423098397,0.6516949203907332,0.7717131946772594,0.565613223294646,0.7101472943987901,0.5069275445502613,0.024845784987674764,0.03236536499987203,0.026202396267310038,0.03614422384333387,0.029524957718467307,0.03850844449440323,7,10,0.003060231970761947,0.055319363434171466
YPL183C,0.7702325028095272,0.5066485050207413,0.7328558480356583,0.4035122515238728,0.6517960785452461,0.4676442034236805,0.024536591941847753,0.035954078961905,0.026457132928604854,0.039533995415226904,0.03020555170289733,0.03734830848050812,7,6,0.0026662018478997994,0.05163527716493637
YMR312W,0.8375360583966706,0.8332706604378162,0.8490612326913871,0.16255167047641095,0.7682717840662676,0.680376373136078,0.02318524431246511,0.023487630100721354,0.02234773862117026,0.05263955316648635,0.027689980047061656,0.03252015608756729,6,11,0.0033668169540918198,0.05802427900535964
YCR077C,0.746525301784631,0.7146705005390486,0.6461513054753181,0.3619062339846323,0.690672547032604,0.4879440793230645,0.025506187659923088,0.027061482242611484,0.03013609957340386,0.04046881560847491,0.028176527945641558,0.036252414700458764,7,9,0.002611617827498494,0.05110399032853006
YNL083W,0.7466068883377963,0.8372412580854542,0.6572150348474883,0.508427418562815,0.7840000642880346,0.6172129471389857,0.03566050694188131,0.028580003160506996,0.04147639415218237,0.04966883069585261,0.03292432813208496,0.04382972344911013,5,9,0.005106617846315453,0.07146060345613836
YLR093C,0.025155809340016044,0.258370471444585,0.18589582807853322,0.3208254771895329,0.1302331149992213,0.24891830450417873,0.17200328460683176,0.15002465716760818,0.15718428595310463,0.14356872036755378,0.1624690236698717,0.15097767230628945,7,8,0.030881003929558296,0.17572991757113612
YGL016W,0.783180647257972,0.7198335292103503,0.7982023271175034,0.5932866235073008,0.7577855951112497,0.4817587946483589,0.025002695343750648,0.028421427491657384,0.02412103195949704,0.03424380658268459,0.02642638702697949,0.03865483089147371,7,8,0.0029337881658286504,0.054164454818899914
YMR285C,0.8415272705419061,0.8629283485098275,0.7849003980302616,0.7507596985051588,0.7896939504946682,0.6710746692356264,0.0187902670733469,0.01747549582217791,0.021891498333834768,0.0235648575003562,0.021646195007835118,0.027071002810435885,7,10,0.0022670677852020776,0.04761373525782322
YOR108W,0.8755519555283052,0.8456788777795627,0.8403235832328799,0.7390482495305343,0.8663501767814556,0.767097937270663,0.05679986224533341,0.06325078655019448,0.06433890025256504,0.08224951606083113,0.05886232854356584,0.07770338019553671,7,8,0.026379078853646456,0.16241637495537958
YOR349W,0.7086061368844263,0.7953527784703547,0.7111853759697699,0.8310766703392951,0.7005333358122801,0.5970298526781095,0.02760286168930855,0.023132194489003423,0.027480428391824116,0.021016419341888543,0.027982605590271024,0.03246013680060127,7,10,0.002660608384610217,0.051581085531522276
YKL176C,0.9170519255512389,0.862245669242482,0.9072427320199452,0.6307844013789609,0.8892975673785302,0.835668040104947,0.020515013936017425,0.02643755526258227,0.02169414987988425,0.04328213570170734,0.02369993986755927,0.028875511055261746,6,7,0.0051628613456194935,0.07185305383642016
YCR044C,0.8302456538437368,0.7444140396302052,0.7547104042832834,0.6766094496432912,0.8065893978088128,0.6912370677822788,0.023366423904646154,0.02867149225259752,0.028088035403060665,0.03225116913715575,0.024941463818800958,0.03151333588836763,7,9,0.0032727794398051714,0.05720821129702598
YNL288W,0.5817317322929851,0.45209668089484745,0.5854482434381809,0.2907763257448529,0.5823642617699212,0.022773815622396554,0.027528393863713183,0.03150687864322299,0.027405819581734287,0.03584635707279805,0.027507570973293316,0.04207760012654508,8,9,0.0018435714201665533,0.04293683057896278
YDR293C,0.7807397087574861,0.5402971570156836,0.7965451837423521,0.46153687866738347,0.707397393726638,0.6772188313743241,0.1037359928426194,0.1502062726725974,0.09992714100903305,0.16256515285709483,0.11983634914544089,0.125864591133301,8,8,0.0499404081022659,0.22347350648850056
YOL070C,0.7879921412092734,0.8086851201635098,0.7518746478679452,0.656024048621487,0.7213450995285398,-0.481182149665639,0.025725524781152403,0.02443782989925259,0.02783068098227906,0.03276817868268544,0.029493180273778515,0.06799742985029077,7,9,0.0031763596004405477,0.056359201559643725
YGL128C,0.8011814168913903,0.7966278100367685,0.7832949718247395,0.7832878779574113,0.7818047888942706,0.7565012347613652,0.028070784483373773,0.028390421821091683,0.02930627069689529,0.02930675036526437,0.029406861080251343,0.031065220765618674,7,8,0.004032786802387445,0.06350422664978643
YJL104W,0.8536164168200407,0.6729328282204471,0.7999815154694617,0.5022062428233254,0.8322118231508675,0.6558743622158855,0.040300858351528863,0.06024022524249533,0.047108922996635015,0.07431779782212196,0.043146819396207556,0.06179119922322316,8,9,0.011289880796318015,0.1062538507364228
YIR012W,0.7959395842770132,0.5480386029939144,0.7213479550397044,0.4268351436814971,0.7171522715067592,0.6120420789195165,0.027236751249066514,0.04053466537111629,0.031827830621963496,0.045647363411581716,0.03206655231445657,0.037555040324850346,7,7,0.0036991758721252707,0.06082085063631773
YDL179W,0.763097192074021,0.7683212521112848,0.7485626546733293,0.7075489159574195,0.6739520920830694,-0.10598813012966501,0.02912329423360675,0.02880039820159012,0.030003387093891682,0.0323580253971884,0.03416615468015428,0.06292607256621335,8,10,0.003643039880027781,0.060357600018786206
YGR138C,0.31172621302349124,0.4482470191950849,0.30166669889410314,0.48810597121351884,0.2105556272707042,0.30802458097082996,0.1476208477560358,0.13217198860391377,0.1486957160109905,0.1273084152414144,0.1580985354683573,0.14801727817088178,6,8,0.03221716329262633,0.17949140172338712
YOL031C,0.8062162023509869,0.8617027530069685,0.8201707451661475,0.694809304726755,0.8386882233377019,0.8498281100644232,0.07922189924080118,0.06692575603723455,0.07631619180312114,0.0994196346388709,0.07228023497452905,0.06973982314853111,6,7,0.03295536870387509,0.18153613608280608
YOL011W,0.6347891160926944,0.6255564004822471,0.6171204314189078,0.5379174433362055,0.5770899778427088,0.19299939282950573,0.03922097381196918,0.03971364253181166,0.040158512011546306,0.04411703367876935,0.042205641456917464,0.05830199922679703,8,9,0.004285940830711218,0.06546709731392723
YDR294C,0.5987728163425456,0.4528113684788446,0.6465148371283116,0.4965162565461557,0.6624446579065189,0.6464775295657169,0.04336570427001005,0.0506430393537561,0.04070397509567649,0.04857848376366714,0.039776239495214014,0.04070612303028901,6,9,0.004769310485216554,0.06906019465087362
YBR024W,0.8014779284695378,0.8159483814453476,0.8122610160581376,0.7957075343379056,0.758320906214077,0.7279553400766079,0.030812309737436535,0.02966809604249377,0.029963813639575877,0.03125690917486162,0.03399690625172618,0.03606948640679964,6,9,0.0048662324382318985,0.06975838614985225
YJL196C,-0.05173586734273772,-0.2875971474213692,-0.06134312378434137,-1.178418992195347,-0.2647628589191233,-0.31002159277481356,0.0945724282775282,0.10464083602209238,0.09500339013995167,0.1361074524134243,0.103708833551675,0.10554810121876562,7,10,0.008653175929890388,0.09302244852663462
YJR091C,0.7193275707689434,0.3265642072422166,0.5739541069278141,0.45170646984043106,0.6758010523892788,0.38195119936440725,0.03295359594630652,0.05104474437086154,0.04060047618470955,0.04605846884150019,0.03541675245800671,0.04890061483768699,8,8,0.003936941931724103,0.06274505503801955
YDR315C,0.8120485579160435,0.8033609641707797,0.765718013699626,0.7149156582934486,0.7367100986825428,0.5993727321602018,0.02561697020159089,0.026202323245114283,0.028600549724474053,0.03154943703274784,0.030319499845182826,0.03740030850680015,7,10,0.003552736532514255,0.05960483648592835
YMR142C,0.9175240238807985,0.8772867426693185,0.9088032683325872,0.8362369424198093,0.9193155909245547,0.8770236539296772,0.25721762174751356,0.31374927318841683,0.2704746848360064,0.3624473722524355,0.25440860558523554,0.3140854214901551,6,9,0.8162573604540231,0.9034696234262793
YGR019W,0.7504366321481888,0.41106986434770343,0.7105611752068506,0.48514226816304007,0.7568735402099103,0.5554999460545653,0.06612074416990478,0.1015732158925682,0.07120749482349845,0.09497098305262633,0.06526245804616428,0.08824360112894084,8,8,0.01782574812304772,0.13351310094162191
YIR006C,0.7293564276454562,0.5112343862250543,0.6291000724878621,0.45313958636727725,0.7290980764009865,0.48443626179075894,0.03522515557165538,0.047337398111139274,0.041236560630418084,0.05007169631003549,0.035241964195545615,0.048617793335202705,8,9,0.00466510325134349,0.06830156111937333
YER022W,0.8112603527186937,0.7950017774286914,0.7429398624308794,0.5451805972055093,0.7981059290341872,0.6186244960322309,0.023960522673922968,0.02497122027929716,0.02796289202752387,0.037194969742741474,0.02478143781947571,0.03405972328279715,7,10,0.0030951562199971177,0.05563412819481507
YER101C,0.8454710889761655,0.8044238423321203,0.8270598765403017,0.7637180112645463,0.8054900099369664,0.7777656019223731,0.02700418430647487,0.0303797465398748,0.028567620880263815,0.03339192837448936,0.03029682701263028,0.0323841000043162,6,10,0.004801816069323164,0.06929513741470728
YDR001C,0.6343486751628737,0.27245556425016726,0.6134161453900098,0.4110834313499854,0.6592797834366906,0.5106791001770696,0.1738133441502235,0.24517676000132285,0.17871927574760457,0.22058522836717517,0.16778320703985414,0.20106960401175303,7,8,0.08407216230179496,0.2899519999961976
YGL115W,0.732884959641662,0.7503654001966071,0.6425258889885588,0.4490622274065068,0.7132575238027419,0.702339046832352,0.02742940342592194,0.026516706425674462,0.03173141859589267,0.03939294641395009,0.028419288873122926,0.02895530373245667,6,8,0.0028660747933539296,0.05353573379859409
YLR182W,0.764089349150505,0.7270622822950954,0.7592796323317998,0.45523942724596744,0.7220525628806005,0.637796365911877,0.021901305649453192,0.023557435439866138,0.022123439690957085,0.03328120679497798,0.023772648484454824,0.02713767477425935,8,9,0.0020689290680093323,0.04548548194764272
YMR251W-A,0.34737986508337726,-0.14648498662972398,0.16493268945148032,0.01346888670991886,0.3923474425619563,0.36751991061868206,5.775095612811429,7.654434841393692,6.532654444337306,7.100424891187485,5.572583818348651,5.68528674328513,7,9,52.00091995322112,7.211166337924894
YBL106C,0.6657723963916653,0.6979339709382837,0.6556842666856653,0.4877911754713058,0.6712457622898962,0.5373279090432512,0.0360734838139399,0.03429397857533116,0.03661384705006825,0.044657093862011554,0.03577689190688896,0.042442756357359245,7,9,0.003961749354867222,0.06294242889233956
YDR179C,0.8065139116504887,0.8486849676902269,0.7882754831241382,0.7581959247977567,0.7440235333309226,0.7605975941623364,0.02985541897653089,0.026402152506943076,0.03123085494147652,0.03337567869392288,0.03433984400093976,0.0332095165310357,7,10,0.004687591236482691,0.06846598598196546
YNL022C,0.7067238616385756,0.6037104900792867,0.6925740371480784,0.3244481293887015,0.45303495634156976,0.2560262886922653,0.026397720604724187,0.030685581065455235,0.027027030659767953,0.04006428658727042,0.03605021417031423,0.04204427405373741,8,8,0.0024177381568070847,0.049170500880172906
YBR200W,0.70936720936903,0.7500370852717609,0.6808382041976195,0.5525910529522162,0.6513823317480856,0.5274482216955636,0.02591098904452976,0.02402976229797229,0.027152957178464377,0.03214874449010016,0.02837830039605219,0.03303972208838421,7,10,0.0023505879599050187,0.048482862538272414
YDR182W,0.6007645606033731,0.5852056702051749,0.5578760473621085,0.40793626579544506,0.5773410609284915,0.45500750908276366,0.026378978314256802,0.02688808258803026,0.02775974356456901,0.03212385507270076,0.027141788202452673,0.030820429542448194,8,9,0.0017735359401675143,0.0421133700879841
YFR032C,-0.028934706468990212,0.15622963542024637,0.00023939235720704666,0.2631869898664193,0.19562556807238862,0.258212441441084,3.1022206880710184,2.809253401573654,3.057924735234701,2.62516995053274,2.7428869630559998,2.6340168812585647,5,7,9.51723298106361,3.085001293527056
YJL214W,0.8281597384247988,0.8642088217691458,0.8116070370858539,0.6065113128421009,0.7170968894719238,0.7582249672289539,0.026365903595004556,0.023437753130844275,0.027606575385654596,0.03989755872698325,0.03382977104140435,0.031274179366504826,7,9,0.004116361734296676,0.06415887884226684
YPR007C,0.6980448148348901,0.6717836590357464,0.6184301139357424,0.47270578658909557,0.6618306651399689,0.698042326849869,0.11442693512535224,0.11929908689659306,0.12863053206283986,0.1512110477092478,0.12109442002314158,0.1144274065395358,7,9,0.04412321786486388,0.21005527335647606
YDL104C,0.7863705711969298,0.838494772810132,0.779689671326371,0.769004496456123,0.7577514486019084,-0.6601143155616089,0.02849283788898173,0.024774132672413164,0.028934940704336786,0.02962831345204621,0.03034141019568167,0.07942809833743739,7,10,0.0038669047349193185,0.062184441260811525
YHR066W,0.5965957422930896,0.42661603306568663,0.6338332440416756,0.1797692369397128,0.3566143795983766,0.13207657556691133,0.03264989151210845,0.03892550684824666,0.031106486496613024,0.046556414973722815,0.04123321313035643,0.04789081287427683,10,9,0.0026889092513701363,0.051854693629122296
YBR070C,0.6545084276865607,0.5915277446608751,0.5930006185014438,0.6610957448539427,0.5794206606406884,0.4355827257515279,0.026035343702327067,0.02830908731910663,0.02825800261475515,0.025785947683898407,0.02872556328457834,0.03327704353556394,7,9,0.0019963758638034696,0.04468082210303957
YBR203W,0.7267034137358299,0.7285087763295364,0.7530482074994912,0.5590052915710063,0.6877636979553508,0.5827438849593128,0.030912044470062305,0.030809774772051893,0.02938439256828773,0.039266963179329775,0.03304093460566362,0.038195480787064855,7,9,0.0035577415017439677,0.059646806299616474
YCR096C,0.8334580114951845,0.8612427863585944,0.7966245893371791,0.8215653105577618,0.7728898504977683,0.6369365710652553,0.02773079080548971,0.02531209937526699,0.03064429279205778,0.028703841708447222,0.03238311732552113,0.04094412875316869,7,9,0.004698442338344197,0.06854518464738568
YDR125C,0.8061368090217247,0.7607401342775001,0.7659419099183882,0.5627679316915135,0.7776316375386416,0.6218828763496604,0.02719921247181982,0.030216459661902072,0.029886184938957523,0.04084742225067463,0.029130312935473898,0.03798584781139146,7,10,0.0038830272668905048,0.06231394119208401
YLR286C,0.816026661400856,0.6442218914288411,0.8133767851757592,0.5391793932210741,0.8191034288813712,0.7033611840658991,0.20676962455775633,0.287540421697809,0.2082534129618621,0.32724667311281586,0.20503332838120614,0.262556807976023,6,7,0.23646764520885663,0.486279390072062
YPL223C,0.2319037375170655,0.5260634404802613,0.18716384287713184,0.49010420051093384,0.33966429350901217,0.586672537305639,0.6715382457316824,0.5275006895258786,0.6908192531723446,0.547146522145081,0.6226518986249135,0.4926177507301173,7,7,0.5974189437843145,0.7729288090013947
YDR091C,0.9194657677844262,0.8065985994338688,0.7983989746372212,0.5582075639730062,0.8614995209087345,0.6127871197144836,0.050592547885025776,0.07840181153285608,0.08004655733854651,0.11849647413409342,0.06634709742204119,0.11093566414701225,6,7,0.03234042464352101,0.17983443675648167
YER062C,0.684314614975247,0.5797458733279772,0.6340320175519619,0.4522954946386615,0.5809416702081338,0.520568977113723,0.09603256004644067,0.11080191379767826,0.10339816091207371,0.12649239776778998,0.11064416285527014,0.11834620466493566,7,8,0.029725945321823783,0.17241213797706872
YBR276C,0.7890701714415471,0.8025737877160152,0.7150782570422974,0.6050026222846341,0.7660440265618886,0.6279229030952969,0.023985457023793323,0.023204991031807343,0.027876727794525085,0.032822836122515284,0.02526073991033633,0.031856309872612815,7,10,0.0027753076593887,0.05268118885701708
YNL099C,0.7167460157499843,0.6202161164723354,0.5773861950031095,0.5626965816151,0.5638330979088291,0.5276033186106641,0.024582746098343797,0.02846496456175941,0.030027157479016114,0.030544556103238755,0.030504838862800695,0.03174649626488837,7,9,0.002170890417835997,0.04659281508812273
YHR198C,0.6508162162014595,0.5524487469364145,0.6297413864474761,0.44179383599298105,0.7219253285139393,0.47946509692819084,0.030883071528886384,0.03496349530888584,0.03180138533925543,0.03904727831022414,0.027559679984783376,0.037706687491316344,7,9,0.0027793295557242623,0.05271934707224912
YLR429W,0.8204975709631743,0.7696431557134306,0.7535473631612961,0.5191909974897668,0.8554711252885774,0.7053353974170911,0.06085366344194461,0.06893695931053774,0.07130472312703114,0.09959507400507114,0.05460455522739835,0.07796784800305431,6,9,0.020992118270429787,0.14488657035912536
YOR138C,0.7643261310691789,0.7202617125336563,0.768758873884572,0.6862336063524361,0.7212258465708874,0.6315657647614694,0.02657870544642801,0.028957033222121484,0.026327562128555988,0.030667708141171115,0.02890708911402664,0.03323212384648021,6,10,0.0030500668268447374,0.055227410104446664
YGL211W,0.34132151618810114,0.3603027601913027,0.27941163466229724,0.27656011801937297,0.39948078779242346,0.3672856847346184,0.05296181958693706,0.052193136645974365,0.05539489988878214,0.05550439618752766,0.05056961090621098,0.05190748525506144,8,8,0.004333167287625452,0.06582679764066798
YIL104C,0.8354963968858242,0.817936257555402,0.759845145406661,0.6775140536567252,0.8031752746336659,0.6917160726195108,0.022805037914212865,0.023991357599845616,0.027554261537031062,0.031929968335212076,0.024944966113897772,0.03121896729563722,8,9,0.003216913034287986,0.056717837002904
YPL189W,0.8279041497267403,0.838160983353408,0.8106351794862656,0.5843761095834954,0.756835179561461,0.6496230685506428,0.026361478241583875,0.02556384503933369,0.02765248791031814,0.040967061369206775,0.031335377634540605,0.037614241903597335,7,10,0.0041088686630182695,0.06410045758821281
YNL015W,0.47040893973820774,0.22008349195594146,0.5194825985201605,0.2704576234257544,0.25517989191070867,0.27386336480349094,0.8937045437328355,1.0845453076977234,0.8512913159903264,1.04893579276627,1.0598620447624096,1.0464845416851347,7,9,1.5346184824803886,1.238797191827778
YLR095C,0.8169217813101892,0.7399706050327935,0.7955254795801244,0.5724110753371245,0.8269732255720296,0.6459757711189242,0.021264746257107125,0.025342712016455105,0.02247302137524063,0.03249788440589478,0.020672762802362132,0.029570478928532103,7,9,0.0025132568179110203,0.05013239290030968
YLR127C,0.31470847795308443,0.3511930911108406,0.3277191919632906,0.3729247354812384,0.3364250847434799,0.2669027604670188,0.0756798747332835,0.07363774114340584,0.07495801576669729,0.07239399776189885,0.07447108908892175,0.07827507944995106,6,8,0.008504300310167747,0.09221876333028842
YOL111C,0.8171017941316308,0.7218134936119457,0.8439728753632675,0.5042854796065265,0.7623148694968834,0.7701442036018074,0.0699080095772131,0.08621647144152014,0.06456873336039926,0.11509011780350652,0.07969355878277323,0.0783700176252263,6,9,0.02718927120574587,0.16489169538138015
YOR337W,0.8405321444585873,0.8310765247241227,0.847857067105126,0.7358491856647487,0.7739106691071671,0.6743340228365367,0.023077799054398176,0.0237521438208178,0.022541546201269427,0.029701869623019204,0.027478805163157004,0.032979495305014477,7,10,0.0033983551136311683,0.058295412457852705
YNL175C,0.6856959818682984,-0.6591425375092062,0.5164774827951251,-0.3773691883525405,-0.1320852388635123,-0.467089377770314,0.03748136440947868,0.08611568772994725,0.046488847209003384,0.07846312608590335,0.07113445182575662,0.08097831050221979,8,7,0.0045481417154762446,0.0674399118881115
YMR241W,0.3641650966800484,0.20702605238007077,0.2700706945290333,-0.6471751829405501,0.5539486522509149,0.02451711633038911,0.1739257510698468,0.1942321712230763,0.1863511621218352,0.2799378356591695,0.1456747003075335,0.2154276937005483,7,9,0.04841016340356215,0.22002309743197906
YNL267W,0.8074092822723408,0.7862821979890107,0.7514536286039133,0.6244535262332173,0.7767759778524714,0.5761118254434946,0.019384477597574314,0.020420048777459964,0.022021157302944315,0.02706875428894668,0.020869252334481937,0.028758224926771075,6,10,0.0019852992987420283,0.044556697574461554
YPR005C,0.7592922682176939,0.7601104291041023,0.7660126925145465,0.7213295965209496,0.7929563957766934,0.6430313497297807,0.03988245139838181,0.039814613867416145,0.03932176237397334,0.04291234498260205,0.036988586391575436,0.04856818375007133,7,9,0.006723985785252984,0.08199991332466751
YCR054C,0.7979759579725918,0.8285841783885926,0.7476535748852768,0.6787351759169146,0.7616031758492088,0.7080625005213143,0.02687204482771282,0.02475281748677552,0.030032934270550395,0.033886816856062894,0.029191030054522005,0.03230309459754236,6,9,0.003637068767067325,0.06030811526707931
YDR374C,-0.48202036631089773,-1.5339323971831091,-0.3722469254871128,-1.5535942841979375,-0.19662315567119393,-1.6064955148588562,0.5839672305300504,0.7635876636087289,0.561923926431895,0.7665444438714377,0.5247350723007361,0.7744437554608636,6,8,0.2341401652430405,0.4838803211983729
YLR392C,0.8165664156101226,0.7813214205274535,0.7851150872365578,0.6972645389579695,0.8012695760311956,-0.2400954403069524,0.02584949592148211,0.02822381874105043,0.027977932271432627,0.033208120777765554,0.02690573322845695,0.06721097686647229,6,10,0.0037066232239150723,0.06088204352610934
YBR088C,0.2204144358870157,-0.09785008349738789,0.3070671711743208,0.18866912640381528,-1.0863276880980552,-0.9820588589158408,0.05247717864325455,0.062274479047503176,0.04947481194980771,0.053534972608224665,0.08584793329321369,0.08367521888270775,7,8,0.0035944322731244834,0.05995358432257811
YFL034C-A,0.7266147006614008,0.7043392807531976,0.7265674327491097,0.3759609165030545,0.6930067172013252,0.6615814825428061,0.056099310399389556,0.05834004481785413,0.05610415993351087,0.08475705127547355,0.05944760742649621,0.06241615380842789,7,9,0.011713671101353244,0.10822971450277989
YGR092W,0.8026118916968713,0.7956986694793381,0.7432761757138153,0.6986100871007712,0.7238039313740792,0.03776340461164274,0.028821134198870512,0.029321499251062696,0.03286878585796099,0.035613522515129156,0.03409253707161798,0.06363433501382033,7,10,0.00428207518286165,0.06543756706099066
YGL129C,0.8902231669925593,0.6276631500201695,0.8461934960435321,0.6876358930807678,0.8115317369704775,0.6214875181585551,0.013270246839070774,0.02443946319822378,0.01570764230069117,0.022384851342850457,0.01738772514411572,0.024641307887411684,7,7,0.0016323017372284203,0.04040175413553748
YDR247W,0.6837862586320044,0.800445857177308,0.6122481034362766,0.7019943615530753,0.61267506191861,0.6654206382750802,0.05012311322406305,0.03981787168127844,0.05550404490637656,0.04865863359569926,0.05547347838935783,0.05155814014594011,7,9,0.008084412686678099,0.08991336211419357
YDL061C,0.9624647628066537,0.4829580151148617,0.9285967000815586,0.474499609727438,0.9637809296691402,0.6191464679889325,0.281019346286657,1.0429885528979963,0.387592869242002,1.0514851857077119,0.27604843301128623,0.8951496179759552,6,8,2.1408508498127627,1.4631646694110554
YKR097W,0.6118272448537787,0.7143672358125719,0.662764993783606,0.6806078613472055,0.5678140411462935,0.4619598292383421,0.987633272586672,0.8472024418893863,0.9205545147945913,0.8958706293673149,1.0421218794751246,1.1627612187061662,6,8,2.5569339693152227,1.599041578357243
YBR181C,0.9247885833590522,0.8196139501271105,0.924562829733673,0.7183447590678713,0.9160915864832183,0.45695835194088097,0.4120400763975636,0.6381151398729028,0.4126580001662899,0.7973637596410633,0.43521146681102263,1.1071695776515058,5,10,2.296932787118145,1.5155635213075513
YDR148C,0.7229085618246618,0.72517004570802,0.5645498744360409,0.24772253812207456,0.6487663440104079,0.4409298596738144,0.23654875565039113,0.23558148076608884,0.29653661415400023,0.38976078358933436,0.2663220815545195,0.3360023099877461,7,8,0.20548085623506426,0.453299962756522
YER099C,0.7121692469717136,0.7466643080261167,0.7205078626738528,0.6323331441324205,0.6418673159572434,0.47675643208229757,0.019997656211833654,0.018761116985781284,0.019705855707731604,0.022601524906062403,0.02230655378307835,0.026962642301956736,8,8,0.0014137549545273822,0.037599932905889366
YLR275W,0.8026262727318345,0.6683137605416292,0.7343594255862099,0.5315384555590237,0.7528112102546932,0.6752077011306525,0.03134419951587294,0.04063275214626709,0.0363630009373978,0.048289141533585205,0.03507735979341109,0.04020826868784297,6,8,0.00506498497639622,0.07116870784548655
YMR175W,0.17370882400060483,-0.33625295679045863,0.2839445039804648,-1.1723687528902094,0.1798835475517715,-0.6918124016271228,1.8584687846521815,2.3633772632232515,1.7300635439574685,3.013391002203198,1.8515117636735072,2.6592845817842354,6,7,4.25334454927776,2.0623638256325583
YPR128C,0.7550410055337977,0.46364024261826975,0.6421579110022432,0.3319781834668043,0.6939236815345087,0.4375431562974472,0.021999535118972305,0.03255329105448532,0.02658964374615444,0.03632972675156766,0.024591310466715758,0.03333584061989343,7,9,0.002010419808190714,0.04483770520656375
YDL204W,0.6877221345865002,0.16111378780773056,0.659411803133146,0.4163272187327848,0.6414928925567503,0.3216199572670605,0.26137150611333054,0.42838984530608504,0.27296215366168725,0.35733237009558577,0.2800506109225675,0.3852336103528372,9,9,0.22260166923547448,0.47180681346868497
YFL010C,0.6710224446240789,0.782072995345863,0.626044677882631,0.6572762481757204,0.6319920928198672,0.7107732580671793,0.08455387150618988,0.06881860864339477,0.09014885651719184,0.08630231883493082,0.08942911608336566,0.0792810851367112,6,8,0.022113315595153785,0.14870546592225112
YLR015W,0.8084196775297139,0.841671737536396,0.7601309641235968,0.5996137565839568,0.7579997301344313,0.6943265671325394,0.023817819272557803,0.02165238638557315,0.026651008043237612,0.03443230679793714,0.026769143186346944,0.0300853724793135,6,9,0.0030130492398337217,0.0548912492099945
YDR511W,0.6309029772875157,0.42106935422561087,0.645175902849608,0.49565438271796436,0.5377710114311864,0.3150928890437754,0.02923829810340705,0.036618039473576794,0.028667404333111435,0.03417794482136049,0.032719782494416184,0.039828839851774225,7,9,0.002356767688271152,0.04854655176499307
YDR505C,0.41208878371185165,0.455763972876685,0.41246305215569945,0.36934664344079116,0.41916353023588804,0.27920094766948045,0.09638681595231734,0.09273750444644306,0.09635613080312302,0.09982909105092097,0.09580511569635912,0.10672566378003029,6,9,0.016079652542883113,0.12680556984171915
YBR261C,0.7739523828060931,0.7463273618992755,0.6719405351644061,0.5538387132752061,0.7110525772806078,0.5053981517996053,0.02614101377445924,0.02769231556618715,0.03149189141249581,0.036725557842473285,0.029555061798919563,0.038667876840435204,7,9,0.003076083047960404,0.055462447186906606
YLR445W,0.7042363801852076,0.7747388841426308,0.6992319581451965,0.6089888935404515,0.7431020628731594,0.5857003173539268,0.07806046154317026,0.06812426880178285,0.07871809627201772,0.08975389098671355,0.07275101331797779,0.09238810061741007,7,9,0.02096382929094215,0.1447889128729895
YBR269C,0.7664808557757283,0.8195866083779326,0.7500880360659875,0.6011376704915333,0.7823210404803587,0.8168004692835501,0.10817390366711646,0.09508141639210108,0.1119063629037034,0.14137504879515447,0.1044406301710205,0.0958127787200837,6,9,0.05098890108998789,0.22580722107582807
YBR022W,0.7215766869963407,0.7508999390149433,0.721410103262732,0.5925871120481645,0.7156214494168014,-0.35497642650892147,0.027047135641796304,0.025583231309492645,0.027055225731401452,0.03271793325984383,0.027334862822220342,0.059667020314865794,7,10,0.0026735610099471005,0.05170648905067043
YER140W,0.8041412207972523,0.8138248642562895,0.7406913382319606,0.6059403963367,0.7418692477579318,0.666409891013827,0.024672223428517475,0.02405457052271665,0.0283886852436977,0.03499594503930722,0.0283241340568008,0.03219907163824768,7,10,0.003162471885449519,0.0562358594266107
YDR055W,0.6078795275003483,0.49359525882741817,0.6115075832742833,0.30909417839311104,0.49753107676559105,0.3807637315331889,0.36443034410284314,0.4141461744076984,0.36274049843312484,0.4837424485220136,0.41253364661395775,0.45796571350742754,7,8,0.34463762027840117,0.5870584470718406
YIL112W,0.0793467657675323,0.04174687884877437,0.13907675796252228,0.052917940688112286,0.15571160416954877,-0.25555268730197644,0.13429843405935984,0.13701339523549821,0.1298688884484255,0.13621242101546718,0.12860809854622016,0.15683405741765938,6,7,0.019934206472549176,0.14118854936767775
YLR192C,0.6526552111249404,0.7190094248606338,0.5948160660019095,0.6382235521426549,0.5630485904960656,0.4811300398714634,0.09955529681824174,0.08954263169232517,0.1075251571803627,0.1016024365158888,0.11166075242332565,0.12167833033461702,7,9,0.029034950721934235,0.17039645161192246
YOR046C,0.6746228849293432,0.6016221329994123,0.6564460576521381,0.3002500018973241,0.5754291268301208,0.5606958039970757,0.028011337008305954,0.03099473570990719,0.028783115788971882,0.04107823636304267,0.031997454854766336,0.03254790294028623,6,8,0.0024537697654388618,0.04953554042744322
YBR066C,0.7739707573141686,0.6150442217105672,0.7064515514085694,0.66321602254104,0.7223535918554416,0.5544190840196845,0.038962650238265284,0.05084773315530279,0.0444023616416965,0.047560004364174006,0.04318293978576765,0.054705307796987936,8,9,0.006834165438214065,0.08266901135379608
YGL025C,0.8717406469072913,0.8321560893315145,0.8478668095651294,0.6805368545834254,0.8699289063799804,0.785132136390888,0.03380749892742449,0.03867419790286321,0.03681972215182333,0.053355464124018696,0.034045437249445844,0.04375767650169784,5,10,0.009067554584936004,0.09522370810326598
YGR162W,0.8840806833522842,0.6883761726395301,0.8440294242878965,0.6929621732956264,0.8238627304082299,0.7392115311874285,0.056898716891861795,0.09329103157110863,0.06600029919546922,0.09260203023309369,0.07013748625596868,0.08534316776063887,7,8,0.028418573305646636,0.16857809260294362
YER011W,0.6030361626168587,0.5654199383161942,0.5626733151345509,0.40142066446570035,0.7247105654968113,0.3742707310664465,0.11602948259856118,0.12140254236060445,0.12178558091180104,0.1424799463564161,0.09662458794082929,0.14567536602508252,7,8,0.03450951883283124,0.1857673782794795
YKL103C,0.685356789103801,0.7788730537035978,0.6805740011180693,0.7712848531323835,0.7398479226645106,0.8507754910661317,0.17665790582729018,0.14809647767695258,0.17799550127960218,0.15061608639409166,0.16063402597136398,0.12165892492058909,7,7,0.10092550431344093,0.3176877465585365
YER136W,0.6597319968968798,0.6012645039577172,0.7080626602794915,0.5045850853019207,0.5498371686200085,0.42843861428907626,0.08465093592705829,0.09163547965131408,0.07840902094470965,0.10214232672005318,0.09736570769471152,0.10971162513244374,9,9,0.021428686629811386,0.1463854044288958
YNL196C,0.5495296737494395,0.6251768873838532,0.4252615183804196,0.36568496337147316,0.5819418571240291,0.3425050658627393,0.6285193252826475,0.5733221528559499,0.7099384200860804,0.745826902971707,0.6054856921716616,0.7593320780987975,7,10,0.8923273842542675,0.9446308190262837
YLR119W,0.8281933035191289,0.8215080336595106,0.7936905451696791,0.733287367032949,0.7840733744708468,0.6890891681791824,0.024197620852209646,0.024663911928415688,0.02651625517122473,0.03014910451545297,0.027127247065156467,0.03255146584234022,7,10,0.0034678346827371385,0.05888832382346384
YJL063C,0.7952011017793219,0.7028647698003574,0.7573265384783733,0.2964200138254909,0.760569457373774,0.1052131573686601,0.03076379651599187,0.03705554421547854,0.033487849920057176,0.05702074151758963,0.03326334322401709,0.06430369320972885,8,9,0.00470224639530596,0.06857292756843593
YJL155C,0.38338630550009933,0.42812854221759467,0.37771157707672154,0.3526848759086554,0.40644952676497326,0.4315009140237478,0.08779430124599055,0.08454909326026896,0.08819736381580523,0.08995340779213522,0.08613676785287602,0.08429942825377798,6,8,0.012719575728947457,0.11278109650534285
YJL194W,0.8292593429259665,0.8445356127081979,0.8175222836752476,0.7389219456746857,0.8165443436169845,-0.6929500882989963,0.02520506163292324,0.024051089216521496,0.026056987709440045,0.03116767978225771,0.026126717105899453,0.07936725622279667,7,10,0.003786096830289969,0.0615312670947866
YPL217C,0.6765295362538011,-0.1308131673121531,0.6592271680849044,0.10562299712298184,0.24836135472185328,0.44455704613949687,0.03082306846790896,0.05763071182818642,0.031636689862806426,0.05125294997915281,0.04698541920280984,0.04039041229259054,8,7,0.002988616905138024,0.05466824402830243
YER161C,-0.15244816125545735,-0.07284033233839105,-0.09018543443421168,-0.018299970175511326,-0.03648284895870102,-0.07688140984349223,0.12057369715629228,0.11633474018390015,0.11727138813042788,0.11333909584603916,0.11434651641111931,0.11655363381611196,6,8,0.012836212389740925,0.11329700962400077
YBR179C,0.7705794902040224,0.8453016687957058,0.719599682083274,0.6999493570653992,0.7328630846498717,0.6753767914904134,0.024157869198741962,0.019837425997102715,0.026707408925502323,0.0276273853985093,0.02606810482177721,0.02873639523256829,6,10,0.0025884402734208025,0.0508767164174419
YHR067W,0.8042137662331152,0.740706510175783,0.7658184852552334,0.6377553174857984,0.7104143671935828,0.6422781626216296,0.026506772630751154,0.030504336506879764,0.028989590598118297,0.03605510679379235,0.032236975000700184,0.03582931482612181,7,10,0.0036516125528585964,0.06042857397670903
YPR164W,0.8684685583308632,0.799723209756749,0.818121742967032,0.6886217452677879,0.6945769264489714,0.8530063951294846,0.02077844419272913,0.02563973589141,0.024433665715907268,0.03196998084798685,0.03166278833422047,0.02196582181841957,7,9,0.003340024173142292,0.05779294224334224
YCR014C,0.8124878277545062,0.8598107889708626,0.7570080402954651,0.7090113854122002,0.7905198079480035,0.6263692126376224,0.02471311742690164,0.021368306089149847,0.02813252750079803,0.030785825168634547,0.026120668166170525,0.034884630546789454,6,10,0.0033142001945927688,0.05756909061808054
YGL096W,0.8560557535873632,0.8546345061186331,0.8361057774858401,0.709038618330817,0.7552690404865144,0.7344126904764912,0.024302638869570094,0.02442232140115241,0.025932124646807785,0.034552060654467386,0.03168843088033519,0.03301109557420852,6,9,0.00417508858319944,0.06461492539034182
YDR049W,0.7801489483002025,0.7766243644046127,0.706381437976775,0.6879055723515448,0.7508602142232708,0.5794252220422105,0.023278572840257566,0.02346442833871441,0.02690195433027947,0.027735441574344512,0.02478070288992101,0.032196872629755596,7,10,0.0025080563663117234,0.050080498862448676
YMR126C,0.8228217406165179,0.8532694522831682,0.7732202746928398,0.7786526587050435,0.806984461416204,0.6589210705916253,0.02508911098329435,0.022831809204196436,0.02838456021149078,0.028042531226223934,0.026186423891903003,0.03481027889435148,7,10,0.0036150412092455005,0.060125212758421906
YFR024C-A,0.739361217900424,0.5615397357931455,0.6760696968090529,0.3831080406376608,0.7392820515396727,0.5125691985171454,0.044259559818224437,0.05740539269110655,0.04934161500232701,0.06809137847927839,0.04426628100189751,0.06052629026591643,8,8,0.007647654878561681,0.08745087122814547
YPR068C,0.8233181452045306,0.8218709915260143,0.7481701821465456,0.5959020262594583,0.7710653880194165,0.6983643203178458,0.025141369266782135,0.02524412239584426,0.030015565337127105,0.0380221165117949,0.028618619508717424,0.03284991936272204,6,10,0.0036403156418154873,0.06033502831536161
YBR135W,0.7403230035352926,0.738124845631669,0.7223556578915853,0.7903115135782508,0.7568740711713624,0.7138098683461831,0.04186031722574765,0.04203711702119466,0.04328427916886065,0.03761603951354345,0.04050432643293198,0.0439453677109493,8,9,0.006866330267755632,0.08286332281387003
YDR501W,0.7954135508762274,0.8530033056364467,0.7317889212620945,0.7513764156694195,0.7492596657186709,0.6870638373472574,0.028075502791190834,0.023798133394400397,0.032146038958324456,0.030949972814909018,0.031081445661609947,0.03472297971762361,6,11,0.003920408827519348,0.06261316816388825
YPL240C,0.6307112049843866,0.2911979498614824,0.6466364941158735,0.4364255601251966,0.5092042219440722,0.35535228253240836,0.5769609710136974,0.7993295219586644,0.5643833827803764,0.7127529356855308,0.6651410930725341,0.7622976753197112,7,9,0.9172334393974809,0.9577230494237261
YPR025C,0.7757505152991566,0.8188630653513497,0.7094979792235753,0.5918240749385132,0.7370968667817113,0.6403036337407133,0.02284927007585229,0.020535728365821376,0.02600645658464551,0.030826931470519615,0.024740272857961872,0.02893840759679787,7,10,0.0023690070117978316,0.0486724461250699
YAL003W,0.9210251453225096,0.8911250920672931,0.8900841309352442,0.8302221476346053,0.9133666409383494,0.9274403350476694,0.36533560822836764,0.4289547550181122,0.4310005109807342,0.5356586270247748,0.3826398194096097,0.3501831301226544,5,10,1.7196826510468923,1.3113667111250356
YLR247C,0.8698569872770896,0.8017024396790383,0.8388773041020425,0.5313066578521564,0.8720302501151863,0.6931933533624854,0.03434747602893368,0.04239777703005989,0.038217542831435754,0.06518216679032895,0.034059483801965815,0.052737165406170544,8,9,0.00922405619203952,0.09604195016782781
YBR211C,0.8031940717027645,0.8828090672852741,0.7385186612791894,0.6308952279039168,0.7550670282553525,0.7673032602639522,0.024484513151220123,0.01889380332131633,0.02822232148463783,0.0335310547561268,0.02731467331298236,0.026623646242957728,6,10,0.00309954472528468,0.05567355499053999
YHR061C,0.5005795045701938,0.7048988768447224,0.5121290213203029,0.6145589383048526,0.4294516632749463,0.3322294181671376,0.04560989669674941,0.035059953781329735,0.04507942836852715,0.04006866726487824,0.0487497204745241,0.05273993003534984,7,10,0.004238429404663449,0.06510322115428274
YGL233W,0.810386062411034,0.8001565806410091,0.730134136734993,0.6448309274463071,0.7807006177690048,0.638260982202044,0.02422520769785324,0.02487008712413787,0.028900566559134668,0.03315507016335655,0.02605260079621168,0.03346031754796717,6,10,0.0031493280353817694,0.056118874145707605
YMR293C,0.838071640815977,0.8306609329879044,0.6654956934351968,0.4201397416379903,0.7682887633204104,0.6502570189856027,0.022831628730262957,0.023348232933980743,0.032815293489381815,0.04320530829539875,0.027311715738179632,0.033554435722239456,6,10,0.003275699165261358,0.05723372402055765
YJL179W,0.646437645154762,0.5435157429428721,0.5930512124354725,0.3504614941721118,0.635983127889125,0.5970343784688319,0.032748539325861935,0.037211041646845106,0.03513409769739437,0.04438757060501549,0.033229184411683106,0.0349617307114866,7,8,0.003086533451683739,0.05555657883350755
YMR016C,0.6105386460858762,0.6908469677764704,0.5887482487753475,0.5772752127103546,0.5568931172920069,0.4614766809697918,0.04436598094314616,0.039527983438702424,0.04559023006674353,0.04622179007658927,0.04732298726067812,0.052169918776204534,6,10,0.0051426734136012725,0.07171243555758842
YNR034W,0.04936654804379781,0.5448200723192913,0.16654611183589463,0.5029927985465494,0.15804350495124975,0.5030547532089706,0.40986032834780756,0.2836095746656768,0.3837692079328526,0.29635392127519516,0.3857217807385211,0.2963354496320116,6,8,0.17980916013360143,0.42403910212809554
YNR051C,0.5379185055447411,0.33968659807683765,0.48677174268872825,0.10672611626011974,0.4767480885493459,0.44547004802851,0.05171952916189228,0.06182588339204789,0.05450678346422114,0.07190971920703117,0.05503648462989758,0.05665754845368573,7,8,0.005890385072074853,0.07674884410904735
YNL260C,0.6719460531204953,0.7178586040115227,0.6659459184197325,0.5313182980639862,0.629929667589918,0.5280269337009296,0.027065855702883092,0.02510050931970093,0.02731225255904329,0.03235103113797163,0.02874691624341996,0.03246442658755636,9,10,0.002272225319660019,0.047667864643384426
YML130C,0.7000720247619576,0.7916909853663896,0.7178865721413136,0.7782441532081019,0.6418531724089145,0.7495203471979834,0.23634608311994587,0.19696721928673772,0.2292196264344398,0.20322515387571602,0.2582679264550518,0.21598627165846007,7,7,0.18951037054957892,0.4353278885502041
YOL122C,0.6536706868295268,0.5446925267990258,0.6094032571422825,0.4141675803609153,0.48836321754234746,0.5455361471706885,0.05596311772436546,0.06416669408775615,0.059432169520874656,0.07278535024716722,0.06802023921555439,0.06410722062021174,7,8,0.009201691920171978,0.09592544980437662
YFR031C,0.775174182404888,0.7651211291512651,0.775373308802292,0.6386264375252608,0.7330833749945411,0.5767677987600619,0.025521365382275927,0.026085717682629083,0.025510060845802065,0.03235631114775758,0.027807927785009626,0.03501629288120288,7,10,0.00294791371028896,0.054294693205588336
YBR205W,0.8551175524182179,0.6819362277534354,0.8246820779598949,0.7117091570495696,0.8475704246979479,0.6881491331024365,0.017228315454195824,0.025526544616733177,0.018951696175806856,0.02430246644256744,0.017671342646660506,0.02527600344847265,7,8,0.00208460125128985,0.04565743369145763
YDR074W,0.7813605748702777,0.12419464414140613,0.6990076514645392,0.4993140351642804,0.8228532235257258,0.5008187131038875,0.13951916956730306,0.27923730805084734,0.16369950721097537,0.21113116931398573,0.12558456661241227,0.21081368143396736,8,8,0.09059253790193164,0.3009859430304539
YGR106C,0.7923779467102237,0.7403003061521676,0.7512123327652738,0.756849758235348,0.7642671888613556,0.553670557409403,0.06826096099343688,0.07634337863159163,0.0747222741769208,0.07387083533829614,0.07273537375897818,0.10008371682946322,7,9,0.02283623230847035,0.1511166182405838
YER154W,0.7816134376035204,0.7635020879541926,0.7851941171585456,0.7807882546136058,0.763213546113671,0.5491258345862349,0.027633540876919566,0.02875658016879476,0.0274060639710375,0.02768569891256302,0.028774117209996158,0.03970555375242658,8,9,0.0035579537716246994,0.05964858566323848
YKR091W,0.6298982160318896,0.5045188361602708,0.5645324646413461,0.4274475782528866,0.6034862249294233,0.3947383667121894,0.21999789028407515,0.2545490621967769,0.23863592181924873,0.2736311620612636,0.22771260237813643,0.2813387150346389,7,9,0.1330665789367192,0.3647829202919446
YDR046C,0.7334956307835453,0.5890209303221389,0.4858351808650484,0.5190805791631772,0.7017619195153848,0.7884765939700302,0.05234124156497601,0.06499825625899723,0.07270144319773705,0.0703117668092439,0.05536985690539581,0.046630607014450036,8,8,0.010460124283695539,0.10227474900333679
YLR138W,0.3036460088317393,0.35832245669654417,0.31495030344967656,0.2624185803844369,0.14436388204380157,0.32892431871032324,0.06326567867278063,0.060731157274147456,0.0627500643930125,0.06511156298926239,0.07012900724219641,0.062106761958655464,8,9,0.005848700885703127,0.07647679965651757
YER020W,0.7172616673636519,0.523955299962052,0.6331279384883958,0.3593762929644666,0.6708215487486725,0.3667064904314381,0.0590680365781682,0.0766450401506035,0.06728488413966137,0.08891226871191919,0.06373469145133545,0.08840212556233823,7,10,0.012556642095176443,0.11205642371223723
YDR144C,0.8048315792581479,0.7492702521707884,0.7526602742716132,0.7499368042759416,0.7986846665262497,0.6811938308245851,0.02577995229618108,0.029220003752221398,0.02902179518615482,0.02918113796777062,0.026182780375990488,0.03294888282194816,7,8,0.003465036460115125,0.05886456030681895
YIL159W,0.20348009448624538,0.313884146162693,0.2927857953967081,0.43390516503233756,0.43966127886226847,0.18390549191808647,0.10620497472836934,0.09857011663030839,0.1000741777995516,0.08953464981698253,0.08907828774118266,0.10750205612046572,7,7,0.014409410843178823,0.12003920544213388
YKR077W,0.7874153531290642,0.536458017208957,0.7882986945162788,0.6239016692305561,0.7864866464294218,0.6441416622400766,0.029183243254510015,0.04309353729456351,0.02912254836892563,0.03881667309909981,0.029246919389928034,0.037757756386517155,6,10,0.004076508500073859,0.06384754106521141
YLR258W,0.6490167382922575,-0.24404764712315186,0.6687684937824903,0.43071434674176434,0.6741405938489022,0.30877263251949827,0.12089321945749099,0.22760261502901305,0.11744230332332259,0.15396565717660107,0.11648603727976116,0.16965599195952638,8,8,0.0423711858469473,0.2058426239799408
YML023C,0.7986587674673061,0.8226445902480088,0.7507580028100455,0.5338009377213595,0.7748221375708073,0.5524787844744146,0.023091119418799058,0.021672092509783483,0.025691486740309376,0.03513697128162985,0.02441976453185893,0.034425910883094296,7,9,0.002694699796830418,0.05191049794435051
YNR024W,0.7099620586861694,0.6497067144541171,0.7379044174640562,0.4382784399975953,0.3267191785258693,0.5613988339504856,0.027268921050522324,0.029967909880762592,0.025922112926890083,0.03794906623915418,0.04154690428525719,0.0335332339288126,8,8,0.002608760638603166,0.051076028022969504
YPL265W,0.2224923340464663,-0.6911927207776569,0.2686231714476992,-1.4037433352561202,0.4240981043746308,-0.39688233541087903,0.1544643750798085,0.2278098731384435,0.14981199600200093,0.27159391685518786,0.13293833830026125,0.20704078449631283,8,9,0.031225192297633667,0.17670651458741884
YDR311W,0.7953030278366278,0.8378029064628036,0.8066142790611844,0.6964837336416168,0.7274635391930306,0.2968549577815769,0.024091089446886323,0.021444813052619912,0.023416012036440323,0.029335379868833673,0.027797967104504717,0.04465017755379712,6,10,0.002885058338300772,0.05371273906905858
YDR369C,0.8116071583043718,0.8129633436178422,0.7579252054271891,0.6730306494135357,0.79714898406293,0.6784929701257825,0.02586556582658131,0.02577229832655442,0.029320040834077243,0.03407558396192528,0.026839744569027515,0.03378975334069318,7,10,0.0036135386773985746,0.060112716436695614
YMR066W,0.7967791742298389,0.7837074731501636,0.7623244606337489,0.6313883192303489,0.7652320612244334,0.5841221067426513,0.024655483751627818,0.02543607982813398,0.026663776859631807,0.03320580160254445,0.026500179496332057,0.03527055875190462,8,10,0.003043771050697863,0.05517038200608967
YGR218W,0.8931469029081205,0.7835779101194505,0.8522652479422927,0.6384847574774124,0.914417700618622,0.8293656181214936,0.026807628805297624,0.03815185311100198,0.0315214493403045,0.049309222041703654,0.023991467827699234,0.033876467369431174,6,9,0.0068435717690335865,0.08272588330766609
YIL147C,0.6654939835698171,0.6786230087018208,0.6831156270666618,0.618918446608264,0.6490287358838607,0.5512280937658329,0.030385211524816984,0.02978294830034877,0.02957404358678117,0.032431666147623016,0.03112404806090312,0.03519436454187029,7,9,0.002808495501008668,0.052995240361835026
YNL201C,0.8263766706665964,0.8315158328409527,0.7930980962754149,0.6080782403623095,0.7995137583930414,0.24671793324226632,0.0205604618904938,0.02025388662857583,0.022444558671852924,0.030890754437843986,0.0220938353999875,0.04282601266859066,8,10,0.0024774836197720127,0.04977432691430405
YLR359W,0.7106870320119627,0.6087728427696235,0.6799084697228929,0.4665089752900514,0.6971125162465801,0.3959066709013225,0.1107112513000456,0.12874260901130646,0.11645144996248742,0.15033889981088283,0.11327875642746922,0.15997784010660968,6,9,0.04310908013707877,0.20762726250923497
YPL057C,0.6771927287986804,0.19861270011995502,0.6343436493699035,-0.18449092187212357,0.49419243980948513,0.39442161625509986,0.07526939692602769,0.11859544523826657,0.0801093747985182,0.14418253281140095,0.09421920604771993,0.10309366148759856,6,10,0.017858570890301843,0.1336359640602104
YPR112C,0.6327727983355151,-0.3552149907835016,0.6397142533542131,-0.3078853084975266,-0.6718974030354716,-0.5334506819977054,0.03322939541744714,0.06383503731173615,0.032913840383583755,0.06271044011490387,0.07090221937851227,0.06790315048119959,8,7,0.00305958958600651,0.055313556982050156
YHR017W,0.6838403406483414,0.7087682029827088,0.702315258074018,0.6549920593724559,0.7176675859439547,0.6143789520878082,0.034885935466014664,0.033482396928221685,0.03385130635056457,0.03644279608785012,0.03296685488109047,0.03852809275794377,6,9,0.003916944599935928,0.06258549831978594
YNL085W,0.8552605871983099,0.7042266387694743,0.7612723795308585,0.4713037904498951,0.8207425345210129,0.49330946236551343,0.0231720224106154,0.033124555948385634,0.029759242424541574,0.044286732098944265,0.025787495338602903,0.04335527383964135,6,9,0.0037748023018245574,0.06143941977122308
YBR101C,0.3373153020060009,-0.7439978138656982,0.06506116267550677,0.09957331738174802,0.14726672181019018,0.22679872929884182,0.07831421414127683,0.12704573530629348,0.093020511531674,0.09128749736355539,0.08883696825936559,0.08459280046120339,8,8,0.009417321215004059,0.09704288338154457
YPR035W,0.1347209426655407,0.2640846728441466,0.04035827729614583,0.3092908701193806,-0.009644627216548018,0.019084826857660886,0.4989644999612944,0.46015640949545544,0.5254678051330954,0.4457990614989713,0.5389839350852987,0.53126019551403,7,9,0.29277651773816415,0.5410882716693868
YDL078C,0.5054395394878521,0.3331500325191087,0.4942611601107836,0.3676580036851409,0.5378408590115742,0.5164512001955068,0.11843202958078822,0.13752243168886577,0.11976298993755423,0.13391693126662862,0.11448675593290668,0.11710613042224284,7,9,0.02885838941958031,0.16987757185567584
YKL040C,0.7446081075008024,0.8043948595336167,0.6975427455010977,0.561305975968027,0.6762055543306573,0.6507423010351245,0.033926693675497714,0.029691225014061424,0.03692070516359191,0.04446505599900029,0.038200819679401296,0.03967445581655232,7,7,0.00458594779639515,0.06771962637518868
YLL026W,0.943895902320174,0.6720875096945464,0.9598950444273783,0.5654397555576323,0.8993870722122294,0.7644103779339042,0.41648258124750537,1.00688189348684,0.35212638743890806,1.1591097198819613,0.5577331325937549,0.853449108633438,6,9,3.1459530771516477,1.7736834771603551
YIR002C,0.777955438697073,0.7682410053594226,0.7156793475656519,0.7580891838353044,0.7265452193034474,0.6425178259161326,0.026917225639995334,0.027499735972587425,0.030458914972123764,0.028095571354171154,0.029871221705232626,0.034153673335614865,7,9,0.003320271426155342,0.05762179645026127
YOL003C,0.7376886280199323,0.745255345031197,0.6983974389268596,0.6067674274196597,0.7452559920529509,0.5557727570011415,0.023404791920159974,0.023064750717305647,0.02509653346847228,0.02865635622151093,0.0230647214263968,0.030457820253075626,7,9,0.00212493469585193,0.046097013958085506
YOR025W,0.2107747407652939,0.3422088093845558,0.2157488499141461,0.23096831942965868,0.34569461710115035,0.1646792067875852,0.09186866761051708,0.08387083292122505,0.09157870789357114,0.09068574916264628,0.08364831097938666,0.0945134411322327,7,9,0.01088145566623113,0.10431421603133069
YDL136W,0.8235593875401703,0.7293791995685317,0.8453474852399828,0.6030095633124009,0.8349194018319843,0.4121642934686327,0.17548858517971827,0.2173352551992253,0.16429641514537613,0.2632325656801404,0.1697452425874043,0.3203152204869115,6,10,0.17760382978547942,0.4214306939290011
YOR026W,0.7313094567242661,0.6839712020770193,0.6559514865583338,0.6338962850095247,0.644042478413448,0.5165808132510308,0.03367728441884233,0.03652365262936399,0.03810840015521065,0.03931089593419133,0.03876233772711771,0.04517236365461892,6,9,0.004295115885349085,0.06553713363696252
YOR291W,0.7894309181271798,0.7048504004898293,0.7345954825741592,0.5642828207635038,0.7335894765604818,0.6741850039242276,0.037470885431809264,0.04436267779477758,0.04206789769758458,0.053901269690215046,0.04214755069421573,0.046610331153570495,7,9,0.006784946779447425,0.08237078838670554
YNL241C,0.8322407873410138,0.8879640962042019,0.8277006602428816,0.7584094594011723,0.856103706239916,0.8659471545453582,0.36942812684602294,0.3019015753884267,0.374393736853874,0.4433296021247713,0.34214608299729665,0.3302362824972208,6,7,0.8278023871786013,0.9098364617768412
YOR060C,0.8364102049794114,0.8161415856790005,0.7889783492129526,0.5937907054472051,0.78330439992319,-0.16106039804237837,0.023451470133742387,0.024861866156699646,0.02663517024661976,0.03695446312024142,0.026990878213008926,0.062476885996613794,7,10,0.0034208739812795746,0.058488237973797555
YPL187W,0.6036506386579469,-1.0250628083834066,0.6609291332617457,-0.854076388555217,-0.23358281378578893,-1.084026875782333,0.1091116364589707,0.2466330290733861,0.1009199963712771,0.2359911951134397,0.1924935327991706,0.2501978916544521,7,5,0.030564487212399415,0.17482702083030363
YIR025W,0.7300366405694079,0.7881732991710351,0.7136716094660118,0.7299688521737207,0.7508278750981935,0.6349183503352487,0.06270042841816355,0.05554032892569639,0.06457290166019568,0.06270830003206523,0.06023762274275525,0.072914365089999,6,9,0.014817991133248274,0.1217291712501497
YPR124W,0.4367719187918764,0.3363781248276082,0.46575616638519934,0.26696817839935516,0.5143666950065721,0.15457737896921875,0.16009904078377868,0.17378285461201515,0.15592521055576022,0.18264508685797762,0.1486622877163366,0.19614783194672736,7,10,0.046306962894114505,0.21519052696184027
YER031C,0.6575251830777564,0.7166571416574485,0.5317196815308174,0.5212087265692897,0.555533255920009,0.5151132285416753,0.034387598513689416,0.0312783375266803,0.04021059310642284,0.04065936948112829,0.039174833772081606,0.040917368416187185,7,9,0.003513404804455779,0.05927398083860893
YBL102W,0.46178935894092044,0.38848439166708393,0.41146141016400284,0.5193149773454787,0.27190232354048127,0.33626958433365794,0.05045399929217768,0.053780301174690265,0.05276026022608536,0.04768148272722802,0.0586832663969169,0.05602931548037636,7,10,0.004812736133655735,0.06937388653993472
YDL092W,0.623715251807591,0.5910919718238857,0.6312692399035863,0.4279203677153499,0.608179969646625,0.4210536353684734,0.13313535395196532,0.13878671872711437,0.1317922200463923,0.16415848385939485,0.13585586951197773,0.16514075091193217,7,9,0.047931753452886194,0.2189332168787692
YML058W-A,0.7885456522087312,0.7516336967243494,0.789794385141303,0.6779332765583103,0.6696038059444234,0.6850710761620675,0.0352278285201227,0.038178943003304974,0.035123656418786064,0.04347609124024151,0.04403470405925443,0.04299162278857033,8,8,0.005971841409471557,0.07727769024415493
YMR100W,0.7401660417714451,0.7264211201996991,0.6867708411411073,0.8057908769309838,0.8017956118122137,0.6850489741339081,0.0451845844702307,0.04636429085244818,0.04961048013775319,0.03906403961811168,0.03946380629979063,0.0497466513288437,6,8,0.007995356152090632,0.08941675543258451
YOL141W,0.8425591710574153,0.8240967799438788,0.7978362508131948,0.7673709940521509,0.7652596297388283,0.6586896809864912,0.026150030680106115,0.02764078759947221,0.029632286256718057,0.031786700602273975,0.031930624422957264,0.03850243782736948,8,10,0.004419571615311513,0.06647985871910013
YBL021C,0.8386015586992975,0.7636878901415408,0.8150666672989719,0.7770979105005192,0.8374005450544232,0.7280856909984057,0.028721267434652056,0.03475336980364131,0.030744082075620165,0.03375289299384893,0.028827931105825256,0.03727949012582634,6,9,0.0052006904320611854,0.07211581263537967
YER149C,0.8529179609548254,0.8752826576785464,0.8418128633341031,0.863777655134164,0.8027892485276233,-0.5317782079737383,0.02357603881733762,0.021709730923098063,0.024449872537318684,0.02268899151850856,0.027299601708537406,0.07608323325782626,7,10,0.0038453437727018745,0.06201083592971372
YLR214W,0.8809662656594682,0.6711433317630537,0.8266984123840365,0.4471640376331799,0.8743233276850872,0.6521221824900985,0.0750092672189806,0.1246761031900012,0.09050679043384029,0.16165086642866616,0.07707388132088205,0.12823106873273654,6,9,0.04809643921446208,0.21930900395209968
YLR418C,0.7407358736415284,0.6991777767382521,0.5816143075011073,0.2624882559828299,0.7073456160627015,0.5531387864071825,0.024854194410819926,0.02677216142727673,0.031573075561213935,0.041919196236416024,0.026406205196926893,0.03262982968882786,7,10,0.002424432466805911,0.04923852624526765
YPL074W,0.8499514355660782,0.8664865497483154,0.8362651897689501,0.7128886304773683,0.7816693825214764,0.6218909725340234,0.019798493540873655,0.018675779315706343,0.020681723816211292,0.027386808134719057,0.023882156798645224,0.03142857911789879,6,10,0.0026581873420566072,0.05155761187309404
YDL126C,0.5502459006604636,0.560077766718891,0.5450377189796025,0.3906527929511632,0.5074408738770522,0.27794451892473093,0.4420172004223901,0.4371591370999091,0.4445691277608217,0.5144983861005807,0.46257354280377905,0.5600630083567999,8,9,0.44203468321979683,0.6648568892775323
YHR085W,0.7886312409411658,0.7701770809939639,0.7579171477783047,0.6394278798353741,0.669364156470114,0.6924983402234957,0.02573181841087265,0.02683161089445284,0.027537980804732503,0.033608269482669616,0.032182890341854745,0.031036576571226614,8,9,0.003187522771780091,0.05645815062309508
YMR108W,0.6221220775731353,0.6148989317058304,0.49945829971585276,0.3911333504309439,0.5681171239513824,0.49112481700121347,0.1890780625333596,0.19087662425971402,0.21761334078863367,0.24000841959204708,0.20213819177941622,0.21941737738394118,9,8,0.09626843371273387,0.3102715483455321
YPR002W,0.2569671455272119,0.3641852035029357,-0.1229514625329724,-0.6299450417908103,0.29334105832748825,0.15719098506629603,0.44190356214170856,0.408779218446534,0.5432553179032943,0.6545004874627642,0.4309515261881237,0.4706391812994611,6,8,0.2674238429220252,0.5171303925723426
YHR129C,0.822798929186157,0.8247927714042123,0.82549778238116,0.6288154572424514,0.7428675308639654,-0.3426964269951469,0.025451963509232612,0.02530836742915381,0.025257397322661836,0.036836898906043206,0.03065960681134763,0.07006111384645232,7,10,0.003719883850866297,0.06099085055044155
YGR274C,0.7989216424577482,0.8173595809332995,0.7387034440135416,0.5923630237665609,0.6937368931204457,0.5573445140899189,0.023062319148617057,0.021979548184911924,0.026289792362301424,0.03283651806692043,0.02846214686052814,0.03421789101330986,8,10,0.002691496159323156,0.0518796314493767
YMR205C,0.9300987392330715,0.893599561619649,0.9136173586098231,0.8380220011497326,0.8709565102504592,0.7412343658737749,0.11168118398113484,0.137787307487062,0.12415114945411555,0.17000649731667117,0.1517419129059819,0.21487743157239264,5,9,0.18156333353391743,0.42610249181847953
YPL008W,0.7763993899455219,0.7889942295509926,0.7468755740356765,0.5925896835223043,0.7641388044842136,0.6323148298436166,0.027008783303154087,0.02623709178121391,0.028736611472259418,0.03645730314157229,0.027739381672245204,0.03463431362467847,8,10,0.0033196339285370678,0.05761626444448709
YPL183W-A,0.7118095760956314,0.4715386180496699,0.6434528571017599,0.31217974181715247,0.7600943327568987,0.6253799212010955,0.030239991542033464,0.04094949219182696,0.03363569244713413,0.04671747629107614,0.027590663601855765,0.034477631048468446,7,9,0.003228768613027039,0.05682225455776143
YBR129C,0.711431853645206,0.7782804162569668,0.6445153333772272,0.6049344914021917,0.6877243950592797,0.5169178935066376,0.025548333652044904,0.022394450561365322,0.028356251576358245,0.02989323676461047,0.026577089171985483,0.03305589041397625,7,10,0.0023016003062257687,0.047974996677704614
YOL059W,0.7741728946729776,0.4611117661066645,0.7595214658288556,0.534936375141327,0.7307401052172439,0.6072708541524106,0.06348087169200274,0.09806277942844593,0.06550779870102955,0.09109845970218412,0.06931714767648162,0.08371464006633093,6,8,0.01815778349598598,0.13475082001971633
YOR122C,0.4758941832289043,0.49691326981158934,0.4655151984099545,0.36012434275136074,0.4970363953385958,0.17631954714919207,0.21380369727799578,0.2094725658024794,0.21591032016642545,0.2362400444045355,0.20944693105925094,0.26803104592720695,9,9,0.08874922727718328,0.2979080852833358
YER119C,0.7610928581101062,0.6159012345213117,0.7112312094073592,0.5642409180229098,0.7735911440528266,0.42128192338348447,0.04374004444349322,0.05546079737618892,0.04808833944900372,0.05907284362746724,0.04258055901292769,0.06807665020739163,8,9,0.008148589596211883,0.0902695385842416
YHR175W,0.6261683628962904,0.6035283516737053,0.5666498965146268,0.39375755158955417,0.7239313529353436,0.5692659917391059,0.05630145927866817,0.05798126594325022,0.060617926596298666,0.07169762934501536,0.04838270758489432,0.06043467715334056,8,10,0.008628124203561462,0.09288769672869202
YBR097W,0.7700740860617197,0.7520384947400514,0.7726539461988294,0.6460730228963111,0.7297856232740442,0.5511011189531345,0.02718606782429868,0.028232189951071136,0.027033118332514868,0.033729450712892725,0.02947179999531674,0.037986274018624144,7,10,0.0032708302718955796,0.05719117302430139
YDL090C,0.8388851993620534,0.8207959689413626,0.8425225570946615,0.7531084987133104,0.8084497522465799,0.7514317146111877,0.023600500184461984,0.024890142073468454,0.02333257472530548,0.029215044930716163,0.025733262330461866,0.029314085255138886,6,10,0.003517710657090959,0.05931029132529159
YJR010W,0.8365334666907125,0.9392416298700081,0.8448117426589393,0.7973875619674781,0.8469184133959415,0.8368371919295837,0.9668515618872625,0.5894519849450112,0.9420518462781913,1.0764117457480822,0.9356358507028785,0.9659529260984127,5,6,5.818940168058669,2.4122479491251867
YMR052W,0.8434440888505353,0.8803575503940204,0.8452911259003159,0.784587734945427,0.824512786847632,0.6789856954814106,0.02474237060557203,0.021629636497665368,0.024595983070322777,0.029022965550989387,0.026195657965714953,0.035429805261163856,6,10,0.0039789298572669544,0.06307875916080591
YMR098C,0.6043347349212584,0.6129825092905652,0.5761899077298223,0.5171125773877565,0.6216402017591203,0.5391197209104549,0.027825408790303433,0.02751964877793803,0.028798060363602218,0.03073976459789791,0.027210096568137977,0.030031128555505788,7,10,0.0019911699014648664,0.04462252683863686
YHR209W,0.6300646798325009,0.6120653248434973,0.5354042975310056,0.47129219230885433,0.5424197225839802,0.40521716340390457,0.0710365888169681,0.07274422132786214,0.07960801469616989,0.08492333897917362,0.07900468537830767,0.09007378510585051,7,8,0.013880066168031498,0.11781369261690891
YJR125C,0.661062847266871,0.45853788306967636,0.5328919859312068,0.2962085404617095,0.6346482126063676,0.6743330790103854,0.03682581453158889,0.046545404792142,0.04323161227616918,0.05306580653447761,0.03823388163612578,0.03609770548070586,8,9,0.004071352300618389,0.06380714929079961
YLR324W,0.38967754609050376,0.5094130494892036,0.3711727192520813,0.4407813630736752,0.38151158174292155,0.5177905489845991,0.09211859968674256,0.08258965452897954,0.09350467840201739,0.08817764014123801,0.09273281410923594,0.0818814476929902,6,8,0.014147784791280914,0.1189444609525005
YOR211C,0.7688624712900034,0.8610966340019428,0.7760856825361739,0.6295486415250017,0.7686380790269606,0.733209063361797,0.023230530444992,0.018008613558907826,0.022864664108722354,0.029409625187796773,0.0232418040074984,0.024957979845573693,6,10,0.002375751025998295,0.04874167647915175
YEL038W,0.5762360281684732,0.5965232975921695,0.5416636257629197,0.3897888887563472,0.6724970495638793,0.2393059285594733,0.03918923229138806,0.03823965557623307,0.04075650201713222,0.04702673163672509,0.03445183424078874,0.052506099395648355,7,9,0.003687759742852717,0.06072692765859901
YBL009W,0.4240790197894191,0.4625328832889696,0.46374858488909243,0.4880936459343759,0.4923076327914552,0.5010596610141093,0.06043020123073175,0.05837790961347189,0.05831184948313422,0.056972837622667936,0.05673785429171488,0.056246680836918375,7,8,0.006452058836028006,0.08032470875159153
YHL047C,0.6590689496033224,0.6718636466880904,0.6359150366380779,0.4736966630496807,0.7381306588452341,0.5478946833700044,0.112852598385575,0.11071474354001659,0.1166217774366491,0.14021560381015882,0.09890553864866154,0.12995652557532858,8,8,0.0380110360668697,0.19496419175548546
YGR198W,0.8798507938589403,0.8514384379728099,0.8789784172480405,0.7393345583256552,0.8857808639743266,0.6015163342079259,0.017807623807201484,0.019801530003804812,0.017872155475588788,0.026229333090742223,0.017362607793236697,0.0324302862178844,7,10,0.0026856176172035833,0.05182294489126977
YJR094C,0.6837289515112449,0.3466847920961498,0.6645683350981407,-0.8086779733110274,0.7083561297697865,0.3576114863978106,1.0111352612243316,1.4532519705450802,1.0413136599344242,2.4180215184341542,0.9709703382237489,1.4410479103987752,6,9,3.2893660907806432,1.8136609635708223
YPR066W,0.8333507954418099,0.8104843038598705,0.7673922299547675,0.6278175444816971,0.7902519004366738,0.6810716867027093,0.0251176819493958,0.026785547444960728,0.0296749532413984,0.03753668214441955,0.028179089191766524,0.034747572713945435,6,10,0.003852201594597786,0.062066106649263784
YNL283C,0.5096631575206306,0.21405213617360053,0.4732972412997549,0.053133973579574056,0.043973055177601195,0.17810865834057688,0.05713233168673607,0.07233218006427379,0.05921305690595187,0.07939240407588125,0.07977553991637272,0.07396766147556376,9,8,0.006773646209745736,0.08230216406477861
YBL058W,0.5834681831793587,0.48253580255063466,0.5558663374683106,0.4146686281993621,0.5738680053730953,0.4550587179546991,0.07025480091199335,0.07830546459071999,0.0725452134219669,0.08328232057460266,0.0710598012647845,0.0803575656315208,8,9,0.01205749171242153,0.10980661051330894
YPL157W,0.757357765172232,0.7027221719380661,0.7166942597633901,0.6752644443931706,0.65821881775334,0.5551886394745211,0.026123265800424348,0.02891515537533888,0.028227470208665797,0.03022102512571537,0.031004043996709647,0.03536976757730226,8,9,0.0028618158140344685,0.053495942033339954
YBR268W,0.10044996491961244,-0.12572235116326724,0.12262654331001155,-0.17772776295207682,0.23926926629293965,0.15178577879919408,0.2958898220107941,0.33100382218932906,0.2922197803183223,0.33856325440585305,0.2721026963060222,0.2873228323752797,7,8,0.09903480852721441,0.31469796397055766
YPL072W,0.8193182804802006,0.8119701379176731,0.7655841212965213,0.7050570293277806,0.730800864448891,0.6095679475369397,0.0248629077281333,0.025363444007713645,0.028319678834965695,0.03176609539548147,0.03034810941528352,0.03654833042374588,6,10,0.0034813104944743335,0.059002631250430974
YMR286W,0.8588046357284137,0.6380170446064637,0.8619579865480395,0.5036058905348562,0.8497410207104682,0.4152043902431256,0.03101099543165945,0.049653463642398775,0.030662752004737358,0.05814585989999556,0.03199084452047514,0.06311136010643152,9,9,0.006930492753056935,0.08324958109838712
YCL035C,0.49803900985152094,0.37843269978061944,0.4591483596571606,0.4922911512293704,0.3885083548993771,0.3718855956456205,0.2886093288330474,0.321158529398841,0.2995811315451808,0.29025703030088873,0.3185448917186345,0.3228455151568824,7,8,0.16885110235568002,0.41091495757112567
YKL210W,0.9191384049551753,0.8318814386624216,0.900588356124743,0.7136902747982035,0.9320792139909609,0.7796458633683028,0.07251249595901085,0.10455613836823695,0.08040079259267555,0.13644566818333698,0.0664573552356763,0.11970224793284373,5,8,0.06616625321607554,0.25722801794531547
YML010W,0.5027735155239798,0.19222699214901018,0.4526395132354376,0.42165243752880177,0.46785486992477876,0.24331435411174385,0.03340087673830709,0.04257213284458161,0.03504430583076618,0.036022611557648535,0.0345537976979087,0.04120391551604672,9,9,0.0022830457706678373,0.04778122822477293
YPL017C,0.671115286212455,0.567323989744432,0.6413578161517308,0.5923086996112905,0.5849951811393072,0.5203532912090368,0.04051549747342871,0.046470863219698094,0.04230873269582207,0.04510919259060404,0.04551199797041528,0.04892829317476832,7,10,0.005078691128608709,0.07126493617908256
YDR098C,0.3970505422672046,0.28744995913722715,0.4278716876126968,0.376991914393212,-0.01823619181672309,-0.23795214058342973,0.06588510021569602,0.07162331881396475,0.06417907838679215,0.06697205079682246,0.08561917151244741,0.09440580155281529,7,8,0.007325658186301342,0.08559005892217474
YGR020C,0.8118298310824703,0.8372190614348927,0.8113233074636528,0.638038950797487,0.8087785890940871,0.628361428962064,0.13461417926644265,0.12520370897654978,0.1347952372878953,0.18670086905334063,0.13570119728232372,0.18918025697541477,6,9,0.09799050108418754,0.3130343448955522
YIL045W,0.2977314942338608,0.6824965525784459,0.2934867473586792,0.05206995229141764,0.41686604361933066,0.5792403311515941,0.2331384557937482,0.15676046462154813,0.23384197790560488,0.27086348651992037,0.21244498579408969,0.18045934293488775,7,7,0.07875493487950666,0.2806330965504722
YKL006C-A,0.7185556642792221,0.7693224874873931,0.6635627107018278,0.6519323096880336,0.6886181264825291,0.5560424819725711,0.029305793528809864,0.026531381166788045,0.03204123828916872,0.032590354530005125,0.030825057323368217,0.036806789429473456,8,9,0.0031050428388562255,0.05572291125610924
YGL045W,0.7933930101108164,0.7752467593786215,0.7691811689256858,0.6769460165435763,0.6908720060622142,0.6795270144673528,0.028178442630424714,0.02938985631044882,0.029783799543784538,0.03523562926441749,0.03446780675437009,0.035094591753047404,7,10,0.00391058834050074,0.06253469709289987
YPR029C,0.8064471990845337,0.7252087594777448,0.7418163306117125,0.33284413358821374,0.7454385891691871,0.5892022863835578,0.021677514397745967,0.02582921429560399,0.02503653005620733,0.04024606346810281,0.02486028125946976,0.03158084615638246,7,9,0.002470430520906057,0.049703425645583596
YPR045C,0.7862464584820068,0.832116255651684,0.7840003741538619,0.6956883793963173,0.6383038769573899,0.6293244676814876,0.02372630290587834,0.02102702032637717,0.02385063304244729,0.028309531327675445,0.030863511606677874,0.031244269203863424,8,10,0.0026797850511401503,0.05176664033081682
YLL035W,0.7932681714403078,0.7806833138437699,0.7390746566447829,0.6746456354631847,0.7519596681988855,0.6123229473845551,0.02406790045366874,0.024789648630900506,0.027039126983391174,0.030193457809840393,0.026363051944457812,0.03295866263865808,8,10,0.002851164040520652,0.05339629238552666
YOL133W,0.2980184546798397,0.29108034082104617,0.2728668757709436,0.13691306789114732,0.44280044866493495,0.19656094906710908,0.15773370263597133,0.1585112754820483,0.16053458703327322,0.17489964223722826,0.14052934744981974,0.1687477997547229,7,8,0.03606421131325693,0.18990579589169188
YHR139C,0.8412297303377163,0.413941016383204,0.825087227378739,-0.24502472451785673,0.7977522032717278,0.5844199881573231,0.0984460893329552,0.1891405038031617,0.10332957419691892,0.27567848011375884,0.11111067278464822,0.15927264901381913,7,10,0.06211276938917124,0.24922433546740824
YGL153W,0.7995388597328059,0.8034689495372405,0.7965264914042306,0.7366932815373649,0.7460938761217286,0.6578591772450755,0.025111803968890824,0.024864423943738626,0.025299780380399768,0.02878019847156121,0.02826177288736331,0.03280690507118257,7,10,0.0032009490864654947,0.05657693069145316
YPR048W,0.7001547994322859,0.6593449911851099,0.6320107518979853,0.4029443120769659,0.6248431785390687,0.35344636929180007,0.025448694651146898,0.027125287467296137,0.02819256073972979,0.035910742100630964,0.02846579934903873,0.03736966781554476,8,9,0.0021977943763323484,0.046880639674948425
YGL223C,0.7471382027692953,0.7511585508134908,0.7278845621243524,0.5916481870389312,0.6619930989148646,0.09163280899948045,0.024659027887322743,0.024462210697748517,0.02558061209973705,0.03133657918838514,0.028509993956307617,0.046737455151112925,6,11,0.00244693155211334,0.049466468967507074
YNL103W,0.2818839463385454,0.3138749122382364,0.3191443005405781,0.4352180457974347,0.26011091606543957,0.2782256483862453,0.05307211281878183,0.051876504993564644,0.05167691725100477,0.04706623571308505,0.053870669078532024,0.053207123698545015,8,9,0.003991087571380009,0.06317505497726147
YMR203W,0.6697348585521881,0.7130980743728585,0.703435041167366,0.5392184578462749,0.4218156974693653,0.6247231843943086,0.0530740491763004,0.049467229237013834,0.05029337392193243,0.06269001744490021,0.07022374751328175,0.05657528118381698,7,8,0.00867870338008203,0.09315955871558232
YOR272W,0.753788849945225,0.452999317920067,0.7374447149529244,0.4183756141594923,0.5573136144902658,0.32575616180657907,0.03209205607863213,0.047834101198924915,0.03314011921935362,0.04932476076755863,0.04303202335195042,0.05310704991885938,7,9,0.004256381099251731,0.065240946492611
YEL050C,0.8721096899439094,0.6297528943252872,0.8299386395208868,0.2722529523608218,0.7815755521731406,0.1825653807039025,0.029855841010123556,0.050799135943669194,0.03442812045278775,0.07121979435609754,0.03901765034156863,0.07548088829883488,6,9,0.007092088008827938,0.0842145356148684
YML115C,0.6846947229024845,0.6644002694817126,0.6200158798394826,0.599051842779729,0.6589633206627767,0.4721070572224364,0.03614421611396789,0.03728927952645646,0.03967856108473634,0.0407584163672217,0.03759012207629641,0.046767711472035185,8,9,0.004215989486254297,0.0649306513616974
YLR203C,0.6464306276899663,0.4333268091248642,0.6715630457526052,0.2015660739831242,0.6274547882339057,0.46626021349081326,0.031543886201843715,0.0399341285793817,0.030402121238207038,0.04740207680285961,0.03237929372734903,0.038756331978786036,8,8,0.0028635771939979912,0.05351240224469456
YGL071W,0.6960687301541888,0.4797608569222028,0.683605658730023,0.2581954866247791,0.6751674981800986,0.3909327416676188,0.026873893167293005,0.035159638964925605,0.027419355845588862,0.04198436894005269,0.02778258377475044,0.03804306689532471,7,10,0.0024179032890954103,0.04917218003195923
YBR175W,0.7321062608722537,0.5535634594262145,0.7702357355022255,0.32697062216519945,0.7111841029034738,0.22610917544348264,0.028995724627020828,0.03743109669339658,0.026853068905823153,0.045958907397225704,0.030106705313699415,0.04928247762609155,8,8,0.003193438134603597,0.05651051348734674
YDL052C,0.7729237776855276,0.6672069212816663,0.7271834311518406,0.4194620319995853,0.7666099807705731,0.6527124968429714,0.03466371716705239,0.04196395811783578,0.03799484467971588,0.05542486148498316,0.03514232105492901,0.04286806495752017,8,8,0.005384330902176684,0.0733780001238565
YDR084C,0.6002310518858709,0.533069665720321,0.5381042953451243,0.5687326236752162,0.6740267560327924,0.4635118158992432,0.027621632689011112,0.029851823246323215,0.02969044992032479,0.02868917901252397,0.024942259552489226,0.03199815204184244,8,9,0.0019419711419728569,0.044067801646699566
YJL178C,0.6074100992272289,0.6189819238994784,0.6223220956111094,0.6935552300961985,0.5861580670912628,0.29540370661636606,0.04819828116990687,0.04748263143569928,0.04727404649726274,0.04258318056112326,0.0494856450954733,0.06457020515731084,7,9,0.006021117692252937,0.07759586130878976
YOL113W,0.7564840528430283,0.6855430683368176,0.7686178160122524,0.594413556833093,0.6842517832802486,0.595820500438359,0.028155327262142628,0.03199465727148919,0.02744491146518941,0.0363361233522149,0.032060281356024706,0.03627304519772448,7,10,0.003312431379201281,0.0575537260236145
YOL083W,0.8144573464618803,0.7105329457103365,0.769977956145361,0.7429222301357226,0.8212286164024425,0.7783682109953672,0.08449715666097883,0.10554065478676368,0.09408165369061154,0.09946092074646222,0.08294098985760275,0.09234985959502975,5,9,0.03915557128780688,0.1978776674812165
YOR201C,0.6308062614540579,0.5773593146360998,0.5705982852095182,0.5148795607903713,0.6225125564935768,0.41559868728803184,0.02480584757950064,0.02654071132733268,0.026752156390887422,0.028434899249825816,0.025082924011269936,0.031209190116370748,7,9,0.0016959262122427747,0.04118162469163613
YHR001W,0.8271883746255759,0.6254964860084611,0.790445640307467,0.6351770916898469,0.7526389883771696,0.554996001804714,0.018942485592134704,0.027885500041523386,0.020859257166493998,0.027522731837474574,0.022662932866414482,0.030397120463793687,6,10,0.0021127792071012007,0.04596497804961078
YFL023W,0.8035210940481362,0.8136945090533155,0.7910821279281429,0.7848213347650619,0.738761594920714,0.61506404889047,0.025928416118959442,0.025248224888520233,0.02673657786737507,0.027134237813741385,0.0298976142513887,0.03629211340970218,8,9,0.003481682644518828,0.05900578483944458
YIL107C,0.7389978746043757,0.6796988733551695,0.7330001685157634,0.651771492641761,0.7104603104150998,0.5444818334050112,0.04641464312121124,0.051417650358748165,0.04694490745214474,0.05361238827924153,0.04888628618259714,0.06131769833550622,6,9,0.008398836463908044,0.09164516606950987
YOL148C,0.7739574455906252,0.7864150233342164,0.6961653586164203,0.5895323385179677,0.7239593820830041,0.4297902877938705,0.0230217444637126,0.022378371366390412,0.026690810986923767,0.031022914746438007,0.02544073307010508,0.03656456667121408,7,10,0.002385829419486141,0.04884495285580836
YEL072W,0.7341558022358249,0.7864296076868404,0.7473825834584198,0.6748086944962044,0.8164537080217883,0.4000486122682182,0.037861513921328985,0.033935551017076036,0.03690761887873185,0.04187490601944734,0.031459889307694285,0.05687775074437649,7,8,0.00548683503485907,0.07407317351686149
YGL131C,0.7668716174262733,0.7454249192499136,0.7419034905249622,0.565417771706571,0.7289642741711135,0.6532536573278079,0.028335282788812446,0.029609966845206316,0.0298140545380869,0.03868708050475578,0.03055225330022124,0.0345569910498409,8,10,0.003504395305656097,0.059197933288722984
YGR044C,0.754456966938878,0.8077890468419135,0.7608411341041429,0.6162217113223685,0.7959166400262646,0.7254692842008743,0.05176763566462427,0.04580190993367279,0.051090219068144656,0.06471943588929313,0.04719525316923627,0.05473813463489611,8,8,0.011105603971132343,0.10538312944267855
YPL130W,-0.11057654507361825,-0.32356368835678784,0.0923892122464891,-0.1434130730483687,0.08017528823658315,0.012311749496377589,3.4267419016389997,3.7409298853401314,3.097825648118581,3.4770322848976507,3.1186000610042663,3.23159621102211,5,7,10.758889100506186,3.2800745571566186
YDR470C,0.7462452372725297,0.7268790907115337,0.7254999215624425,0.5856481361447048,0.728803513444134,0.635409702541297,0.026394531992258316,0.027383208897084194,0.027452259854218647,0.0337280717488001,0.02728656667283945,0.031638028880902086,6,10,0.0027936170155567932,0.052854678275028724
YBR110W,0.6236595196573914,0.5884763710890395,0.6540278668970836,0.37070487147512465,0.6477882456615645,0.5208245979604351,0.0266762605674157,0.02789535365477731,0.025577320354530093,0.034495438366974836,0.025806933706166824,0.03010105666950397,7,9,0.001924075478390593,0.043864284770079094
YBR234C,0.20915001827641477,-0.13839862460324093,0.19903985295602378,-0.05280890095969015,0.340753064607046,0.2434794390986833,0.06517477477423261,0.07819512275553551,0.06559004644194562,0.07519816770266771,0.059505422672621655,0.06374451960592423,9,8,0.0054653516075227485,0.07392801639109998
YGR202C,0.06854564838438093,0.138094289706854,0.13746526340939413,0.17208230360591625,0.19286907887080829,0.10679155485778025,0.2979479480094609,0.28660877951837327,0.28671334523591774,0.2809009406536051,0.2773521925538008,0.2917668999912398,6,8,0.09697780708551611,0.3114125994328362
YJR113C,0.4164393027213896,-0.0012646559446340966,0.29690889959898303,-0.1053706412348816,0.1279045962335894,0.14519195474557367,0.025778563391446276,0.03376681797868946,0.028295768526986217,0.03547885997854479,0.031513576364497885,0.031199669548015417,8,9,0.0011587360675709873,0.034040212507723676
YMR163C,0.786031456253917,0.7868503657030508,0.7077326228843495,0.5495501785558077,0.7431544706833365,0.6133168006598616,0.027927623293067753,0.02787412917046306,0.03263992734661859,0.040521192885462166,0.03059813931755012,0.03754366481781505,7,10,0.003709122377668827,0.06090256462308321
YGR145W,0.748547248841401,0.18599231731314592,0.6485795071451154,0.21553920757221579,0.16187996573118135,0.019681045330998237,0.02726311365851902,0.04905254108751468,0.032230036701332,0.048154056663274616,0.04977375082817715,0.0538308153917067,9,8,0.003007790993211429,0.054843331346768394
YPR017C,0.7476474850471069,0.7795290527035816,0.7583540477639272,0.641824177028639,0.7180316278832534,-1.5314370739610297,0.02473895539646277,0.023123481522087003,0.024208467706564363,0.029473090160897226,0.02615036394207677,0.07835398823538658,7,10,0.00246779008929064,0.04967685667683333
YDR379W,0.8167216815832442,0.7820151565116503,0.7601367102266803,0.6335481676708257,0.788765798669475,0.702347379524047,0.024188979099722244,0.02638002134154987,0.027672212650832292,0.03420349158673614,0.025968335415154687,0.03082597690352675,8,10,0.0032484570189639144,0.05699523680943798
YBL047C,0.8135320287229736,0.5252215122992379,0.7665975260614557,0.3864989233715247,0.8315390797796807,0.7709848355946864,0.04405912529956751,0.07030387521078493,0.04929313905370967,0.07991741220015877,0.04187774926686775,0.048827655097034746,7,8,0.010593040528141032,0.10292249767733502
YCL038C,0.7601857721943759,0.7004354001710067,0.7460181777992061,0.6081458857404585,0.8168169081667072,0.633453087039969,0.03562211349611656,0.039813233917441876,0.036659245947613946,0.04553490299810658,0.031133281805099205,0.04403996786219472,7,9,0.005384155055191632,0.07337680188718797
YMR289W,0.8143208673208319,0.7952456548610902,0.7682581223531928,0.3677616932475887,0.7785508969223267,0.6530728071933656,0.020660727274362755,0.0216960472974686,0.023081621565242048,0.038124526494381264,0.022563216904263023,0.028241205210381627,6,11,0.0023392748356658713,0.04836605044518181
YML007W,0.7580677935186044,0.4031968444358913,0.7339258501377508,0.5645526015449647,0.8045669441852175,0.2753070718773918,0.06423430109051632,0.10088711786284255,0.06736301262128833,0.08617633302378742,0.057732341419430955,0.11117244869363968,7,9,0.017353754837743568,0.13173365112128171
YBL022C,0.823764922660535,0.8067154864343173,0.7259911017981984,0.2253854835529544,0.828407584405169,0.7406120833362186,0.04597914887457393,0.04815188358549915,0.05733199894438297,0.09639567899053167,0.04536947930981466,0.05578142717129513,6,8,0.012206260659923317,0.11048194721276104
YGL163C,0.8050199560055902,0.8662226101280458,0.7894997670448229,0.8006164488079414,0.8097884377561076,0.6736381053535307,0.0259868388623488,0.021525325653676264,0.027001299237083335,0.026278649046386535,0.02566710148291054,0.03362080395880316,7,10,0.00352427574376364,0.059365610784052746
YHR039C-A,0.6834222337519931,0.660313370386732,0.44462551110901727,0.08844081906746082,0.7750788517291225,0.49787154529320343,0.11691704362136734,0.12110911944047242,0.1548569079084678,0.19839469483630906,0.09854912349962029,0.1472465189258893,6,9,0.043936795409595046,0.2096110574602281
YML055W,0.616394417247821,0.6314049599462498,0.6554152499611534,0.6348767289187429,0.0346299283214998,-0.2982371358211453,0.05216628214287414,0.05113546033000327,0.049441934295861655,0.05089407004765538,0.08275501882550104,0.09596755723558228,7,8,0.007218517119323078,0.08496185684954795
YPL243W,0.7687584781158846,0.5450087938432289,0.6927170647287988,0.39556629472035876,0.6606155643193381,0.43247925628008876,0.03532764973149132,0.04955452729759534,0.040724058969097886,0.057115788052055486,0.042798425980567475,0.05534427548123062,6,7,0.00549182652642442,0.07410685883522806
YHR137W,-0.7074508134424649,-1.5989959538032976,-0.4482573577485849,-3.7500421091152543,-0.38613786178740495,-0.1663516114219965,0.2161325599199498,0.2666544883477102,0.19905311040168452,0.36049133176023657,0.19473737412318648,0.1786326509581481,8,8,0.027838467950035237,0.1668486378429121
YDR143C,0.7422336953332055,0.7321831348992178,0.7294463957412338,0.5981352655935174,0.7529273749310215,0.6240072619231828,0.022370304831457546,0.022802254594491714,0.022918463129312623,0.027931790598638786,0.02190136303514747,0.027017711372578256,7,9,0.0019754716274410066,0.04444627799311216
YMR063W,0.8402510968052443,0.8267017524655929,0.7840910286082454,0.7153600629634571,0.8066700787427085,0.6626857921780203,0.025676792129694814,0.026743540896916492,0.029850881944226075,0.03427439046302553,0.028246936895561493,0.03731119336739208,7,10,0.004199492241669478,0.06480348942510332
YPR190C,0.7454786482767988,0.7488016811750935,0.7568509250370639,0.6350240294549466,0.688262299384861,0.5171402969049104,0.02624552826928216,0.02607363444575055,0.025652489527142986,0.031428622330874845,0.029046102928014045,0.03614961610716504,7,9,0.002753845391866738,0.05247709397314926
YDL018C,0.5445052316052069,0.4660712146445526,0.44586654762692335,0.07466344030277727,0.47122420975244916,0.13927306007605522,0.028356608073380016,0.030701122304184144,0.03127661674993394,0.04041684834358413,0.030552613460166817,0.0389803094214024,8,9,0.0017962976679351994,0.04238275200992969
YHR064C,0.928034983128413,0.7539565665583773,0.8864405332385318,0.35201162248145024,0.8853235606255326,0.8724913143587019,0.06259265567069149,0.11573602219704024,0.0786274759826763,0.18782191771697043,0.0790132202718052,0.08331679338115512,6,8,0.05539600714126578,0.2353635637503515
YJL029C,0.8341118850491365,0.775290719785922,0.800341513508379,0.6534329532791349,0.8066587337414988,0.6598924254678469,0.021599840915709944,0.02513931390085749,0.023696641801902795,0.031220262425093702,0.023318746209939935,0.03092794530118299,7,10,0.0028617979673455736,0.05349577522894283
YBR080C,0.8250600085274896,0.7645266636916049,0.6915708432925807,0.24205567342733247,0.8225108564664629,0.7630710021030294,0.027442931196816102,0.03183880908870652,0.036438765860616895,0.057122157126994796,0.02764215151494483,0.03193706888707821,8,8,0.0043805135740040465,0.06618544835539038
YDL150W,0.6714778239963406,0.5713023664639637,0.6594446242113574,0.26371997949470394,0.532308326752339,0.45294017159417665,0.027284472091796342,0.03116798692682671,0.0277796698513594,0.040846487642161436,0.03255464987477121,0.035208751267112225,9,8,0.0023057889723889806,0.048018631513080216
YLR074C,0.8113780603579407,0.668066389636399,0.847548549063069,0.49337497250545814,0.7760312705714467,0.4468676501750132,0.03504258318204439,0.046486368922631985,0.03150400666720921,0.05743059686363575,0.038185079823315246,0.060008744294733095,6,9,0.0066245008054760714,0.08139103639514655
YMR215W,0.4881220350244778,0.5042758691619758,0.49497914204162996,0.5710359671168835,0.4727865697112603,0.42826315268840376,0.032456385121101515,0.031940150680167076,0.03223825961277575,0.02971169104648006,0.03293898125896666,0.03430165084065715,7,8,0.0020940497683709335,0.04576078854620988
YOR308C,0.8219529585677727,0.8100834410784552,0.7614189811685197,0.6723389159602735,0.7357757583422586,0.6624229343878383,0.023282096839287995,0.024045628160150632,0.026950861671206836,0.03158400083182302,0.028362273497659667,0.032058350840730644,7,10,0.0030978655065883372,0.05565847201090179
YJL102W,0.7590138216087643,0.6734798946767901,0.7682964565873451,0.3790951421950427,0.7231007702235905,0.5658220137727367,0.025938708371277618,0.03019306785783203,0.025434231321832382,0.04163559812089377,0.02780437600656603,0.03481658565762089,7,9,0.0028409114431361604,0.053300201154743876
YOL152W,0.752808791426494,0.6445373182687444,0.7515797133262323,0.5910799418440043,0.7718506506055798,0.47054111563842094,0.03458498703163889,0.04147325416284926,0.03467086173261081,0.044482615355396035,0.03322620375938739,0.05061593069768231,7,9,0.004923742716028209,0.07016938588892031
YBR141C,0.7960978340400705,0.7995739661700539,0.782599632635868,0.7017805267952173,0.7285925799920195,0.6253703769613376,0.025557601520213948,0.025338811529601418,0.026389995236854282,0.03090844628552882,0.029486283265657824,0.03464258032875822,8,10,0.0032596538809949926,0.057093378609038306
YDR523C,-0.021945699283084208,0.4297619885938455,0.09834352464580143,0.4927472447654939,0.22269639571738054,0.4353461553965372,1.2022792144360308,0.8980892758438807,1.1293069001187377,0.8470394469318937,1.0485442655951294,0.8936811002277504,6,7,1.439249195385102,1.1996871239557012
YKR067W,0.7645781243547531,0.5978994074212635,0.6603651585864446,0.6034603069123087,0.7669557274165696,0.5767452683759611,0.029667490222627806,0.03877258499931316,0.0356339132295155,0.03850354647434412,0.029517299175522215,0.039779407584063245,7,8,0.0038042402675821287,0.06167852355222301
YJL174W,0.7383536602340395,0.6349857344451308,0.6084625011967686,-0.6680231186226779,0.7344303142843027,0.5537568119049785,0.09097727286356685,0.10745595825827514,0.11129156857283189,0.22970826165237335,0.09165682986956486,0.11881229428691165,7,9,0.032188764148940965,0.17941227424270884
YML014W,0.7915246576864722,0.786458425529377,0.7668912934128091,0.632870222891011,0.6955328225493478,-0.49716546928578076,0.02365910392463737,0.02394485240362645,0.025017861935371057,0.0313964647711332,0.02859177942176187,0.06340242151542479,8,9,0.0027320901539191686,0.0522693997853349
YGL189C,0.9352776231382829,0.6869362444431314,0.840718311383124,0.5545844965091773,0.9448499169187125,0.7037879439972123,0.6411839647940554,1.4101711295033301,1.0058618792289595,1.6820468514131397,0.5918729732769056,1.371692578780847,5,9,6.463443924304217,2.54233041210308
YJL048C,0.6599563832273116,0.5951907612614782,0.6783959680587954,0.5866767848853449,0.6436264393386387,0.5939785292110541,0.08278163889578352,0.09032166080411562,0.08050585176444373,0.09126654420320936,0.08474604610353362,0.09045679725168945,7,10,0.02050626434709698,0.14320008501078824
YBR235W,0.7915818562110778,0.7978552787208435,0.7951357648535612,0.6070340698021452,0.7957722338754467,0.6670798998512687,0.024083419406586516,0.023718192495375448,0.02387720347292357,0.033069515837032694,0.023840083957579958,0.030438300154301705,6,10,0.002831743497699806,0.053214128741339045
YBR270C,0.8460901940753979,0.8560563216786174,0.8109874561005935,0.6973354136484169,0.7533435670399752,0.6778853747125664,0.024921602633967376,0.024101225158175726,0.027617739916391937,0.034948104542509656,0.031549250407444177,0.03605355082728284,7,10,0.004106187546253437,0.06407954077748558
YJL161W,0.7133517016168248,0.6170128738715956,0.6731609454247027,0.5221808940815365,0.6881184836554453,0.6278882878782607,0.04415426255207198,0.051037575990667126,0.04714817908996927,0.05700719959587952,0.04605669502213299,0.050307718426313715,7,8,0.006920684344568392,0.08319065058387506
YBR298C,0.7283743997349243,0.6264980708021879,0.6703572496042952,0.4044002135992123,0.7072818409922315,0.5726215833248082,0.03839050851657963,0.04501786971076251,0.042292200237532315,0.056848077459247345,0.039853213682755954,0.048155379317749894,8,9,0.0055211579079355,0.07430449453388065
YBR074W,0.8910200878416068,0.877686466196591,0.8841453264512601,0.7365980926541598,0.8578373114097482,0.7968952068407696,0.02544163803470695,0.026953123396944865,0.026231831962937418,0.03955317041747631,0.029057928906564105,0.034732170880097224,6,8,0.006043615458457796,0.07774069370965116
YJL168C,0.7106685252292662,0.6838032784917916,0.6486624317060847,0.4753710366261177,0.6870162635695694,0.4464702766817986,0.02416555802236124,0.025262578097739415,0.02662939399750722,0.03254056725462166,0.02513389944606519,0.033424849544968216,8,10,0.00205376672659118,0.045318503137142335
YBR185C,0.7108418713223608,0.6118554960912524,0.705393947208429,0.3790921251016507,0.6403820054407223,0.6458942063982454,0.022127598314754703,0.025636769388092406,0.0223350746814723,0.032425013104578626,0.024676711499724186,0.024486859676221703,8,10,0.0017230040189768604,0.04150908357187449
YGL255W,0.48716188229157176,0.32816277169841324,0.45999857934238575,0.20032575352750026,0.4312595531938337,0.2456920162312558,0.12728239848756584,0.14568345566351082,0.1306097664658715,0.15894056650528163,0.13404025925251792,0.15436632105771372,7,10,0.032144712169776296,0.17928946474842378
YKL212W,0.8655892751249745,0.8871982371969831,0.7469247146073933,0.7228083558313796,0.7771664453660929,0.6854619040978118,0.03425385746285276,0.031379821432205524,0.0470021140774433,0.04919065345685333,0.044104491439837176,0.0523997423170953,5,9,0.008882560763206449,0.09424733822876086
YKR059W,0.9108884569660759,0.8444238536238198,0.9055844533594448,0.6457771836722743,0.8318901716943442,0.5629281752769452,0.11210601345092466,0.14812672879884772,0.11539412094897263,0.22351166462215857,0.15397793090990597,0.2482780540062841,6,9,0.14350829088286834,0.3788248815519756
YLR395C,0.46037191161416746,0.544907200432893,0.4299546193297127,0.33225301233697024,0.5024055930234823,0.2881905705251604,0.16172033241913905,0.148513978983824,0.16621570926397092,0.17989675125227578,0.15529415031428453,0.185737339402948,9,8,0.04931599971521193,0.22207205973560007
YNL054W,0.6275428331784272,0.6693185615097704,0.5838407204050877,0.4993242150858246,0.5696835313149569,0.5757349897178091,0.03742154096983722,0.035260495309171865,0.039556084051718496,0.043387216925122936,0.04022328009357758,0.039939452550332405,6,9,0.0038257812724603467,0.06185290027525263
YPL167C,0.7641115455481364,0.8076158520991031,0.6814091427404096,0.4619230857313483,0.6914679353935079,0.6371927439984495,0.03057739690478364,0.027614158302654023,0.03553561388613237,0.04618163961056298,0.0349701359602361,0.03792146878661003,6,9,0.004033178785630567,0.0635073128515966
YPR104C,0.781952158827683,0.8192479988083539,0.7653831876020656,0.6519968127259474,0.7288619019875282,0.6416097450205303,0.02486381003890053,0.02263775422992269,0.025791188077694017,0.0314111179981391,0.027725989606683477,0.03187644489615405,6,10,0.002884939465895896,0.05371163250075254
YJR022W,0.7971616379669384,0.8440327489193244,0.7801743487141785,0.7426101863093391,0.8306137464662198,-0.6347955145841668,0.029879211509864213,0.02620057328448536,0.031105219431960488,0.03365811290484446,0.027304433246030036,0.08482537804996254,6,9,0.004478590022190662,0.06692226850750549
YIR005W,0.8565714460457436,0.8531386730508502,0.8081133851323452,0.7487859323876238,0.7876795133079653,0.714931456032289,0.023096901121102947,0.02337166373261848,0.026715188684609696,0.030567356563657697,0.02810165228150516,0.03256196115964552,7,10,0.0037846432514691405,0.06151945425204242
YJL170C,0.8323734131236078,0.39078715564352595,0.8308784582882831,0.3575751902134834,0.8276212870218387,-0.13486474417008032,0.028480403190522613,0.05429492126908729,0.028607120583956598,0.05575525859128664,0.028881284125753446,0.07410486736371992,8,8,0.004923823787161708,0.07016996356819424
YPR175W,0.8104895293898342,0.8323528267816852,0.7806989709822509,0.7263625167376767,0.8095395386222892,0.7275341692834448,0.024403820247960496,0.022952993297909976,0.026251948713669572,0.029324391304419925,0.024464910336065817,0.029261543820006872,8,11,0.003197684138236904,0.05654806927063827
YBR005W,0.7400343602636021,0.5051411672056658,0.6957767773484176,0.5558850155188616,0.7631031025395613,0.6120197374455746,0.06172640287605022,0.08516353054186872,0.06677427406636598,0.08067903729150502,0.05892406237023831,0.07540806735706702,7,10,0.014913484458746067,0.1221207781614008
YDR259C,0.8789595691830027,0.8780398627387517,0.864943645624134,0.8600145986676232,0.802400472730679,0.8057255811201203,0.02380484816707229,0.023895115695268254,0.025145350674646547,0.02560009392783017,0.030415372243832995,0.030158378999078354,6,9,0.004763799874819917,0.06902028596593843
YGL155W,0.7605175414047048,0.7414344062234874,0.6330273656739331,0.34912042338164617,0.722884398369875,0.6008132808642642,0.01992019074884038,0.020698649288525873,0.024658887455275124,0.032840288288709205,0.021428270860318354,0.025718443469651367,8,10,0.0016860343381810865,0.0410613484700769
YIL051C,0.7583684802220709,0.828049666209411,0.701669004460697,0.681598164911452,0.8061084626933588,0.43858330946812796,0.12259683252944202,0.10341986548438113,0.13622337804404272,0.14073115046613346,0.10982011242670248,0.18687238002116077,6,9,0.06329334549839757,0.25158168752593574
YIL026C,0.7579685317962679,0.40279868700066057,0.6299699056081498,-1.1177281799921133,0.5933457656443719,0.642345838113499,0.04037108288102056,0.06341541779310714,0.049917520425827734,0.11941794377520082,0.0523295657094609,0.04907565702383273,7,9,0.006852074875407848,0.08277726061792483
YKR030W,0.6696855373471167,0.6780715493199476,0.6742031063985607,0.5918763697858627,0.6848629886838153,0.003206040212709982,0.024838244252751558,0.02452092102073007,0.02466780850247921,0.0276091457407556,0.024260894246817585,0.04314791331906521,6,10,0.0019004976434443897,0.0435946974234756
YLR304C,0.27123089077771145,-0.01877442704544352,0.18965495299135582,-0.14528380427836818,0.2985571499516956,0.21188509607735206,0.40151331595806344,0.4747270653423359,0.4233893857078347,0.5033401043387412,0.3939137326846753,0.41754159452629613,7,8,0.22509356949886433,0.47444026968509356
YOR294W,0.7516176650200601,0.5041144103356011,0.7440784822658943,0.29054200961965826,0.7612856943581551,0.5168385912832747,0.0472604525155496,0.06677720953061009,0.04797234234246762,0.07987315971850832,0.04633154108464582,0.06591490679962654,6,9,0.009150149371142833,0.09565641312082966
YDR051C,0.3615408457946898,-0.1266475079556637,-0.36710191700981554,-0.22597891188935337,-0.6639151632881857,-1.0827167079395896,0.03517618170357374,0.046727889589279495,0.05147336765729084,0.04874427741788383,0.056786843177186824,0.06353268904063815,7,9,0.0019720476824191977,0.044407743496142627
YJR067C,0.8215232249222266,0.8678698297417212,0.772412691473181,0.6064373828846261,0.7481099890792309,-1.5598983512366238,0.02402167253166968,0.02066871060946873,0.027126040585000098,0.03567133040849371,0.028537627175069663,0.09097535262153827,7,9,0.0032898637535002328,0.05735733391206597
YBR162W-A,0.8513056619594765,0.8713848176655516,0.879385094219929,0.7740036630169971,0.8755375075549978,0.814538729075855,0.2301094010922484,0.21400960480781456,0.20724670626818648,0.283685962394189,0.21052631708494646,0.2569885428797816,6,10,0.36234930295578066,0.6019545688470025
YGR258C,0.8424239268375933,0.8007282045155859,0.8215795587162702,0.8284370749133997,0.7479218959602628,0.7061456357766805,0.022273349033934523,0.025047437575203252,0.023700782811559136,0.023240855316750738,0.028171368712837104,0.030416305283887037,7,9,0.003203567726180143,0.05660006825243361
YOR301W,0.6143019256341358,0.569819990680952,0.6058543750973961,0.6165205558413314,0.6064001824043397,0.616351012317381,0.04164401490854185,0.04397987293647875,0.04209758796176253,0.041524068860797965,0.04206842979053066,0.04153324713501598,7,9,0.00457520811497211,0.06764028470499005
YPR141C,0.7096527450391528,0.7685268739644484,0.7025883522118557,0.8159334127289326,0.7365315666024872,0.7688268559830824,0.03663858640165194,0.03271373531186177,0.03708163148854917,0.02917207538568546,0.03490150394574357,0.03269253044437963,6,9,0.0047044930578437755,0.06858930716841931
YDR104C,0.2946812778305713,0.3257511244568664,0.29983330911939887,0.317978811796252,0.36399715743362715,0.2804288546002862,0.08999332111526605,0.08798885955343057,0.08966403863411729,0.08849454625546169,0.08545689354273017,0.09089802419419972,7,8,0.0116839121932472,0.10809214676953734
YER098W,0.7784268173588583,0.7536047558701408,0.7262246314663081,0.5989235463451371,0.7700423696200024,0.6293159272893041,0.027911653057236207,0.029433582184957015,0.03102588271054999,0.03755264600660411,0.02843484548415909,0.03610180559358912,8,10,0.003577725845879803,0.05981409404045006
YNL002C,0.6824817972575083,-0.30793404542573954,0.7144250901988024,-0.13466855128814403,0.5082442459681552,0.4012121676788798,0.05568024036389777,0.11300813555650287,0.052805214573709604,0.10525707485221261,0.06929334279261665,0.07646334112000663,7,7,0.00993543103277485,0.09967663233062628
YOL052C,0.6220506583286416,0.5685223413727065,0.6229270078143753,0.4590970367298235,0.6354285613069642,0.444412613806242,0.028973462706429576,0.03095727764733103,0.028939852891753073,0.03466117538754196,0.028456070398790247,0.035128515245251846,7,9,0.002260061977838501,0.047540109148365456
YPL201C,0.8120577193579759,0.650291700085972,0.8469832587826842,0.3676078868690704,0.7706828995529627,0.7235283408613471,0.048007963939639096,0.06548683648346429,0.04331821131389353,0.0880631596738255,0.05302971122082916,0.05822725954806339,6,9,0.01247829418858588,0.11170628535846083
YKL007W,0.7665974021606682,0.7229738248826879,0.7366128899442663,0.6340566337826212,0.7332782409825616,0.7321026363338936,0.046428356242268015,0.050581402628230576,0.049320528750447755,0.05813496357355673,0.0496317614380341,0.049741019823928125,8,7,0.00939753752440209,0.09694089706827604
YPR187W,0.8999214742670284,0.7121033378143433,0.8149476522553996,0.4800862483529066,0.8507888821479435,0.821960356908602,0.05847214940777188,0.09917379308133892,0.07951076073927435,0.13327364058681493,0.07139687461644936,0.07798964913921735,6,9,0.03476244829919319,0.18644690477235923
YDL031W,0.6566358929159823,-0.26294953202511073,0.5481233648521447,-0.19896961751507436,-0.2782714719681012,-0.29636859483184086,0.03597042571588684,0.06898602610723405,0.0412646412119246,0.06721593113923069,0.0694032293194257,0.06989279062889418,8,6,0.003834329213447222,0.061921960671858754
YPR100W,0.8736782461458728,0.5750302615548618,0.8531332035668194,0.49717979044487004,0.8517276529968758,0.5445292758874898,0.04133363370507567,0.07581297091812933,0.04456832618771033,0.08246523016024906,0.04478108316709663,0.07848646097536656,7,9,0.013762019346667445,0.11731163346687934
YMR031C,0.5773907385548614,0.04485197757786463,0.5794628847019497,0.48366013269332897,0.5982696778963053,0.6443884381484534,0.09492318567687372,0.14270465508444313,0.09469018508540641,0.10492298298703738,0.09254865387041346,0.08707444922322594,7,8,0.021694954191964714,0.147292071042418
YFL017W-A,0.7749690626838607,0.6897006173672361,0.7973932186610885,0.7517328653520803,0.749117944442995,0.6685012904570726,0.028256777440082616,0.03318119113054611,0.02681195643451175,0.029679811089750444,0.029835705800578868,0.034295918422171424,7,9,0.0036104070679086513,0.06008666297863987
YDL115C,0.32491250016447104,0.32612182142362733,0.33559120352355276,0.36258619359324695,0.32712915223189687,0.2817614639242416,0.12025600554154157,0.12014824667263212,0.11930109440718348,0.1168523561972248,0.12005841271045439,0.12403980998598095,7,7,0.021797496649269187,0.14763975294367432
YKL112W,0.5442342811654183,0.10229618879946145,0.4510927133683993,-0.2961817260217112,0.5166316845262141,0.20615379986696736,0.02884240912886202,0.040478763673503906,0.03165265929230938,0.048640009628101964,0.029702964397751972,0.038065267860444466,8,9,0.0018572678800031343,0.04309603090776614
YFR007W,0.8140554212423124,0.7934328761939724,0.7413513366889768,0.7323953221405165,0.7478686734811184,0.6377644710460515,0.02492564246084574,0.0262715200767055,0.02939745402189153,0.029902083579449706,0.029024717740319044,0.03478965508159145,7,10,0.0033998702176720923,0.05830840606355221
YCL051W,0.8461114003929618,0.8475009997223641,0.83409731391062,0.7718424353145182,0.7889211172860997,0.7053045284115032,0.020700459717449448,0.020606786186900747,0.021493318553882586,0.025205435345865487,0.024243714442251357,0.02864596769387397,7,10,0.002833392050820949,0.053229616294136
YCR021C,0.5355772058990638,-1.759546176095237,0.6744389164181085,-0.5607567985665294,0.5056803858655288,-0.03542064459152927,0.08906404118254889,0.2171023208750163,0.07456961073887569,0.1632725783582959,0.09188604418584229,0.13298542431124127,8,9,0.017379785201713533,0.1318324133197657
YDR468C,0.8061618699952089,0.7758709993435888,0.782188693924067,0.657365179222653,0.7723063933136891,0.7551928244710457,0.029812455054791378,0.03205731637394513,0.031602274824806056,0.03963637095323887,0.032311234717229936,0.03350350222440829,7,8,0.0046656204916754925,0.06830534746032328
YGR038W,0.1127387321901605,-0.03860804623089775,0.03559759085491154,0.10759059971666185,0.11882830223821894,0.13616943538040638,0.11356273928141819,0.12286719380804652,0.11839660284099288,0.11389172378912268,0.1131723588196925,0.11205323036783243,7,8,0.014790175724620668,0.12161486637998115
YIL014W,0.6837065353796774,0.6470015844409246,0.6806349651633439,0.5075481673270611,0.7105138813651806,0.5248978532764055,0.027502713744399457,0.0290547282218455,0.02763593245555784,0.03431723734458209,0.02631142144950052,0.03370729762585602,7,9,0.002433402873955786,0.04932953348609519
YKL060C,0.8378092628043917,0.8649881372385448,0.8312754796508456,0.6072287872017224,0.8832297067000876,0.582594295859146,2.23719266883236,2.041156612472178,2.2818099244393304,3.481450209881968,1.8982637271781855,3.588967730366507,5,9,31.40030489778281,5.603597496054014
YKL094W,0.5350574879616963,0.3779900965337425,0.4670431330829099,0.3632639044924303,0.6050819518603608,0.4448991023991167,0.054735764924987454,0.06330969372573393,0.058602695712921704,0.06405474369938283,0.05044580464734681,0.059807758713401965,9,9,0.006556865324219989,0.0809744732876972
YDL065C,0.6479673079798816,0.46992988882099584,0.5968384981484334,0.4305129947766688,0.6626118827535237,0.4854419870155866,0.05372393259284497,0.0659239096399859,0.057493112988742524,0.06833106764868536,0.05259460387903763,0.06495214082269075,7,7,0.008342682814800129,0.09133828778119354
YPL075W,0.6865462843516325,0.5890950208861744,0.6445645935579616,0.19041328580856587,0.5806635292802116,0.44343705534765565,0.0283499089642065,0.03245903912671825,0.0301887618413432,0.04556135627930512,0.03279036684125348,0.03777653336489052,8,9,0.002609053910136301,0.051078898873569124
YBR199W,0.7835523114282181,0.2677526257157167,0.7477195905297266,0.41244111392972604,0.7663664654805553,0.6680305192838487,0.046001493309860135,0.08461052024429155,0.04966348794617246,0.07579161360047411,0.047792862568013336,0.05696977883066326,8,9,0.009948189413601358,0.0997406106538423
YPR001W,0.08256742136619177,0.16925468075498473,-0.032418243746893616,-1.1651082725977693,0.40885463094742525,-0.4297848429842015,0.3321300524389055,0.31604945551129954,0.352329437232723,0.5102240252739627,0.2666049697897846,0.41462591162647466,7,8,0.12234756430793846,0.3497821669381366
YHR041C,0.4866253000272377,0.20675299571857375,0.4838901419163417,0.34559491946288556,0.3970649043627056,0.32151514849844554,0.031175985917847968,0.03875316575563523,0.03125892531401293,0.03519867348708037,0.03378611434881279,0.03584041612595048,9,9,0.0019264558883712681,0.043891410188911316
YLR032W,0.7836803949633397,0.8142279048043841,0.7303918138931415,0.6387436074258404,0.769841650916755,0.693590099102313,0.026215404461239385,0.024293990734841675,0.0292667945703802,0.03387789302484808,0.027040952716879486,0.031200389743048673,7,10,0.0032327370578487573,0.05685716364583057
YJR089W,0.7661452413786153,0.7578925175204103,0.7250984447875707,0.6006735225902784,0.699523490018124,0.6282142492305494,0.026018826436512252,0.026473947553196917,0.028210007178216662,0.03399997923645838,0.029493061838729715,0.032806580753267055,6,10,0.002945658080810289,0.05427391713162308
YIL008W,0.7422945977888273,0.7413651732424849,0.6994369210940794,0.5312972839951513,0.7000667047442761,0.7398993898532097,0.049746100298282546,0.04983572518392072,0.053723598563312804,0.06708818071303033,0.053667284284238455,0.04997674480798086,8,9,0.00977119538549268,0.09884935703125579
YMR228W,0.7745629701889445,0.7487128263916314,0.6898067864976782,0.5309450076994819,0.6677377559104987,0.5436422528977369,0.0240376921469623,0.02537846220336921,0.028196570423690653,0.03467304819202527,0.029182375331266906,0.034200531522665216,7,10,0.0026080350379113124,0.0510689243856899
YLR019W,0.7747852694381516,0.4149521152597354,0.41356395612753416,0.20793273204098528,0.6984192385912564,0.6125327343252631,0.04105195410224096,0.06616543086882447,0.06624388062599659,0.07698683601696041,0.0475047738455965,0.05384593805066543,6,8,0.007614195340370184,0.08725935674969294
YBR237W,0.8020500743555874,0.8180374821925693,0.7472529761967162,0.6162420164647834,0.7881552532731209,0.6716593942052909,0.024541255609375413,0.023529357921551072,0.027730783009103106,0.034170223474364714,0.025387968854242892,0.031606863797297845,7,11,0.003095931568817378,0.05564109604255993
YDL240W,0.8117301977512099,0.7968378547445691,0.7394650350182084,0.6394636332967403,0.7701338907345083,0.6350221764685613,0.025040724198958995,0.02601225164026171,0.029457070868810442,0.03465222220164997,0.027669035728507527,0.03486500968481631,8,10,0.0033889584263929514,0.0582147612413978
YGR033C,0.6882216910295793,0.5390740121223749,0.7233141853694707,0.5429833596805602,0.5888817365302749,0.4756959770775935,0.021204198565915617,0.025781875774205626,0.01997525632199663,0.025672308359516005,0.024349065561125396,0.02749732893549302,7,9,0.0014674082814398605,0.03830676547869659
YNL328C,0.8879123332782424,0.8383766780000974,0.8612964264994095,0.7417598049246312,0.813284243877982,0.7020484098610404,0.02237329592565224,0.02686600350632198,0.02488827963525167,0.03395963182334358,0.028876299423780224,0.036477402589213975,8,10,0.004544177040494034,0.06741051135018955
YGL200C,0.42429254673299976,0.07699093722405526,-0.045737811750869994,0.3042934088439867,0.1182633234034296,-0.2037369509927509,0.1913386746192682,0.2422728889192324,0.2578773751918784,0.21033662171186068,0.23679432415436072,0.27667354292197016,5,8,0.06470782593472063,0.2543773298364472
YHR132W-A,0.6573665788625678,0.7141969547263491,0.6269494847837611,0.6866380159982618,0.6241580904476449,0.6533117244675619,0.08081557699982503,0.07380973442171002,0.08432649293232018,0.07728645204780724,0.08464139640302945,0.08129237166451818,7,9,0.019396062339833615,0.1392697466782848
YDR196C,0.16698970100373933,0.11361014415198367,0.2926625486009309,0.041471820405479365,0.22992907690739584,-0.06354318078408006,0.11559609384876958,0.1192423048793218,0.10652003491666091,0.12399963764506158,0.1111433124574303,0.1306157465872027,6,7,0.016322590486729797,0.12775989388978765
YBR041W,0.753567373960535,0.656803047835822,0.7249025732002503,0.4428478681971443,0.725811267464137,0.5336996692547435,0.022050041223994427,0.02602148122957805,0.02329719137997683,0.03315486023969567,0.023258682231760513,0.030331449488076218,7,9,0.002007584085948345,0.04480607197633313
YKL172W,0.5092280885426761,-1.2611656422192135,0.5662483104829884,-0.9103898727779327,-0.3805449696229777,-0.07271512899753318,0.0703819649541751,0.15107330389452586,0.06616710415642894,0.13886172047123788,0.11804478814913866,0.10405518867828616,8,6,0.010270609430887888,0.10134401526921996
YNR060W,0.6741483071150167,0.4742636400389053,0.6835609155740686,0.5725687196336506,0.21339598089436618,0.5247766285761397,0.03275963486494354,0.04161147099290311,0.032283017485972995,0.03751994667984724,0.05089875298083158,0.03956197436807454,7,9,0.003351284217837245,0.05789027740335371
YOR017W,0.7748086834170037,0.7940078734259811,0.756096237957436,0.7010566747415976,0.7314514733066972,0.5613281830365032,0.024201889828873883,0.023147216311350628,0.02518736345663409,0.027884822871000418,0.02642925046308986,0.03377873071985589,8,10,0.0026466715993183182,0.05144581226220768
YBR045C,-0.09546192695785227,-0.1436678610289337,-0.04496541475945204,0.08132248750837945,0.0417186845092864,-0.01834251415945931,0.6861287366021462,0.7010628003759855,0.6701282450352078,0.6283310299392513,0.6417316735854552,0.6615366390316526,6,7,0.43728750455102033,0.6612771767957975
YDL112W,0.7701705172117015,0.5714787387607871,0.673341329228863,0.35729404183605873,0.6421357564307145,0.3755982713772944,0.02855356639488072,0.038989141946376975,0.034041178398221024,0.047748931028809026,0.035630067415143574,0.04706407621554132,8,6,0.0036096751406151898,0.06008057207296873
YHR199C,0.6555485852482326,0.570088758387151,0.5274213552702769,0.333051856112743,0.6125392456311557,0.5930576659863477,0.04372324256801507,0.04884698655483254,0.05121361379213438,0.060840729111462745,0.04637268427498225,0.04752419964743496,9,8,0.005647417425991619,0.07514930090154943
YCR092C,0.7445764187609372,0.7763727742336742,0.7060276092904357,0.5336951507222121,0.7311846133554716,0.559529806305407,0.026933363796809315,0.025201270764325108,0.028894379633075996,0.03639109036803731,0.02763039949160118,0.03536864036522763,8,10,0.002889836969561167,0.05375720388525771
YOR164C,0.7508041484878674,0.6707765933259464,0.7311005233697583,0.5005752480066195,0.7513767832022187,0.6282506817511243,0.027816134648823293,0.03197214163083867,0.028894910550271703,0.03937870294039836,0.027784156497124304,0.03397437423037296,7,9,0.003159409281661759,0.05620862284082184
YMR137C,0.8292663392453873,0.8155547977425364,0.8030058531255324,0.6951415272159043,0.7560449134358894,0.7022402131753451,0.02566229755769071,0.026672863454958534,0.0275652935333504,0.03429139043312686,0.030675446941200234,0.03388979818965795,6,10,0.003924868027972817,0.0626487671704146
YML064C,0.8201695754329242,0.8209467461526625,0.827860394302816,0.7105647909914055,0.7796033431095184,-0.4318613606167727,0.023896109875358777,0.02384441821827198,0.02337954331547688,0.030315958373324802,0.026454412611661836,0.06742890491046584,8,10,0.003231055226971825,0.0568423717570953
YGR148C,0.8721756052250965,0.7941746471646021,0.8923793732447377,0.7024004793781946,0.8647098867268588,0.8860841030251324,0.42531324219488437,0.5396988174718945,0.39025618135088486,0.6489603240718956,0.4375574295650753,0.401507996586829,6,10,1.4399824605978797,1.1999926918935298
YGR271C-A,0.44564426082630104,-0.37303079762311264,0.22320652052693934,-0.32692126387327125,0.06348536257470083,-0.20489706893724335,0.03845564335977973,0.06052097929916328,0.04552171265871967,0.05949608436033728,0.04998308898104159,0.056694480660619384,9,8,0.0027144681654537686,0.052100558206738715
YIL143C,0.7709931063835727,0.7192596376623532,0.7346665881876913,0.4926377728551935,0.704456534162871,0.6062032101835646,0.025832934811786872,0.02860236195330105,0.02780644321852464,0.038451079387096194,0.02934675937577933,0.03387548766113014,6,10,0.002965186936974117,0.05445353006898742
YHR004C,0.7619638676475866,0.6763763209854563,0.7512308252021139,0.620823607540824,0.7776403301830818,0.7025560048572852,0.03213302618402419,0.03746712167425225,0.032849477651284015,0.0405555999568258,0.031056906572046596,0.03591970722891511,5,10,0.004413808722353452,0.06643650143071542
YOR145C,0.6400135491334992,0.41137613225057934,0.5547525875415658,-0.010086833522257033,0.4111430559877277,0.4825931306364424,0.05379366519271729,0.06878709868643362,0.05982583380610506,0.09010884294753052,0.06880071608625658,0.06449174872915546,7,9,0.008179547033693797,0.09044084825837159
YKL124W,0.8220302107302435,0.8632172955133975,0.777231298458461,0.7918833623911982,0.7671565341677546,0.6830568101228127,0.030516206674879684,0.02675303129972866,0.034141648843123776,0.03299976178060383,0.0349051438360808,0.04072378319933334,6,10,0.005324366555380298,0.07296825717653052
YER114C,0.8607764575667819,0.8457916140045031,0.8051554472957785,0.4533656216340113,0.8600964748221251,0.7723273626677559,0.023666473545836755,0.02490756119778745,0.02799763481421881,0.046894907214901346,0.02372419794884871,0.030264439099062034,6,8,0.004093620306506196,0.0639814059434942
YJR024C,0.784509304218082,0.7457149338684277,0.8072648330298255,0.6507557410453213,0.7361601689849894,0.5997550504776181,0.04286621007120325,0.046565176548663635,0.040539772615683006,0.05457144631274798,0.047431952924602255,0.05842029645560302,9,7,0.008676704166353152,0.09314882804605301
YNL251C,0.660202609418024,0.4706467419141882,0.5220186089251265,0.11026623510410838,0.626799923064673,0.041242041207084856,0.080899653166056,0.10097397079449427,0.09594937152054106,0.13090814716637195,0.08478275060735192,0.13589113657457344,8,9,0.01959866176291958,0.1399952205002713
YFL004W,0.3708274522130621,0.49203124429564915,0.36330812213519625,0.2418570277617208,0.3375376077939566,0.27698800096980614,0.056986973695905024,0.05120462759657394,0.05732649199101279,0.06255561073656989,0.058475147505499356,0.061089063042738846,9,9,0.005252119045895709,0.07247150506161514
YOR157C,0.486931864729946,0.558989461794491,0.49597273116403184,0.3908959882791567,0.5337545866855947,0.26921358244758586,0.2162980746396487,0.2005347383646386,0.21438389086364162,0.23567355992145267,0.2061922882498528,0.258143007516902,8,9,0.09278620281944122,0.30460827766073795
YJL187C,0.692840434900864,0.6518185868306801,0.638220110237663,0.3920579468308524,0.5757539918836876,0.5317178514874856,0.025218071825297898,0.026849280194793785,0.027368567487866934,0.0354781485868688,0.029637306916413253,0.03113749397146266,9,10,0.002106749252742399,0.0458993382603976
YPR167C,0.8656808411021597,0.927629781610362,0.8346116596079265,0.6482487828878307,0.8293992537252686,0.8794279921844591,0.18577713669360865,0.13636509669856078,0.20614638710458297,0.30063607140947685,0.20936965937887245,0.17601372323470837,5,6,0.2614566571866423,0.5113283262118795
YOR005C,0.7466612817602301,0.7372375484040847,0.7196180887691805,0.5575717343996118,0.7626477904394761,0.6394661425868278,0.03445930011927731,0.03509435950608648,0.036251890870867005,0.04553833007193718,0.03335433662940449,0.041108222230813354,7,10,0.004769407980104431,0.06906090051617073
YBR157C,0.5695398725923888,0.6747411313026008,0.504631886827654,0.7418995291183934,0.6172239836602658,0.4290017254648537,0.04746305096585532,0.04125758092730371,0.05091587486651932,0.0367522206376411,0.044757059477500194,0.05466465161027138,7,9,0.005325145899931337,0.07297359727964174
YIL097W,0.7750117588169256,0.74057965890772,0.778770273497571,0.6736443261766004,0.7728704233529543,0.7418839579995755,0.03412750546111627,0.036646005926096785,0.03384124839734171,0.041102687411934756,0.034289525880765184,0.03655376647068767,6,9,0.005267474075627541,0.07257736613867674
YKL167C,0.5514234549245882,0.48534644400605864,0.507293014975772,0.616136604585056,0.6200494958445427,0.4674053771608766,0.03528274246796074,0.037792145053463184,0.036977573886571226,0.03263866630686424,0.03247188995063529,0.03844522815716155,8,8,0.002823847542059935,0.05313988654541836
YPL141C,0.7704780770158735,0.8092298089518652,0.7529726106955124,0.6139839382940611,0.6891116050736046,0.18164712131900784,0.027977904902848297,0.02550693996919812,0.029025229144037233,0.03628321736091269,0.032561571593963286,0.05282912407097227,7,10,0.003470238657218581,0.058908731587249276
YDR512C,0.6218063751738623,0.5830412496117516,0.6015422253521626,0.5609871745711477,0.6358282971524039,0.5660245072223706,0.09985707758193246,0.10484996654240492,0.10249741263790872,0.10758713782450473,0.09798844107788923,0.10696811740545888,6,9,0.026828515209785297,0.163794124466616
YPR069C,0.5376387631796747,0.4323817024638186,0.5521931451108384,0.12514793134947877,0.4852017833611958,-0.3405534600531184,0.06060265685767765,0.06714739199043661,0.0596411933499558,0.08336202723636105,0.06394689662482994,0.10319128602209242,8,9,0.00808267375910018,0.08990369157659868
YDR197W,0.8173306839420545,0.822441048998913,0.7384660733307952,0.6950207141113686,0.7638028493420683,0.5840857868726292,0.02208616889654046,0.02177503555978686,0.02642722758618495,0.02853794911191804,0.02511452188426397,0.03332648179433252,7,9,0.002717241964408314,0.05212717107620856
YJL186W,0.7862548970352996,0.8109464580996742,0.7872914529696191,0.6179194114969824,0.7636304049239875,0.6945254690206724,0.032035720991267426,0.030128591215649494,0.03195794804293938,0.04283156102602218,0.03368854244956042,0.03829780814215253,7,10,0.004885690700707849,0.0698977159906377
YBR194W,0.7938255910115013,0.7959921783991075,0.7893260715981067,0.7678597714094345,0.7829817677546922,-1.4579653196661746,0.026140726993385925,0.026003014104607546,0.02642443311253289,0.027738021867220398,0.026819358961157218,0.0902585095749485,7,10,0.0033725135444172875,0.05807334624780362
YLR363C,0.7383142303657755,0.6452303980050424,0.7013147897390152,0.6632677038584763,0.6242757611410832,0.5393744234711573,0.025092992627042038,0.0292169990286426,0.026808299392413318,0.028464580754706304,0.030067478728877838,0.03329173508473303,8,10,0.002448375073469561,0.04948105772383571
YML022W,0.8849394995524502,0.5192233699594203,0.8443789235154026,0.5254478397092339,0.7291788107602395,0.6669927632074092,0.061084168102737785,0.1248639900682908,0.07103947478458612,0.12405306865472587,0.09371451345474437,0.10391838054492669,7,7,0.03299774078287281,0.1816528028489316
YOR288C,0.7560710730441498,0.6746986687330729,0.7001097588283387,0.5404504856542145,0.7037194404030613,0.6603168026857015,0.060727458214330746,0.07012879416813869,0.06733403151335556,0.083352687457128,0.06692756573624786,0.07166225722916061,7,8,0.015383673014302305,0.12403093571485424
YDR080W,0.8012231289177791,0.7826104926639398,0.7455566204358628,0.6230781936236045,0.7661247196931859,0.6612941521008511,0.024754866098287396,0.025887907348047322,0.028007428382336302,0.034088138704888575,0.02685157823366317,0.03231387226814793,7,10,0.003136956170570507,0.056008536586582114
YCL056C,0.6524124400292362,0.6184660545956537,0.5989700811248846,0.3827695468619978,0.7285738594549193,0.445354760396492,0.030345951275005226,0.03179327272965055,0.032595453740789884,0.040438246605397084,0.026816029793616504,0.03833330712402211,8,10,0.0026958171100083957,0.05192125874830459
YGL087C,0.7249194882099177,0.7248646508515258,0.7028276133693627,0.792070774228545,0.769159307568343,0.6308872336764001,0.06840154759764731,0.06840836518940566,0.07109519374353626,0.059469431137176405,0.06266026109167602,0.07923472392722432,6,9,0.01730713454416814,0.13155658305143128
YBR060C,0.7606562013287859,0.752999607624364,0.709663271636672,0.5787619321213964,0.6906954785340129,0.5045961323112592,0.024356838875133312,0.024743358925226364,0.026826302827464534,0.032312729088939014,0.027688725623663785,0.0350420520096778,8,10,0.002522160993194242,0.05022112098703335
YJR123W,0.9481270706673491,0.7783297207489686,0.7885354689435671,0.6182085060677833,0.9561404929125699,0.8494913025822679,0.6795917735349326,1.4048548668795946,1.3721338961974086,1.8437025244701277,0.6248986687104559,1.1576000176435586,6,9,9.059590969460643,3.0099154422442904
YLR181C,0.698168970541734,0.6518407589450521,0.6652246138034323,0.6378885159619023,0.6932823883856574,0.6316294974937477,0.03640996130805857,0.03910454512510963,0.038345555601714966,0.03988039251127377,0.036703512828314494,0.040223577861324585,7,9,0.004469198946873439,0.06685206763349537
YOR048C,0.724146733877388,0.6310570586918893,0.6279021335397676,0.4470496986830369,0.6076079303028412,0.4287728453207029,0.02408643825047151,0.02785563875722589,0.027974485560113466,0.034101742312853685,0.028727221939306682,0.03466074881976864,9,10,0.0021400315473340597,0.046260475001172
YDR299W,0.6442168850419268,0.2045455063394006,0.6605052728327738,0.16249240323317715,-0.14203383676366332,0.07136359446798579,0.029670678017392153,0.044365203087915014,0.02898353282450902,0.04552282253740492,0.05315869243720177,0.04793554360862522,9,8,0.0025178087941768977,0.050177771913237613
YEL060C,0.7227604251320443,0.44989604217090906,0.7466749072835022,0.4649715316397891,0.6506673241998665,0.44588218252617684,1.2367604017496208,1.7421291369981609,1.1822166314221314,1.718091958345411,1.388281590931939,1.7484733492983784,6,10,5.613956679362956,2.3693789649110495
YIL137C,0.7750358262358036,0.6865166876079196,0.7081936530102328,0.512666032907868,0.7491498373450891,0.6837204464652238,0.026783984363131397,0.03161736812806868,0.03050463755674296,0.03942138184952546,0.02828301447583618,0.03175806701825768,7,10,0.0032448165060532056,0.056963290863969625
YDR463W,0.7880244480889946,0.6253208635881109,0.775710786553934,0.5701845090444574,0.801589184859948,0.7270987163298057,0.026979391512645636,0.035868979298428035,0.027751946977575673,0.0384176057166435,0.026101888718568306,0.030612024509093484,6,10,0.0034940705049264485,0.059110663208311646
YKR025W,0.7576219581230602,0.7455173891498816,0.7607636934251276,0.5944726617877291,0.6511698649168023,0.585485239031146,0.02527171533853326,0.025895073055959554,0.025107393501866956,0.03268873792261448,0.030317618434660243,0.033048981879583626,7,9,0.002681200596546861,0.051780310896583664
YOR148C,0.814718542117144,0.8196042947156295,0.8011883496194326,0.612747424383902,0.7507073491084415,0.6109557299464063,0.024478660164131694,0.024153760764226966,0.025356691022169565,0.03538904319629125,0.028393988448226697,0.035470815642428044,7,10,0.0032907619325243847,0.057365163056722714
YPL246C,0.2720510733363044,-0.07683622364987142,0.2655036402617822,0.06459907579736845,-0.06479335943827103,0.06820806985128791,0.04549111184310223,0.055328758410827954,0.0456952355474797,0.051567371355226335,0.05501850224142166,0.05146779576721885,10,9,0.0028927128903570684,0.053783946399990665
YFL038C,0.2514452790643553,0.5820183598502724,0.3809610713810051,0.5417008923876494,0.27787580596072314,0.40951069146693864,0.4026458015762369,0.30087770036975764,0.36615956084798595,0.3150546573131882,0.39547346231685904,0.3576163921967271,6,8,0.22038190572564295,0.4694485123265841
YDR357C,0.6129934015008365,0.7043708219093688,0.5030349368554394,0.6502821089757924,0.6113001065082355,0.6132314251318274,0.03565097787916836,0.03115917208819593,0.04039942567541079,0.03388997021522474,0.035728885767602574,0.03564001284600703,7,9,0.0033417785069940727,0.05780811800252688
YLL018C-A,0.7234415625146721,0.6582029449125233,0.6971857716707611,0.6516568275313183,0.6145563915851124,0.6419661399616738,0.13321105936481062,0.14809179047252244,0.1393910740212472,0.14950319604995826,0.15726325119344328,0.15156847326019798,7,8,0.06529001812356049,0.25551911498664925
YPL149W,0.7208237920376512,0.6922092798404166,0.6906483553776508,0.4855302010804472,0.7314327479062239,0.3267003173434716,0.03250065761618144,0.03412563233764195,0.034212054972464566,0.04411973439052824,0.03187714914397065,0.05047277133959041,7,9,0.0038499849432168374,0.06204824689881929
YLR435W,0.7449049149938369,0.42032335307350566,0.7725460499604441,0.34276775574346796,0.5023622029168471,0.3400013285124317,0.0366790461960789,0.0552916933205799,0.03463488339896536,0.05887438984262694,0.05122991881889837,0.05899816700528378,6,9,0.005366450333721574,0.07325606004776379
YPR088C,0.28867715287560325,0.0472168640947217,0.3880446344961812,-0.10477861836409819,0.17498361529105444,0.35681034064363615,0.032090490084265906,0.037139837688047544,0.029764791457752134,0.0399926885321177,0.034560041669527815,0.03051493838694815,8,10,0.0014731232335976994,0.03838128754481407
YHR206W,0.4790634928654516,0.6928676312089065,0.553850051651855,0.4714174359406974,0.4482312367365937,0.49689153235825745,0.03574441397526936,0.027445969667057733,0.033079292165414755,0.03600577813141036,0.03678699723272186,0.03512744785766364,7,9,0.0024956559105942314,0.04995654021841616
YMR250W,0.6831872460745831,-0.039955073398741714,0.59143321820132,0.4067835798655346,0.6960828744005227,0.5219070103021313,0.15070826514833546,0.2730505346277573,0.17114620326218427,0.20622548046420922,0.14760916678803324,0.1851364492362859,9,8,0.0729498868078002,0.2700923671779715
YAL053W,0.6885415404461622,0.4634403263898197,0.6521726942207545,0.28168635017195165,0.6649909887685814,0.4399967809777232,0.10159097300913843,0.13334111083798017,0.10735861264677177,0.15428088230972498,0.10536182845163504,0.13622296097118358,8,9,0.033718111804848384,0.18362492152441723
YBL084C,-0.014727998216967242,0.19172355353750725,-0.09456876617571242,0.021805617321555504,0.18803729940374247,0.24016329787363755,0.310689712838925,0.2772885991018784,0.32268113626138956,0.3050455080685218,0.2779201859052896,0.2688513277185716,6,7,0.09679596230136243,0.3111204948269439
YLR253W,0.6017733526064954,0.6211444553464762,0.5259005305348055,0.37438485451933146,0.5543426579307218,0.4944361697239782,0.025195639836736016,0.02457519975952074,0.02749128040262027,0.03158012610217488,0.026653900107277664,0.028388878141093674,7,10,0.0016220849826934665,0.04027511617231497
YML042W,0.39843566986841406,0.3508106979419231,-0.1342939064873987,-0.7104254164843438,0.600170215824215,-0.07073108293371777,0.3732361038050157,0.3877290008932496,0.5125136165885386,0.6293535402208753,0.30428474504678726,0.4979466488546569,6,8,0.235634216942306,0.48542168981443956
YOR236W,0.6942383916322549,0.7442087792715412,0.6920857634945213,0.7501457798342586,0.7949699626706173,0.5809167882743824,0.03239162785563795,0.02962675693124557,0.03250544992194453,0.02928091485810247,0.02652467324100542,0.03792201702806101,7,9,0.0034916904262971673,0.05909052738212079
YER054C,0.7305264579997781,0.5913986068688362,0.6720510877909485,0.6954180680692352,0.7405814016265694,0.669642514483501,0.05389101713830078,0.0663602840991131,0.05945130778373533,0.05729416357547684,0.05287603353992012,0.05966922416339443,7,9,0.010966543563170564,0.10472126605026585
YAR042W,0.8319103046362926,0.8135228739351422,0.8195182673079131,0.7129773938556652,0.7961580836561842,0.6955632270174631,0.025064741631591524,0.026400093856939512,0.0259722343592307,0.03275297388575334,0.027601928971500756,0.0337319340138813,6,10,0.0038031067186810163,0.0616693336973979
YBR215W,0.7667726089842299,0.8126020359540533,0.7403520572866041,0.7006888019143632,0.784538266982644,0.6805455705605243,0.02730724358888318,0.024477695136845452,0.028812472635609557,0.030934960798034355,0.026246606590159812,0.03195895310448991,7,10,0.003253338948705973,0.05703804825470427
YGR277C,0.7576800150520299,0.7252820710068726,0.7736972681005931,0.7109088295451933,0.6911750283344379,0.7067756117425357,0.026946189636665504,0.02869103710272148,0.02604039955090032,0.029432026029460656,0.03041998182918994,0.02964167830313259,6,9,0.0030490084519370327,0.055217827301850916
YMR105C,0.6260623014673649,-0.26427094247774074,0.754807518740223,0.4040210723276447,0.6805295192566239,0.2727174707161707,0.2889513161857696,0.53130650092269,0.23397994035958772,0.3647879667863347,0.26707941684355385,0.40297363160647676,8,8,0.22719733937296765,0.47665222056858986
YCR093W,0.8500748255266597,0.8048578366696979,0.8118102546479652,0.6916682656441319,0.8527470410449781,0.7471477885302789,0.027427017228377447,0.03129081359977035,0.030728352427459377,0.0393323967039115,0.02718149334419722,0.03561842208288614,7,9,0.005105470059105778,0.07145257209580197
YEL013W,0.8309231862856299,0.7801360008892515,0.6993906581126312,0.33742716300525144,0.7655257148757307,0.6611059108742637,0.029343988569201996,0.033462175984543624,0.03912716247822473,0.058089004137392285,0.0345561004361164,0.04154407698947021,7,9,0.005182118891731216,0.07198693556285901
YER123W,0.07849165514864642,0.05792289674794304,0.0682131068950308,0.30031813532591967,0.23372299324945922,0.12600633145916496,0.10650507886744236,0.10768715573755708,0.10709741309437115,0.09280491788709076,0.09712109699508804,0.1037229417005588,7,7,0.012525483584096567,0.11191730690155373
YDR251W,0.8479490952622826,0.5840564841189853,0.7912669529419322,0.606907013197498,0.7514585124690738,0.5403707065721218,0.023646332247488175,0.03910987810374118,0.027705429655283224,0.03802042182488398,0.030232128840721673,0.04111242866592252,7,9,0.003741895925075337,0.06117103828671978
YPR074C,0.9555876411751004,0.903318613274096,0.9198813934865626,0.851902798739159,0.9086788736438796,0.8523550702208479,0.11054706795446288,0.16310480063624486,0.14847796336338165,0.2018685827077947,0.15851885911176142,0.20156010552765585,6,8,0.2799907954685566,0.5291415646767476
YGL075C,0.797246954873701,0.9046058031416125,0.7994515254849325,0.7536038267972971,0.8364968077700581,0.740899209410389,0.030605873172619973,0.020993365133962494,0.030439026791931785,0.03373945481733841,0.027484269574345653,0.034598355004603364,6,10,0.004701054659986395,0.06856423747104896
YMR305C,0.5836426439571079,0.6169715400042719,0.5700280894445252,0.4495876758692354,0.6686355675340727,0.41697120749150784,0.29740788884647273,0.2852560639096971,0.3022312765341929,0.3419506533803908,0.26532141731896,0.3519365435926942,6,9,0.21616822882456863,0.46493895171793104
YDR384C,0.6340827413573371,0.6080016247940326,0.7044158633751023,0.44504231902854297,0.6641398367916447,0.4785539059498133,0.17193402800794097,0.17795595454783011,0.1545293409203944,0.21173873996347478,0.16472125341636754,0.2052461882394831,7,9,0.08220418345959132,0.28671271938927184
YER068W,0.9035801963625804,0.6889894096119423,0.883970013368998,0.752025185075307,0.8838107818231611,0.8565684106739678,0.022557555397627677,0.04051319553197725,0.024745374584459204,0.036175346418104604,0.024762348185244372,0.027512579888085264,6,10,0.005369958883130171,0.07328000329646671
YML043C,0.5827179671320916,0.621733657580138,0.6066678858762589,0.5861893851414832,0.5534923973418227,0.34384194283615854,0.041852804394765575,0.039848187389067175,0.04063398576973875,0.04167835162771695,0.04329364482795819,0.05248243227048937,8,9,0.004271422980167788,0.06535612427437683
YJL207C,0.8765914912478994,0.8619402753471412,0.8221304554094446,-0.0004720683754009247,0.8717850159541034,0.7323881119771896,0.026890055316117056,0.028441509665215775,0.03228270666776557,0.0765634734063119,0.027408706146494377,0.03959787172451836,6,8,0.005961992491228471,0.07721393974683892
YNL113W,0.8519890634821821,0.15254779680593766,0.8391762565042751,0.44564577639494163,0.8293643697175171,-0.21671835490410007,0.033452734929273996,0.08004649728200848,0.03487063126584039,0.06474085139095369,0.035918615357673093,0.09591350367896792,7,9,0.007693475762899252,0.08771246070484656
YNL254C,0.8444338590918231,0.844819058983638,0.8286335480719882,0.7470083317866383,0.7626853729335575,0.6945952373192461,0.023605799298677822,0.023576555830066064,0.024775593887359837,0.030103312051242576,0.029155696765880774,0.033074940673192894,7,10,0.0036448149199163997,0.06037230258915424
YBR230C,0.739981838882245,0.7470542910106414,0.6679596065031518,0.6422793992079441,0.6821168354821991,0.6295261631699287,0.7421531227852571,0.7319903169510251,0.8386623328573414,0.8704897338920341,0.8205885291922915,0.8858709279711531,7,9,2.1554427574251016,1.4681426216226752
YOR224C,0.9058501178386611,0.776089282754117,0.751995755711586,0.5212696263651899,0.8949613679561935,0.8406740461130027,0.05406879155555469,0.08338236582865345,0.08775388034367311,0.12192205219254011,0.05710988706213017,0.07033638383180896,5,10,0.03159560555619628,0.1777515275776731
YGR155W,0.8401355290931745,0.8498246107167469,0.7982313927076112,0.7110478976256882,0.8502525467656649,0.9057851074065761,0.3079647425138162,0.2984863015442123,0.34598065756923707,0.4140358538857347,0.29806071857998917,0.23642031971030758,6,7,0.6036749865649601,0.7769652415423486
YFL053W,0.8109114512742943,0.8048439485510734,0.7918166539537582,0.766221572036351,0.7699462872697114,0.6692817185860991,0.02854757121621642,0.029001974209822513,0.029954325377775867,0.03174232746702319,0.03148844207738438,0.037754233020376816,7,10,0.004385571938923802,0.0662236509030105
YAL062W,0.7150936175374745,0.6959838451540585,0.6914732695087229,0.41933356877849826,0.5426052296364751,0.4229513380351052,0.25656709475683487,0.2650319293954121,0.26699078098704704,0.36628001829234574,0.3250839025186554,0.365137204650889,7,9,0.23510013171629024,0.4848712527220914
YLR040C,0.654578108863348,0.4073088247530052,0.6070137014625555,0.42878529977018587,0.48640533660995056,0.18902588271447662,0.03294388605524258,0.04315331156244865,0.035138935665178825,0.042364256233368376,0.04017076936871058,0.050478145975796244,7,7,0.0031970758111048024,0.05654269016508502
YNL255C,0.8716445220073757,0.864608426212351,0.8527965045919409,0.7109232510666563,0.8793713496356561,0.8220323973780939,0.17384254296213125,0.1785437615700496,0.18616923893283552,0.2608888046726368,0.16852878758500153,0.20470070439072827,6,10,0.2395801662501081,0.48946926997525403
YBR149W,0.5371309489091997,0.2809025334535873,0.4614485364521681,0.34325897282658113,0.5093712952168676,0.38663011374760425,0.17979562943504038,0.2241010741102121,0.19393833553449563,0.2141643269481196,0.18510857412940537,0.20697185108852756,8,7,0.07106459010459631,0.2665794255087896
YIL056W,0.6831489982447251,0.5707606094763917,0.6782199287104718,0.6024705062052564,0.6903374974298335,0.5001053528667397,0.027773062268020926,0.0323255565120244,0.02798825340673191,0.031108631281963513,0.027456206669945735,0.034884738256407796,6,10,0.0024771116913428087,0.04977059062682307
YDR352W,0.6382911744263471,0.64014302933019,0.5394614788861952,0.32012755574448126,0.6415986374049043,0.5598861171087741,0.018474385292390774,0.018427032587660416,0.020846033197592186,0.025328190481967,0.018389726492941173,0.020378535866033175,7,10,0.0009601388126642607,0.030986106768425437
YGL092W,0.7631782528216373,0.7604200609663334,0.6788885358699864,0.4294166176005779,0.8086806666878387,0.6139827211178832,0.023555181546842954,0.023691954528287318,0.027428595560442238,0.03656244456699639,0.021171668963163963,0.030073158129689918,7,9,0.0023839902159220362,0.048826122269969754
YMR185W,0.7760081156331006,0.7865055177980986,0.7326279048967888,0.6797595403141481,0.7380803049173308,0.6441921388553198,0.026568815698653454,0.025938770229043673,0.02902779812716188,0.03176831313197807,0.028730298141177463,0.033486042498902066,8,10,0.0032067510602240483,0.05662818256154835
YIL132C,0.8916198769272642,0.8742938520558876,0.8822788489770065,0.7220810192800187,0.8481750965792074,0.7474746540459276,0.020859300402195993,0.02246483213988368,0.02173963101389871,0.0334028884195172,0.024688597842016883,0.03184031869651622,7,9,0.004085102662175285,0.06391480784744084
YKL155C,0.7533656955955569,0.7483326824334753,0.7324041286430583,0.6521832318229287,0.6855702246655347,0.6063622277782847,0.022430727592015205,0.022658441248068217,0.023364490993787384,0.02663740277553241,0.02532669104719454,0.028337726375741504,7,10,0.002075804158447487,0.045560993826380555
YLL045C,0.9326746683851916,0.8272762248549073,0.8837068056055856,0.7075735599172494,0.9393383093528282,0.8773141975500455,0.3113571699932825,0.49870724944875056,0.4092105016942148,0.6489002466405922,0.2955472179258805,0.42030714659672064,6,9,1.4651847137868952,1.210448145848014
YOR054C,0.8239432988932652,0.7987862085961975,0.7942620077234874,0.8007697246985692,0.7744624183965132,0.6639799616866386,0.03508379431266542,0.037506725362838354,0.037926042284885886,0.03732140147214908,0.03970907182842566,0.04846886665129698,6,8,0.00711399720686868,0.08434451497796806
YJL124C,0.715566950234128,0.6268581685519238,0.6903089465508422,0.316486245934297,0.6777763753736239,0.3906976775669586,0.03356903095299891,0.03844906161903094,0.03502781967212886,0.05203821661929054,0.0357295432871077,0.04913208474911008,6,9,0.004031351707567943,0.063492926437265
YPL123C,0.7559175570380942,0.49583260850819866,0.7314546121823646,0.6362359514943354,0.7607924063991829,0.6294371145378752,0.04530045999051083,0.06510610551947257,0.04751636286327473,0.05530243176854349,0.04484580480784485,0.05581684708936465,6,9,0.0085550355859543,0.09249343536681022
YER032W,0.8105897612985637,0.8003624415023787,0.7937787275295602,0.6597530779064944,0.7848862887612682,0.5782982737355578,0.025256265023862138,0.025929164644786857,0.026353246942238968,0.03385045440981972,0.026915437712384426,0.037685136254814434,7,10,0.0034267935339870642,0.05853882074305105
YKL160W,0.545861830377971,0.5952615164759896,0.5556401139391283,0.5473794885827785,0.5819656632359902,0.4659692822929875,0.05002258221374052,0.04722362854549645,0.049481120700639,0.049938928471970394,0.047993020301287964,0.054244439161763094,8,10,0.0056065712543779435,0.07487704090292259
YLR174W,0.6612838370438898,0.5685611195825451,0.7014855396226444,0.3648035616969473,0.7206752577682702,0.5385472075796482,0.1843893677108048,0.20810262324543588,0.17310140841379695,0.2525061392685579,0.16744516738944876,0.2152194681436648,5,9,0.1021383804289217,0.3195909579899308
YJL041W,0.7627281323164503,0.6639348288524656,0.7642268890311532,0.6433848258272497,0.662398010809532,0.6216481216922726,0.02300312895040805,0.027376349865855836,0.02293036282340187,0.028200947426972853,0.027438874165599664,0.029047699073722448,6,10,0.002269241498411528,0.04763655632401998
YNL051W,0.7674294290730095,0.7672344645112603,0.711421905688765,0.5700618300345305,0.7708810754827213,0.283103180594379,0.025624456202605287,0.025635194479338395,0.028543613934729126,0.03484017116072504,0.025433595456321803,0.04498892386223641,8,10,0.0028728152278494415,0.05359864949650729
YCL057W,0.6912176013024125,0.5934776121398702,0.6893618120177138,0.455928757898001,0.7197043742592684,0.4815458438991145,0.09442858329009465,0.10834763591133173,0.09471191719060351,0.1253444448711684,0.08996744060974866,0.1223580045775783,8,9,0.029383772260920718,0.17141695441501906
YJR017C,0.08509915080041341,-0.10427066847437616,0.0868281905986702,0.17444571813680987,0.23573974345654103,0.09166894396774261,0.1077090912182662,0.11833224787081234,0.10760726522381951,0.10231473020450539,0.0984432593145812,0.10732167143447915,7,8,0.012902795984796803,0.1135904748858671
YDL007W,0.5784704329369127,0.5118703410975904,0.5825174614071544,0.5627185627304732,0.6047197281877605,0.30035202729985166,0.1968454691874038,0.21182587057524555,0.19589825146926174,0.2004896338563806,0.1906180276688468,0.25360113437518467,8,9,0.09353538571926721,0.3058355533931057
YDR437W,0.8586606599247824,0.8418315312429423,0.7873674726913041,0.7551551929720359,0.7952221061989311,0.7946079043161063,0.02512276967957917,0.0265763871876755,0.030814195797646767,0.03306598283242028,0.030239703120762955,0.030285018989878086,6,9,0.004543861782865688,0.06740817296786561
YKL137W,0.7710584004950896,0.6166941119366169,0.7187068193853774,0.32741010581070773,0.8011510565179767,0.518002446487623,0.021596984663952712,0.02794496106426814,0.02393924036739762,0.03701740174962474,0.02012761920737882,0.03133669426749633,7,8,0.0020730733322884675,0.045531015058841676
YKR061W,0.5389750058021201,0.4860387633562767,0.544131179674088,0.3439858382266878,0.5721781842367231,0.4559689482934195,0.03782651012243448,0.039939187194791656,0.03761438661921526,0.045122239567108605,0.03643892052710718,0.04109092179272136,8,9,0.0031580661090195214,0.056196673469339105
YMR162C,0.7341238365360778,0.7196330481896721,0.684929474413897,0.513873551048962,0.7190170939348406,0.6408632828090468,0.027568346348604816,0.028309645077910266,0.030010615547274393,0.03727740223799992,0.028340725559044495,0.03204062055994246,8,10,0.002908674791915362,0.05393213134964501
YOR007C,0.7061903065957824,0.6199156779344983,0.73012399145438,0.44436994448959666,0.6166217325653833,0.4867343191946154,0.2671691142757433,0.30387373831264153,0.2560562199249626,0.36740584031684653,0.30518763650428965,0.35312161647904744,7,10,0.24720629134919514,0.49719844262547236
YNL173C,0.7721690951701408,0.3988951260502043,0.7735528986243889,0.6215894713036395,0.7939844602763024,0.526657966013719,0.039277985346414385,0.06379960809749957,0.039158519999924285,0.05062027405057514,0.03735019525251182,0.056614858032681126,7,8,0.006890312362534201,0.0830079054219187
YLR104W,0.7486449507547008,0.7134037733350942,0.7515907507026054,0.5024087710996179,0.7936096626560661,0.7298873768599154,0.03222362557770924,0.034408507078921756,0.03203424383005317,0.04533847977705535,0.029199490676784914,0.033404350809999386,8,7,0.0042035317234875354,0.06483464909666385
YHR044C,0.6022572022422007,0.6106022827979416,0.6639031397944735,0.5133102347317067,0.6254287121762723,0.5430427736493257,0.037731215886572994,0.037333296459559365,0.03468421471387214,0.04173743398273899,0.03661566115906866,0.04044244590337747,7,10,0.0036421046023091246,0.06034985171737479
YDL125C,0.7790972493527022,0.7265203476130736,0.761405925193651,0.573412427762702,0.67707203259214,0.6426706016359927,0.23496696997701835,0.26143803113287506,0.24419461452595653,0.32652042577055995,0.284092052287586,0.29884130806254694,7,10,0.2543112936846991,0.5042928649948353
YOR295W,0.8050042955332593,0.7593613199762026,0.755589796004231,0.637521972180916,0.696487143634102,0.6138299694649547,0.025261245011387205,0.02806240882033655,0.028281464556929432,0.034441580446865794,0.031515976999283615,0.035549337545877566,7,10,0.0033299491043792904,0.057705711193774316
YNL264C,0.3215702537444137,0.34108186771065385,0.3313540127400193,0.3170392263830515,0.3247396448897466,0.33594215908845737,0.08132466104400943,0.08014668250562365,0.08073613264169985,0.08159578053986921,0.08113447820138213,0.0804586563344075,7,8,0.00991956848043989,0.09959703048002932
YNL237W,0.7186920635526219,0.519556326578358,0.6455023042735345,0.41290971524508857,0.7849149632857686,0.6420042321904496,0.03595093586333226,0.046982967866445034,0.04035765431929978,0.05193637747816884,0.03143578477947325,0.04055628385656117,7,9,0.0046751069829211,0.06837475398801154
YLR221C,0.6897591629364541,0.46408645537411897,0.7046431998671377,0.3791517418321759,0.5713104422405737,0.2336330412140163,0.034545754975930126,0.045403838826075314,0.03370689077484022,0.04886950500412601,0.0406084730012399,0.054295469481754774,7,9,0.003914204853329681,0.06256360646038303
YKL086W,0.7626233706490297,0.8631917726299736,0.7322210802355333,0.7374135616229609,0.8018266709877888,0.7185788610365919,0.04069175354077699,0.03089182272429589,0.04321909003285307,0.0427980096534261,0.03718005505435408,0.044306330650545324,6,9,0.007097869169222029,0.0842488526285197
YKL057C,0.846037717127895,0.802398097669284,0.8347704478054672,0.5899234507568984,0.8265431822597176,0.6785612427741314,0.024753764089058817,0.028043333534839336,0.025643537744494415,0.0403986212830489,0.02627421588018786,0.035767056177877905,7,8,0.004049685445907416,0.0636371388884464
YDR427W,0.49876047087215625,-0.012622173651229307,0.47875497742995954,0.32242639202439183,-0.14129915359170742,0.057724011634303074,0.15268280167216144,0.2170157131497523,0.15569993249005118,0.17751935227693003,0.23039190270628343,0.20934207567406027,6,8,0.047324721354782204,0.21754245874031627
YEL032W,0.5912988109652146,-0.46070402832580126,0.3564217043388407,-1.9759968840139335,0.48015378415122656,-0.2047112880339157,0.03691520976988958,0.06978844208601132,0.046323683392892355,0.09961359781562097,0.041633203901604854,0.0633787807020726,8,10,0.003392797332140267,0.05824772383656092
YDL110C,0.73972738415097,0.7211184754940135,0.7831176787422098,0.7109701826031254,0.7440018473144965,0.6590040665822182,0.46831574736555226,0.48476850336163874,0.4275004727540888,0.4935098749849449,0.46445424720318873,0.5360423751509059,7,9,0.8574369280898921,0.9259789026159787
YNR067C,0.662697647714264,0.37059467755561404,0.5751987766187505,0.3058674772514801,0.6524674537535833,0.22072074222960492,0.04345824149130176,0.059364616902749856,0.0487702905993022,0.062342420562285936,0.04411235106759638,0.06605550578721993,8,8,0.005697417770246485,0.07548124118114702
YJL139C,0.7415684255296344,0.6807444897207413,0.6933017591109764,0.4920027457813485,0.7188281509404738,0.3863951332099185,0.02303278850739519,0.025600174992559926,0.02509165893184474,0.032292704276749004,0.02402479284005343,0.03549099138473656,7,10,0.0020888180132360313,0.04570358862535885
YIR015W,0.8568056811649868,0.8480305213023591,0.7997451778740264,0.7721530282443746,0.8254194098045095,0.6433915260612806,0.028570886536893558,0.02943330354926669,0.033787208658248954,0.03603980670056125,0.03154705342115579,0.04508755156309022,7,9,0.00580062490575569,0.07616183365541884
YBR059C,0.7499372415450094,0.5359890603656225,0.6947677645457907,0.38147764108937876,0.7679836785224866,0.5875614099985921,0.029745989546783688,0.04051986801271827,0.03286390079072203,0.04678230477678381,0.028652543508008926,0.03820177645731155,8,9,0.0036004846379074293,0.06000403851331533
YIL072W,0.6278133435834286,0.5316147708700053,0.47712022405510934,0.529994284711945,0.4789762203639818,0.586275355188377,0.15589174800303687,0.1748816824651433,0.1847751866253957,0.17518394290713882,0.18444695923419835,0.16436086691918905,7,8,0.06644137210692184,0.2577622394900422
YNL314W,0.7930860811474307,0.8040794245669681,0.7335080035901362,0.682862466384128,0.7799688067716936,0.6777652962933463,0.027445700225617813,0.02670665438891974,0.031147381883075375,0.033978428161862965,0.02830229082900073,0.03425039763108676,7,10,0.0037043504187293757,0.06086337501921312
YGR040W,0.6855377453524198,0.6648820935347133,0.6239762477677083,0.5420041470680876,0.6802278199405689,0.601549949869278,0.028286029933893363,0.029200248795925136,0.03093110064235727,0.03413646198884299,0.02852384537741494,0.03184011865992039,7,11,0.0025889794738044405,0.05088201522939555
YFR039C,0.1978715493620069,0.36569391147781505,0.27937287096787244,0.44119527829336314,0.2066000604371524,0.2690580716428542,0.05818499838212447,0.051741439412848686,0.05514985439374055,0.048564519911624186,0.057867556962761156,0.055543149680549055,9,9,0.004294684556084682,0.06553384283013382
YNL306W,0.6959421930512382,0.5399788532354126,0.720207357087421,0.3671283411546946,0.7180397755582779,0.3107777545251249,0.06908799295429886,0.08497934808762295,0.06627391741922985,0.09967409950768019,0.06653013746240283,0.10401695598351676,8,10,0.01597357524344915,0.12638661022216377
YDL160C-A,0.8405470350652221,0.5677529605189002,0.18401118490653612,0.056769437129809974,0.8676623927090588,0.34139023738721785,0.07247053771957475,0.11931943765116217,0.16394088948785265,0.17626014230037676,0.0660217183078233,0.1472852533643576,6,8,0.033515330487289025,0.18307192708683936
YKL216W,0.41355567603596577,0.40185244435343026,0.2564276780218596,0.5768223546255383,-0.7883161906776746,-0.025137545228124614,0.11217523239942911,0.11328900187790614,0.12631216881685456,0.09528947698035543,0.19588705570557846,0.14831144087416828,6,9,0.021833346470219523,0.14776111284847418
YMR260C,0.8626121377198324,0.6715612024469193,0.8669195270520235,0.7207911503733213,0.8596461326916035,0.8268170924024268,0.14631639157991613,0.22622782796689928,0.14400446794211097,0.20858515129140165,0.14788733776365548,0.16427493820790334,6,9,0.15855894083303324,0.3981946017125712
YDL239C,0.03059055242072295,-0.049447691925871284,0.12411045480737892,0.07480718194035796,0.14283671495370742,-0.1409733122090957,0.2261322790183648,0.2352823417879719,0.214948098222409,0.220914927226146,0.21263792030678993,0.2453277517390045,6,7,0.05367487100089321,0.2316783783629651
YCR035C,0.3969555695820688,0.4867428550327074,0.32640896421057664,0.42168919534033655,0.43978649692678606,0.42819079761566325,0.04323325347398467,0.039885107385902036,0.045692130995687516,0.04233737397950954,0.0416696689405555,0.042098714427915636,8,9,0.003153840061046604,0.056159060364705214
YGL210W,0.7498767186026336,0.6582847235076497,0.6596982269676398,0.5942050395024265,0.7270605715617318,0.7529039897940296,0.043711520758452777,0.0510917824947913,0.05098600254589793,0.05567653278122519,0.04566169157800131,0.0434461926782307,7,9,0.00777303910687449,0.08816484053677232
YFL027C,0.8115449191245412,0.8059155048939021,0.8099995310041302,0.7806417623018855,0.7788798585783975,0.5543357391846622,0.024252221481357743,0.024611779832557374,0.024351456198922383,0.026165231075704263,0.026270101577602345,0.037295076676176195,8,10,0.003175764857386128,0.056353924951028284
YER037W,0.6309056307109967,0.137396791187953,0.639971643994534,0.2919792527150261,0.5707689738259952,0.15760445992483996,0.10698374974252489,0.16355154099337108,0.10566166730732232,0.1481740316827323,0.11537046925113748,0.16162447798164517,7,9,0.03155377681708573,0.17763382790754054
YPL203W,0.7295863455993273,-0.07783724861910701,0.7895148251833685,0.187876279895266,0.5632271092217899,0.23879216222241673,0.053776651466692776,0.10736334695182465,0.04744497300732068,0.09319455637565616,0.06834508457155021,0.09022586894766066,8,9,0.010882082980247735,0.10431722283615365
YGR034W,0.9314810985770698,0.8800434836599561,0.9313957255262492,0.7786203262399713,0.90998728246926,0.9285804296247383,0.3279460250833671,0.43391943082949885,0.32815026826566335,0.5894758906180515,0.37587990850491637,0.33481568296897773,6,10,1.5971565591090093,1.263786595556785
YJL190C,0.9585478097038926,0.7027496704876437,0.9353946015934677,0.6246738840146225,0.9373533799068053,0.7532656457988092,0.5034772028529687,1.3482401046660322,0.6285509304848366,1.5149924252336366,0.618949037035949,1.2283464657561414,6,9,6.22250531378375,2.494495001755616
YAR014C,0.6367448131935121,0.6070817490876032,0.6293516638625141,0.5062968004665032,0.6303555753212686,0.4177718646892239,0.0242026052165488,0.025171396214137793,0.02444765634588684,0.0282155925745169,0.024414525313667855,0.030640990406555095,8,9,0.0016408374034268388,0.040507251245015856
YDR128W,0.7779554205915589,0.7492511096832513,0.7013755535772744,0.5255883426034975,0.7234934327905209,0.6458140953482774,0.025171720341859157,0.026749293759289746,0.029191437989197627,0.03679344781945574,0.02808959875442543,0.03179131170461912,6,10,0.0029036131761338395,0.05388518512665461
YJR066W,0.8257096531885798,0.7781211817881944,0.74443829626396,0.3711362501637856,0.7717460651756216,0.6792664052513274,0.025215962015374,0.0284509515831101,0.030534215188269345,0.047897975230617236,0.02885678947413256,0.03420669382993464,6,10,0.0037121959023029088,0.06092779252773654
YDL008W,0.09901109284877885,0.06956022354630387,0.2141129236743211,0.21498503323507012,0.21621682864541292,0.08350014995142718,0.19533944855932622,0.19850633426354947,0.18243590224954617,0.18233464835196223,0.18219153824050463,0.19701370324882564,6,7,0.04309368259999468,0.20759017944015243
YKL179C,0.7840766251885876,0.790431706347343,0.8060252948973823,0.7087769956385794,0.8237139612811962,0.6313246892306241,0.02446887934420491,0.02410610469231124,0.02319192510504761,0.028416925497523834,0.022109209206857796,0.031973212730412724,7,10,0.002821510282499217,0.053117890418381795
YNL156C,0.8098694555653592,0.6888671491087413,0.8127877747812489,0.6682681425906114,0.8075109851624316,0.5581238795060879,0.035352453004058135,0.04522374690443977,0.03508009092831403,0.04669680831160454,0.035571041609580765,0.05389442886263181,8,9,0.006688678989645411,0.08178434440432601
YOL143C,0.3204684568841937,0.555261019661605,0.3517405043537093,0.4776184438669958,0.37379344524005864,0.5574720170746058,0.05557849658786163,0.04496292773643251,0.05428457322249164,0.048729942812593775,0.053353238873898826,0.04485102301707161,9,8,0.004625483185247975,0.06801090489949368
YMR208W,0.7632660537362638,0.6892064569395512,0.5198477059787868,0.48054020343410175,0.7537112624301538,0.6630581218779541,0.03466883543025778,0.039723268728131304,0.04937401999996592,0.05135526269831134,0.03536154737196873,0.0413605667113925,8,9,0.0051661987144898,0.07187627365473116
YOR303W,-0.25630184073347406,-0.5080402164631885,-0.2357264111695021,-0.10917084720306569,-0.03370090209263443,-0.49149603615758575,0.23096223232262425,0.2530465567536931,0.22906310053257548,0.21701671917167034,0.2095035652754948,0.2516546862832067,7,9,0.043205703281113526,0.20785981641749213
YJL130C,0.9474518542290788,0.8354359574528091,0.917093518917212,0.7274545828011356,0.8988613472762165,0.8615717588517592,0.056391560428403466,0.09979364551578353,0.07083202457879671,0.12842656188213428,0.07823372268795824,0.09152669168427487,6,7,0.06157777131142749,0.24814868790994543
YLR300W,0.8202788127500704,0.7953403092817214,0.7858844963525746,0.7126776671193662,0.8027110192108826,0.5573875645763138,0.17687365035815972,0.18874682559910919,0.19305789070798582,0.2236393346482142,0.18531685197939624,0.27757177669627503,6,9,0.17712511162080016,0.42086234284003143
YMR274C,0.8260764922959626,0.7764742415547673,0.7328678240784814,0.628255383226581,0.7607731377900294,0.6633404063882666,0.02518404533479619,0.028550264639946542,0.03121112697191324,0.03681872063669304,0.029535975668705843,0.03503820482112326,7,10,0.003710614498057086,0.060914813453355386
YGR144W,0.8024688887254606,0.8114692596648795,0.8129108299357682,0.76880263943286,0.7223794228618301,0.6400695500670207,0.029753779111583306,0.029068021149566293,0.02895667589877227,0.03218961755728114,0.035273634247915006,0.040163696411803104,7,10,0.004560389110362639,0.06753065311665983
YPL146C,0.45520858706771294,-0.9846341133559555,0.30878313872350704,-0.6661756217471444,-0.4174545891026915,-0.13052741418351843,0.04115344844973372,0.07854731281992401,0.04635517956900259,0.0719699985464088,0.06638128927337043,0.059283202312582814,8,7,0.0031632633517405255,0.05624289601132329
YER182W,0.2494808312464234,0.15164436988233654,0.20911183128777577,-0.007640573604615231,0.26139652663342317,0.027666425556343133,0.11148144986324125,0.11852519732193456,0.11444036998282336,0.12917383013668837,0.11059293570857626,0.12689057192842723,7,8,0.01684987042560175,0.12980705075457863
YNL310C,0.7597892170476118,0.7888961847244221,0.7553378652010951,0.7762385294032372,0.7481254908810367,0.6872911063487779,0.030273036868349902,0.02837969878144181,0.030552244495430144,0.02921812846430053,0.030999297279022727,0.03454059837495354,8,9,0.0038821527433714796,0.0623069237193707
YER043C,0.8109406824357649,0.5507944318518742,0.7709867274743968,0.42086663364886123,0.7671587566195706,0.5604426522955992,0.14697200992673004,0.22654691677392635,0.16175805521699585,0.2572319346550494,0.1631043505717367,0.22410077713273363,7,9,0.11625839388469117,0.340966851592191
YGL043W,0.6886462266810649,0.7565218772095058,0.6212978755554478,0.4514527594799991,0.6456149418723116,0.4626493524692973,0.029396091581076006,0.02599516015210373,0.03241987945981372,0.03901840770578163,0.03136174550776878,0.03861814539709051,7,9,0.0028240877565788767,0.05314214670653489
YHR062C,0.7662780739100512,0.7738915784578873,0.7469971099118268,0.7105797675188572,0.7562224302576575,0.6060604280454861,0.02608457828778543,0.025656207572168254,0.02713918694456588,0.02902675822423645,0.02663980018873922,0.0338648296908622,7,9,0.002962247358630209,0.054426531752723405
YNL298W,0.6471317799085887,0.3932551807944944,0.6549002539558428,-0.06659100993064282,0.5239703530040971,0.536537120433553,0.03650742757281906,0.04787160597403746,0.03610333147170367,0.06347079210405362,0.04240254849549389,0.0418391099067359,6,11,0.0038432891126445675,0.06199426677237636
YNL078W,0.7846062369992485,0.7547047492509407,0.7581599554040455,0.7284003199074867,0.68770448556518,0.6569168730732402,0.025982826624045958,0.027727735558176946,0.027531757823793915,0.029176585168265837,0.03128619204473982,0.03279212142461387,7,10,0.0031892811433462663,0.05647372082080537
YAL033W,0.5520769837450112,0.5619500779381126,0.580819661392188,0.36467384918767687,0.43584679505259183,0.31251672482443116,0.028943993289675132,0.028623224906293303,0.02799994713713362,0.03447109864533536,0.03248293695323654,0.035858145737570055,8,9,0.0019031221177054597,0.043624787881495306
YOR261C,0.5075270399622855,0.5469512427425149,0.4823879551868834,0.4728702090850022,0.474808635741524,0.4328562110223839,0.27699521297924873,0.26567674418995885,0.2839770580178108,0.28657602162864515,0.28604861998627507,0.29725396677384036,8,9,0.15853139284718823,0.3981600091008491
YDL042C,0.8134160131581896,0.849121939901549,0.81091000677462,0.6923186316392315,0.7369411764886288,-0.3933451111102153,0.026698638026237745,0.02400849677478368,0.026877334488977164,0.03428487119330628,0.03170139399600258,0.07295940306670287,7,10,0.0038873798921150223,0.06234885638177353
YGR256W,0.682294777534797,0.5161905306715804,0.6197914176765407,0.5217964180302046,0.5558578651611784,0.38300207439547274,0.14757430325325485,0.1821108186508718,0.16143939539980243,0.1810526879990269,0.17448558441354156,0.20565554158165916,9,9,0.06975097247067097,0.2641040940058881
YJL216C,0.8372938234508923,0.8544621161716467,0.8029593734606701,0.799266525926103,0.7192585047603857,0.807708223338108,0.024796885979884588,0.023452176454415333,0.02728808223165354,0.027542605758619054,0.03257230025908892,0.026957243482667752,7,9,0.0038454165258776083,0.06201142254357344
YGR267C,0.5962737904225885,0.6203083176918518,0.5444069052990644,0.4654975123683487,0.6431427604417921,0.5014218380524587,0.036729316551741546,0.0356192619748755,0.03901736545894895,0.04226143508214196,0.03453159437761102,0.04081652253053998,9,9,0.00340010154774289,0.05831038970666283
YLR103C,0.7852325464632345,0.7593138727893051,0.8167910251662708,0.4727909035136546,0.805528351459723,0.6849912983465535,0.024747455176126074,0.02619822344117033,0.02285702402049665,0.03877374590237305,0.02354910793659971,0.029971438503111285,8,10,0.002901654920674436,0.05386701143254966
YNL183C,0.7095973008460938,0.6263171695040566,0.6933400875139073,0.5118287885544899,0.7070015705464313,0.4424391861135727,0.029081114230067186,0.032988478845358854,0.029884033990164413,0.03770481378566495,0.029210794148597792,0.04029552697014645,7,9,0.002963292855235965,0.05443613556486137
YAR031W,0.8438530715084356,0.8072459931188459,0.7545617292612002,0.7634605723417195,0.789545959456745,0.7009888212318571,0.02502072584463074,0.02779936583225236,0.03136926352401811,0.030795336375599097,0.02904770434290394,0.03462397248301942,7,10,0.004079618013164478,0.06387188750275412
YER005W,0.7976929525600247,0.8126005762117868,0.7825544155332527,0.603515986196236,0.781263266030056,0.6325722788394174,0.022097748838526984,0.021268000055833014,0.022909616735409557,0.03093537378251787,0.02297753248669352,0.029780260117346,7,10,0.0024560555895646054,0.04955860762334436
YLR038C,0.4945684814029764,0.7334302147478305,0.4471047343218957,0.32674233469189096,0.5919656582533518,0.1592741345477584,0.2911294591109268,0.21142700320825764,0.30449237989884653,0.33600492754007977,0.261579286781881,0.3754760128829196,7,8,0.17063303831991,0.41307752095691436
YHR183W,0.868419025179932,0.9268446722101209,0.7947955195566925,0.7674141188568708,0.883038572853824,0.797739446771078,0.3068572484529996,0.22880358083398544,0.38320684335556027,0.4079730831816952,0.2893084816986764,0.3804481110030846,7,7,0.7281700484063096,0.8533288043927204
YLR327C,0.7024622022859717,0.5070091692412494,0.6583745413558123,0.523300313061288,0.7110935481489429,0.6997037015051497,0.9907650449427299,1.2753195719295947,1.061633752738738,1.2540707462612541,0.9762886134317836,0.9953471868263605,7,8,3.357007762745407,1.8322138965594075
YDR270W,0.5104345790647093,0.3543192384368018,0.48944656121455077,0.06895806693966366,0.539583589991303,0.5706439356750306,0.061376449802298755,0.07048639830422303,0.0626782697633212,0.0846410451044725,0.05952121577715768,0.057478469708436654,7,9,0.007829714577570613,0.0884856744200473
YLR014C,0.8058403675904542,0.8283268485212302,0.7962477295771353,0.6132156338411541,0.7501624266259316,0.3197842647555438,0.026106261545632992,0.024548016357425678,0.02674338906515262,0.03684679090892721,0.029613796701926848,0.04886394777296939,7,9,0.003571770665506785,0.05976429256258945
YHR165C,0.8754525600449397,0.8722283777440869,0.8461683354968594,0.7202200867560581,0.802947816307017,0.7705845799511185,0.02401305905562763,0.024321888366122653,0.02668719666039802,0.035990539098288074,0.030204434726931458,0.03259052744090377,7,9,0.004711002238745757,0.06863674117224504
YJR033C,0.27887393728804877,0.12772551625906658,0.17840175212393883,0.3398431771864936,-0.016139244399875352,0.07294251339616131,0.037381760572342715,0.041113148770262155,0.03990101172613785,0.03576660460053128,0.044374223642489274,0.042384541382377725,7,9,0.0019717935832895338,0.04440488242625504
YOR089C,0.3658046306359122,0.5929967176852522,0.2791875419605503,0.283135821646173,0.3496980401483861,0.2062592232089938,0.33717324921570646,0.27010991956278196,0.3594617793938068,0.35847594426131846,0.34142798043621864,0.37720802502509815,6,8,0.18240481292339747,0.427088764688791
YPL269W,0.8186953006090232,0.8360390868461222,0.7640545980880293,0.6784719915959037,0.7657298114421361,0.6493995297851749,0.026349448938966524,0.02505746720577941,0.03005887798792143,0.03508943793138638,0.029951978823200377,0.03664150079360135,7,10,0.0038966118846732838,0.06242284745726747
YPL066W,0.8173084919078417,0.7461391324536746,0.7829650713590208,0.6482181997810352,0.7550966101090674,0.7129552260894001,0.020947620084161005,0.024692973381528396,0.02283180910914119,0.029067801904113292,0.024253415477411017,0.02625731597768849,7,10,0.0024440166177686837,0.049436996447687676
YDL100C,0.5337212392647923,0.5784210987012536,0.5224944570690677,0.4354778531709932,0.5893754538114582,0.2770456976549147,0.15042804809720817,0.14303602660148915,0.15222823505090852,0.16551848240265507,0.14116546302921884,0.18731019966619378,8,9,0.04938159859422801,0.22221970793390045
YCR107W,0.720681474331697,0.605082126490855,0.6728834802907675,0.5394913318945496,0.7032277391514739,0.5067681456734909,0.030361190061145234,0.036101256264545134,0.03285641372532313,0.038984128027109745,0.03129540473948528,0.04034544206528457,6,9,0.003358079533660547,0.057948939021008374
YDL058W,0.7969367603394952,0.6953671823008765,0.7483890621281153,0.49912173334183796,0.7070636428552697,0.5235739311005128,0.02347907433256724,0.028757667577617014,0.026135455509781972,0.036874947390907034,0.02820018476038403,0.035963592987936374,7,8,0.0027623822122001076,0.0525583695732669
YKL096W-A,0.7611460052359429,0.6855795594154594,0.7688721585975818,0.6043641029189831,0.750189122740468,0.6216102093844872,1.379957466731794,1.583269450724444,1.357455425898704,1.7760177047014254,1.411253780699267,1.736877347965787,6,8,8.11244994560302,2.848236286827871
YMR117C,0.8636089925641643,0.8536784000312778,0.8615550283520866,0.7473908417658028,0.8665939485941018,0.7152040439353202,0.022931843575430683,0.023752007553755155,0.0231038680402936,0.031208338498703976,0.02267952043448718,0.033136986525564883,7,9,0.003923244205379488,0.06263580609666876
YDR317W,-0.036768702290212785,-0.09997947611193303,-0.11269862964141386,-0.02923440521487386,0.0695260153759667,-0.009954440445851143,0.38793349105241176,0.3995844936048579,0.40188806788997766,0.38652134598046084,0.3675094011046491,0.3828840076170549,6,7,0.14770180713530284,0.3843199281006683
YGL079W,0.7653505024855968,0.8034600168428139,0.7453799808980637,0.7005912487649887,0.7354456092326924,-0.14789581151161935,0.028599800415619738,0.026174515133104485,0.029791986419418003,0.032306166952317264,0.030367614318454902,0.0632563929646258,6,11,0.003546986325495174,0.05955658087478809
YDR032C,0.5201312801269818,0.05233991324374654,0.43831379952499505,0.23450804193247887,0.5681649046914818,0.6630501453398905,0.13780001707172504,0.1936485927958039,0.14908533576487043,0.174043723850063,0.13072149858449297,0.1154704045400442,9,7,0.04026514238411621,0.20066176114077194
YIL096C,0.7873933778460421,0.7278264615179337,0.7732501379334922,0.6822917065746765,0.7284290481959071,0.5352931348381444,0.028702169342320144,0.03247500887417524,0.029641477286849634,0.03508654496276258,0.03243903944971004,0.042434185725046876,9,9,0.003942809508308349,0.06279179491230004
YDR288W,0.7227400684172303,0.7381528089295432,0.6664623435309114,0.5809951963941176,0.6640468958765968,0.6043850270768881,0.026352316974528507,0.02560938856007073,0.028903317014947028,0.03239550473172252,0.029007785740094976,0.031478324630444705,8,10,0.0025486114948625655,0.05048377457027719
YLR431C,0.8846001177661049,0.8280933945642992,0.8686619406923971,0.7036509460446227,0.8599902871002613,0.7374536103512281,0.025388217575948502,0.03098673449846555,0.02708474967678563,0.040684717177510314,0.027964599974975125,0.038294160572721975,6,10,0.005683451985280916,0.07538867279161317
YJL039C,0.9014470495718714,0.8195128350138631,0.833328064532059,0.47555471215077316,0.896893810593083,0.6463387536718566,0.02569984753830925,0.03477914436666763,0.033421579520551865,0.059285136685126534,0.026286822944107356,0.048684360340519525,7,7,0.006819375441829275,0.08257950981829133
YMR216C,0.448217453836409,0.256077698276581,0.22339643633374817,-0.3612395668370181,0.41817869238503724,0.257831564116914,0.02414798063013096,0.028038877846661776,0.028648146502685743,0.03792836497665215,0.024796572253279654,0.02800580621494783,7,8,0.0010753425153516149,0.03279241551565872
YPL179W,0.5305463806559934,0.16294503651658898,0.5937276263457325,0.33824455389772845,0.26443417414769543,0.29597008130172586,0.1488986362794918,0.19882516994492544,0.1385169818393021,0.17678407334599464,0.18638250580479726,0.18234335113849134,6,8,0.048055365701725146,0.21921534093608766
YOL042W,0.8282172728528402,0.8305798107305175,0.7718518595740264,0.6775366448974581,0.7926038469775378,-0.18043259168275405,0.02042563342447366,0.02028468968022179,0.023539338464032597,0.027985042515371063,0.022443270045343033,0.053543453927208357,7,10,0.0024712956892451628,0.04971212819066553
YKL198C,0.7677741245309315,0.7973413350251488,0.776892070069223,0.7146377424074064,0.7041724032426873,0.6327920087543177,0.030195347607668798,0.028207676732055445,0.029596627905917723,0.03347210269073574,0.03408035200935007,0.03797001695483221,6,10,0.003995053468975676,0.0632064353446362
YJL115W,0.5395244472224936,0.006032050723769777,0.2975681841429979,0.5247638080886683,-0.22194183913650778,-1.0968568506421286,0.03986008005760484,0.058562696846469274,0.049230808125169966,0.04049390235387689,0.06493220413148881,0.08505880345620538,6,9,0.0035109358411876436,0.0592531504747861
YDR172W,0.8427565698017818,0.6662557606640225,0.8332425211431399,0.5330731763819263,0.7487872892834022,0.5098361747818092,0.040268284739047894,0.058665633583004986,0.04146861555771469,0.06939070311438969,0.050897644166019565,0.07109638264161884,7,9,0.010493174385203053,0.10243619665529882
YBL049W,0.7833141507981813,0.8187743415786272,0.7790555117800819,0.7155055825838125,0.8324390637131415,0.5835587396256408,0.11037054788495014,0.10093638959931901,0.11144985535979367,0.12646629560668396,0.09705642993167031,0.15300823284370307,6,7,0.05720434066889715,0.239174289314084
YFL041W,0.19142155412416306,0.15907831733826328,0.1693397732381744,0.1504084465421438,0.18461698800319815,0.0936440489043654,0.512021180283434,0.5221612286488442,0.5189655798375267,0.5248460575485033,0.5141711155375377,0.5420960485003578,7,8,0.32991862258157256,0.5743854303353912
YHR143W-A,0.9298021549367795,0.8182160134580585,0.9184493286464749,0.6487621353277877,0.8828651349866193,0.5284816626317275,0.22901208183675634,0.3685312466003523,0.2468370087663175,0.5122679305830719,0.29582821651284064,0.5935342678594381,6,9,0.7602320014835445,0.8719128405314057
YIL013C,0.5335295751799771,0.33679606640249826,0.5621603036297762,0.25012703182433116,0.45631876935387117,0.5546493388716542,0.05214570768178598,0.06217704177407116,0.05052008537772625,0.06611505414678896,0.056296147897018686,0.050951568688267224,6,9,0.005931522137280928,0.07701637577347384
YKR020W,0.8383102822779483,0.8706087013771149,0.848804530424635,0.7751591392595154,0.8741395868164352,0.7458501647992393,0.026076118692127264,0.023326752613227406,0.02521570626713102,0.03074959268145071,0.0230062759325378,0.03269238945976322,6,9,0.0042791413590198705,0.06541514625084828
YPL096C-A,0.7961659629512914,0.7310258292342084,0.7725409675505885,0.2935045298509169,0.8063833158845035,0.6217483789195896,0.027128496558644414,0.031163244120413502,0.028657543932532073,0.05050589412030142,0.026439836316649278,0.03695538849048892,7,10,0.0036739046790924107,0.06061274353708476
YKL148C,0.6010986830821602,0.48526346591895375,0.5087344812799776,0.45106666443339083,0.6406473399263348,0.4846156225608599,0.19949537258051536,0.22661705341737629,0.22139011848289689,0.23402372836457305,0.189347913310381,0.2267596177954593,7,8,0.10152040008887422,0.318622660978271
YHL027W,0.8773236318661248,0.6664411240770859,0.8787733868845542,0.6272720790852994,0.9292906467675088,0.7924830296420835,0.04412440086319848,0.07275864745992074,0.043862901068068984,0.0769120398476407,0.033499382277580855,0.057388539916606925,7,9,0.016149157518498443,0.1270793355290247
YHR188C,0.7910926975839297,0.6105725867814384,0.8131161580881503,0.7277964758402693,0.6992754135592871,0.618410008509641,0.03073452262962452,0.041962651418482495,0.029069364548948668,0.03508298463605575,0.03687517835980466,0.0415382455320243,8,9,0.004601002410536193,0.06783068929722146
YOR103C,0.7312521862463415,0.6476974135497771,0.7383813781151862,0.5425387469311838,0.7198714988002268,0.5245032825931955,0.041294824209490585,0.04728039187759395,0.04074341977983108,0.05387661594062891,0.042160116327233994,0.05492839551475722,8,9,0.006456533983796651,0.08035256053043145
YMR116C,0.9593717163782939,0.8660337136952216,0.9357453053279275,0.8269231615628265,0.948171503422662,0.8175952780724336,0.3735396586780687,0.6782975353769262,0.46975878643213537,0.7709779485037769,0.42189733823976855,0.7914810444749323,6,8,3.4946050290250636,1.869386270684864
YMR284W,0.7654141687353196,0.7201728328919429,0.7337261363711712,0.6491278794475199,0.7363420343145084,0.6253486418096792,0.027343645776000423,0.029864171327102465,0.029131966406520785,0.033441054321208336,0.028988515713981068,0.034555659517793436,7,10,0.003243128814980499,0.056948475089158436
YER112W,0.8209019910503454,0.6152225889928536,0.7872115107908247,0.5893537358161922,0.7900665085926648,0.6567694858815573,0.047098435373813106,0.06903445253947035,0.05133755328346797,0.07131732402621842,0.05099199051685786,0.06520096844986815,6,10,0.012603040736607346,0.11226326530351478
YLR226W,0.8128792859707854,0.8368199574148565,0.7355011837581873,0.7206269083879463,0.7468793470087929,0.6621059551223565,0.022554299066749526,0.02106211224394596,0.026815152313809973,0.02755882447372108,0.026232047671586343,0.03030809715027672,7,10,0.0027662405385505593,0.05259506192172949
YPL042C,0.7964213292644284,0.7769028111513208,0.6636036022203481,0.6199776701027706,0.7316039426602938,0.726346414488378,0.022941933660971813,0.02401656718205877,0.029491003505714944,0.03134501201119749,0.026342194276900203,0.026598947597559246,7,9,0.002630758018617718,0.05129091555643863
YOR034C,0.7533850788252436,0.7142167901147369,0.74411805263405,0.5871124344611425,0.7563232461633171,0.6661194652169702,0.03044606015799666,0.0327747797075864,0.031012819392158157,0.03939465743534839,0.03026414970925514,0.03542558058687805,7,9,0.003824687800883145,0.06184406035249582
YPR132W,0.923224852221624,0.8539303860999653,0.8762467549215875,0.7454950008822546,0.9162527213564855,0.8556420570430084,0.42105823811900994,0.5807801693044043,0.5345768360916812,0.7666197384920639,0.43976148463083703,0.5773672965709457,6,9,2.349723793246488,1.5328808803186529
YGL013C,0.5628778836632737,0.5354272151604684,0.5552974046784128,0.4757277976655817,0.5390033564301928,0.46034985254310246,0.034788001334509315,0.035863689867375786,0.03508834786357427,0.03809837950777298,0.03572538926670628,0.03865309177871123,6,9,0.0028171457314558977,0.05307679089259163
YLR043C,0.6095708557125942,0.5971216596773911,0.5921441141039759,0.3767445407408504,0.7335762720720133,0.3633687989916582,0.13919498998603017,0.14139675715597488,0.14226755135914412,0.17586747783364404,0.1149844044234997,0.17774461386995916,8,9,0.050496132547438934,0.22471344540867805
YGL029W,0.4519115285690942,0.23933554558655457,0.5296446954211087,-0.04481806778254582,-0.139917842132937,0.012511148467869826,0.05591845140936279,0.06587586990939227,0.0518015583948895,0.0772058376363084,0.08064298183442835,0.07505781243552861,9,9,0.005805140590563391,0.07619147321428685
YLR373C,-1.8004070889658692,-5.868481873859302,-0.8653572274534238,-2.2867962904477137,-3.703876226610718,-9.599897519968442,0.06932431039385231,0.10856887862786405,0.056579092983935826,0.07510370602905013,0.08984686266886925,0.13487324518557067,7,8,0.0017462365969533246,0.04178799584753168
YHR073W,0.8234526401338303,0.7502619239049293,0.7554030822535,0.5633590172472422,0.864476955794753,0.7531156326927907,0.02750806859084063,0.0327168788442061,0.032378369499594814,0.043260519734675894,0.024101055295244422,0.03252941705359246,7,8,0.0043612612993263935,0.06603984629999068
YKL010C,0.850164909023702,0.6183555237441374,0.7988659915560361,0.4814533076832782,0.8016284856317575,0.7505192806624383,0.035788964143140284,0.05711784994014231,0.0414653289514407,0.0665788508267226,0.04117958968848972,0.0461807364561321,7,9,0.00869836963944189,0.09326505047144878
YIL087C,0.5913802041945775,0.4028999664915268,0.6072172549325184,0.4285137942187981,0.6395851959565826,0.44765034582459207,0.06711955191832264,0.081135869577498,0.065806008285991,0.07937655081105222,0.06303629190757162,0.07803624984792946,7,10,0.011218423545223387,0.10591705974593228
YOR198C,0.6773292968157525,0.7503686952345523,0.6188272274573858,0.31226466779372886,0.7417073814647133,0.6959608865450501,0.18071365111074886,0.15895006724952548,0.19641385889135093,0.26382859276256154,0.16168405408991152,0.17541871341176515,8,8,0.10298536752082636,0.3209133333484702
YFL039C,0.9016052302845194,0.858163915780444,0.9118384138185243,0.8762911265237397,0.8980373795326931,0.6946906377507093,0.42296191907709707,0.5078186276678043,0.4003639438882503,0.4742591156545424,0.43056205703763556,0.7450498336895609,5,8,1.8500508269218914,1.3601657350932979
YCR048W,0.7812266432483281,0.7355138695772948,0.741691708124399,0.6466584420624301,0.6893297205878279,0.6256099784226662,0.029751861313089382,0.03271284960602774,0.03232854057491432,0.03781066237356107,0.035454125664742445,0.038920558018405535,7,10,0.004117058037861514,0.06416430501346924
YBR208C,0.5122093656942661,-1.2884066614396001,0.32317891794430065,-1.042143635817324,-0.1393547768472938,-0.3254244156287862,0.04694914728197076,0.1016898441334104,0.055302901697251106,0.09606255260075425,0.07175306692555546,0.07739064446705492,6,8,0.004598064910886773,0.06780903266443765
YBR281C,0.8089112133204948,0.5898754944155766,0.7601267149886857,0.4153463762907287,0.7474797571984486,0.5779477194103071,0.022959326340251416,0.03363561707200258,0.025723643433934202,0.04015973723399228,0.02639305354055104,0.03412122898847348,7,9,0.0028069599568853756,0.052980750814662636
YPL180W,0.8115716309237402,0.8067389396575164,0.7922720739814306,0.6316783038802478,0.7534111564112385,-0.20268846660071116,0.024772200653542683,0.02508786035026437,0.02600991225407724,0.03463419481378402,0.028338584687656602,0.06258467735848955,7,10,0.003313874269403269,0.05756625981773759
YGL161C,-0.09434862213482509,-0.6801081414148684,-0.0005946295521401801,-0.09668685682845068,-0.36083569851697095,-0.08103989709286719,0.05416798880408897,0.06711714609375417,0.0517957286614284,0.054225826811470056,0.06040427972433362,0.0538376040989028,7,8,0.0027282418372862748,0.052232574484571165
YGR217W,0.7808065099393597,0.7946675815413378,0.7551413633761552,0.6273109393362002,0.75813118281968,0.6105560299299317,0.026632666685744915,0.02577683485768552,0.028148712897535108,0.034727550429942515,0.027976331689922886,0.035499588584382326,8,10,0.003292719941434455,0.05738222670334827
YJL122W,0.7758905958232362,0.4383016288645052,0.7855290651354376,0.44448749102975793,0.7206200576765869,0.4499340139768705,0.041364103429052855,0.06548550140498278,0.04046483718799776,0.06512391432689286,0.046183961939163354,0.0648038741947355,6,9,0.0077685557671388124,0.08813941097567428
YKL048C,0.8298290204345529,0.8269422586725725,0.7715018722575435,0.7128643163233137,0.7804705280615085,0.6797024670881107,0.02367012350965421,0.0238700478861063,0.027428313051255895,0.030746901635283166,0.02688463787118657,0.03247390915502917,7,10,0.0033501842085164654,0.05788077581128699
YHR116W,0.7188678271638154,0.4426790305139475,0.6848698403565262,-0.4137324873965127,0.6201238378265223,0.554814107048806,0.03708545619169638,0.05221569260880627,0.03926389103559993,0.08316334900539667,0.04310914128057806,0.04666798483266627,8,9,0.0049779420901285955,0.07055453273977935
YLR432W,0.6718809374886123,0.3482057189287767,0.6729342399637742,0.6816590706691001,0.4852882317578785,0.4777914715914955,0.08500475034695638,0.11980715021855667,0.08486820283280469,0.08372857599992097,0.10646565104309974,0.10723818261023839,6,9,0.022408256561916317,0.14969387616705074
YKR003W,0.7841960560678272,0.6878735175216304,0.7902082260597248,0.5763509087821086,0.7509326192902933,0.5423050886816392,0.025570438952369323,0.03075203099524314,0.025211734342710117,0.035827098211039576,0.027470522595330813,0.0372388736562615,7,9,0.0030829758817337606,0.05552455206243235
YML109W,0.8512052793610426,0.8760444695515326,0.8224917265688125,0.7853959367872059,0.817545338159074,0.758242674416427,0.0225067849965915,0.020542469703331047,0.024582667155221335,0.02702954102705625,0.02492282013380674,0.02868861104051167,7,10,0.003464116905496716,0.058856749022492875
YMR186W,0.8782510176921677,0.7518227571187873,0.8680762421125557,0.7663555767777336,0.8161596444922946,0.5413408540577821,0.745290557668922,1.0640791338721858,0.7758083616798949,1.0324538758098634,0.9158268560729572,1.4465650839460882,8,10,4.642362359823859,2.1546142020844146
YNL123W,0.7141416287702556,0.6517937178555155,0.667808840111597,-0.45121054690950246,0.6723795312129446,0.4231706787242181,0.02700606994357595,0.02980603669328683,0.02911253114811328,0.060848677513683294,0.028911554579566158,0.038362737913975535,7,8,0.0025961214128808344,0.05095214826561128
YOR212W,0.5917751805794325,0.29023303870583217,0.5969215478354376,0.22368185118353512,0.5827385133278147,0.5980889748114888,0.03594056097990655,0.04739069071620714,0.035713296534802694,0.049562706982637726,0.036336182594670356,0.03566154122794972,7,8,0.003219759515445916,0.056742924805176516
YIL153W,0.5617642907161806,0.46484433722590546,0.5118782679567341,0.46220243271857786,0.5757162657928913,0.5513188627748623,0.06281656044970044,0.06941611980005742,0.06629554468604154,0.06958725223222494,0.06180853679348634,0.06356077402699603,7,9,0.009162071581612375,0.09571871071850255
YBR084W,0.7584350803077006,0.11124016652058533,0.7392906806770337,0.22214853885788077,0.49549905935287764,0.19856915625944216,0.054234053953721426,0.10402730448584328,0.056342149775235856,0.09732030735263243,0.07837654700382908,0.09878435356474684,7,6,0.012389774717819643,0.11130936491517524
YGR005C,0.6286605319647562,0.34034461086533874,0.5640349540296832,0.4659141798442198,0.5114064405400245,0.4545803227008033,0.0387059289250022,0.051588214476318554,0.04193897139147801,0.046419179877925876,0.044398245497878075,0.04690912589443468,6,9,0.004105225487190317,0.06407203358088705
YMR200W,0.008767493249290603,0.08619819204264678,-0.03533418252097498,-0.03087171098229491,0.058292950262977095,0.17960164895249964,0.24905774337461722,0.2391323255092083,0.25453795889745845,0.25398881495483944,0.24275612230077098,0.22658161615634667,7,7,0.06367628230545808,0.2523415984443668
YGL135W,0.923598185643754,0.9018070181885736,0.9061338314901324,0.8416876354006025,0.9086370106986575,0.6064171867879116,0.13976849100484678,0.15845197782788684,0.15492160432586127,0.2011939226805209,0.15284195732433375,0.3172309144551611,6,10,0.2601764709058701,0.5100749659666411
YOR244W,0.8540382479038043,0.8870255723639234,0.8269536444569188,0.7782460985038162,0.8171249974538142,0.7167936278188924,0.01984807269569904,0.01746179489938411,0.021611257427908582,0.024464392886986926,0.022216517370209278,0.0276471467893346,6,10,0.002746317560115295,0.05240531996005077
YBR107C,0.757492748502982,0.7337196692664567,0.7194419223285446,0.5446615258476165,0.7078621281049133,0.5936172550684978,0.025443432207611354,0.026661395323038198,0.02736684416535603,0.034864264245747005,0.02792590531975786,0.0329367664537644,7,10,0.0027163129185817036,0.05211825897496676
YOL068C,0.3772212609432368,0.44635673426747,0.3377109204575459,0.3315337360309255,0.33649921816150363,0.15675854453878413,0.10217584887473234,0.09633772281362105,0.10536713285112177,0.10585737313600663,0.10546347692295696,0.11889328869191143,7,8,0.01705751921063345,0.13060443794386717
YDL168W,0.5065903402610088,0.23451899294139256,0.4715758696175131,0.3726255325953437,0.47595942043636386,0.4038742463602186,0.03724035870300249,0.04638496587757836,0.03853908082863023,0.041992666385917386,0.03837889715478298,0.04093350881628297,7,8,0.002860047205228285,0.053479409170523615
YGR113W,0.8640076244306079,0.7793884186393105,0.8198253460356628,0.711746533054788,0.8364674477672407,0.7073160928441229,0.02092481308276923,0.026651303864976196,0.024085249824661988,0.030464326186997185,0.02294596963146576,0.03069755096487203,7,9,0.0032761347176929467,0.05723752892720777
YHR120W,0.7644179522026638,0.763072554640898,0.7288427832501267,0.5689900999336941,0.7607757931317307,0.5878274146467469,0.026010951789141205,0.026085119684829752,0.027905880593930572,0.035182668049031064,0.026211248601804727,0.034405248503554385,8,9,0.002922290818620446,0.05405821693896725
YJL088W,0.7866875728183871,0.808879031634275,0.7949157769801771,0.6364111196441806,0.7235878861595155,0.6273735039837693,0.03814918007749203,0.0361103167723921,0.03740617105059187,0.04980608735765351,0.04342658372662628,0.05042129502493718,9,9,0.006942364262072127,0.08332085130429313
YLR175W,0.8392930078787562,0.5908848889574596,0.9041084676226426,0.5019249430129034,0.8341839814286026,0.8104042941495838,0.09590660253300029,0.15302200235444177,0.07408345865310023,0.16884123369539197,0.09741915576897521,0.10417064867642721,6,8,0.058239196984849126,0.24132798632742355
YGL228W,0.721934924952284,0.5525848663573737,0.6710297564227202,0.29835460139370207,0.6959103661333339,0.664485968124878,0.057275805508287175,0.0726529608830784,0.062298313719356756,0.09098228166842089,0.05989613390840517,0.06291487342279613,7,9,0.012004638991808363,0.10956568345886572
YOR207C,0.8225058861708435,0.7230742444750541,0.7621819955169138,0.5920837391287288,0.7418463948794844,0.5993067174470238,0.02837217522993465,0.03543907113522123,0.03284150274436329,0.04301165610830953,0.034216828494207735,0.04262915132579629,8,6,0.004614816635263753,0.06793244169955731
YPL119C,0.886520073162099,0.9249455275947959,0.8493344890498282,0.8094018251733193,0.8946522497425163,0.8437520054366919,0.03330510355615543,0.02708566813525577,0.03837586601425657,0.043162901735876176,0.032089569996744956,0.039080354155098876,6,9,0.009946165180245707,0.09973046264931146
YPR106W,0.42437636957654756,0.514433722276691,0.4174608037852473,0.4867290602928781,0.4095462957382545,0.3944879080964607,0.0716121518869223,0.06577209506253522,0.07204104321133609,0.0676224272080496,0.07252877506913044,0.07344780598066414,6,8,0.009065420880482858,0.09521250380324454
YBR273C,0.704051824854947,0.6701847249543769,0.6514435998418298,0.548856706769406,0.6394569371559709,0.5214248826089338,0.03304105689112221,0.03488040190320249,0.035857716424807534,0.04079466304170963,0.03646906839980481,0.042016624051297566,8,10,0.003753577031610588,0.06126644294889812
YDR513W,0.48415973313993976,0.42177835170836586,0.5207734794012582,0.4476249711409581,0.3151391431952911,0.30767947900176007,0.1827934974939642,0.19353089096257414,0.17618687164436483,0.1891560084179124,0.21062227272265607,0.2117662395316841,7,8,0.06591122487100638,0.25673181507364135
YOL090W,0.8538341892938032,0.760140503434851,0.765995930755659,0.5960881477955031,0.8125241153139325,0.7038621421672941,0.01986605866197632,0.02544879788763436,0.02513625181858437,0.033024185283302886,0.022498912128634644,0.028277159332435124,6,10,0.0027474561219265887,0.052416181870931694
YDR062W,0.8515984238691569,0.748918150137933,0.8415104402633529,0.5750861778940959,0.8450191659445845,0.6365435447558907,0.03853990888337738,0.05013015952733114,0.03982829877027629,0.06521415270767941,0.03938496135844286,0.06031392896004156,7,8,0.010184412740429203,0.10091785144576357
YGL038C,0.687763727440287,0.5454766530831089,0.6020704564599653,0.4200849371356483,0.6463086284361119,0.5526889346039993,0.041571009121272574,0.05015647285628534,0.04693015428397645,0.056654066082661075,0.04424468654799115,0.049756945397198646,7,9,0.005631847910986772,0.07504563885387859
YER145C,0.8641127440740044,0.7534291099039141,0.8594129672472277,-0.08176324421179704,0.8423142281085085,0.7275602023544732,0.2008994471145869,0.27062024237155907,0.20434405609039255,0.5668334719126662,0.2164141391174438,0.28446225712899925,5,8,0.30222604805505726,0.5497508963658515
YGR166W,0.7845755700101756,0.7884462543244044,0.7331263715181005,0.6705361742270328,0.7352478077319317,0.424418841094663,0.02511420044441024,0.02488755538449062,0.027952760929459367,0.03105816182969178,0.027841437983243553,0.041051134563899735,7,10,0.0029791810562244257,0.05458187479580035
YIL003W,0.7776834545895981,0.7638523072280179,0.7477273011831436,0.6748654896437091,0.7124142216082502,0.6402906195912166,0.025028349414656686,0.025795156681898922,0.026661307472623446,0.030267590605981942,0.02846623429811374,0.031836271409063525,7,10,0.002867119347926094,0.05354548858611801
YLR314C,-0.03602685827805474,0.1623401697572482,0.12231467553383868,0.2643698283228636,0.14493815817185196,0.2205871674299782,0.7603010017036541,0.6836501292402364,0.6997928065037213,0.6406632642903703,0.6907148901957322,0.6594529744329247,5,7,0.5677449094361758,0.7534884932340877
YBL076C,0.9091730453292729,0.7888186802309689,0.8847824292194525,0.6684519788706397,0.9237032370674391,0.7632670626145865,0.10010494130921652,0.15264264702636307,0.1127476493281641,0.19125877019376678,0.09174896949269117,0.16161344290110868,7,8,0.11226630152143824,0.3350616383912641
YDR110W,0.7549157355067281,0.7755475834870755,0.7311447359864855,0.5932878949605099,0.6755332823990374,0.5975784063513085,0.025244026433859465,0.024158115581465692,0.026439922880328662,0.03251954506064532,0.029045977038141373,0.032347561729940806,8,10,0.002645787509890358,0.0514372191111685
YML074C,0.42297408850577234,0.32991088543365277,0.458684884790055,0.267733424511856,0.28114218321197526,-0.673987297350344,0.10679833185819594,0.11508880823908506,0.10344080423981743,0.12030991416895752,0.1192033089779745,0.1819042686245892,7,8,0.020113458822378315,0.14182192645137182
YLR204W,0.9150193252876677,0.7538926575517213,0.9239324413951492,0.4216588908362602,0.9203547020900829,0.6483398086057142,0.05322245303797572,0.09057265223985095,0.050354065311861526,0.1388439088419238,0.05152462866413822,0.10826707506082914,6,9,0.03391741441983023,0.18416681139616398
YPL188W,0.8255761051307345,0.7837640327798464,0.8344009068691371,0.763068574375845,0.8470470885400623,0.7750933687906867,0.020623068375405045,0.02296224033945076,0.02009459551718531,0.024035968460334595,0.019312085067031907,0.02341808736671311,6,11,0.002481154002101008,0.04981118350431967
YGR284C,0.7682061062568927,0.6969726122567999,0.7410468528998562,0.5976190720079819,0.811371097768204,0.8465856839291812,0.08558762045503802,0.09785902797078982,0.09046290986934909,0.11276612333990942,0.07720831513812433,0.06962943974777629,6,8,0.032156816777373164,0.17932321873470028
YDR483W,0.6291124737161784,0.6754974082558854,0.4793906188339703,0.5179677630074064,0.6095534566602305,0.5472404384718828,0.0727083118447043,0.06800988374105835,0.08614279173733838,0.08288978045915847,0.07460084362375621,0.080333513688848,8,9,0.014503707511754796,0.12043133940862236
YNL209W,0.9011484903148661,0.8471559022642094,0.8572573565484733,0.8189864553855193,0.8826264842633806,0.8400702086587815,0.20384661892262396,0.2534756209166561,0.24495636395844997,0.27584644779416817,0.22212473157089502,0.2592844935180622,7,7,0.42773703680550074,0.6540160829868794
YDR430C,0.6072292639548619,0.4942948532832958,0.517281189269752,0.319918256568416,0.5371550144951759,0.4543608948674285,0.027450534911462484,0.031147983589028403,0.030431850506816797,0.03612116996415386,0.029798817600005325,0.03235444797688349,8,9,0.0019521610290023869,0.04418326639127518
YOR023C,0.7353867810752128,0.6900448531264651,0.7128401590332267,0.693642193013303,0.7102886360680254,0.7131393264167103,0.03759064419224454,0.04068397947334006,0.03915938408680809,0.040447201293785436,0.039332972253119027,0.039138980357482415,6,10,0.005433768585268742,0.07371410031512791
YOR375C,-0.596356864254175,-0.42247000002057633,-0.7066257660407678,-0.751947955316352,-0.1007286393539586,-0.45056973888238794,0.5616584907643267,0.5301867799722579,0.5807329736510073,0.5883935954710175,0.46638810967637767,0.5353978750772729,9,8,0.2010795066980791,0.4484188964551774
YBR231C,0.8933718459903003,0.9062896831636026,0.8710704617378884,0.6567209950789956,0.8981146152059245,0.7473988420390361,0.029683000385878882,0.027826946660348642,0.03263984337511702,0.05325930240815672,0.029015348916989942,0.04568667173883717,6,9,0.0084080801461406,0.09169558411472496
YDR260C,0.12905942169742757,0.05149832465869686,0.14354207875452474,0.016845287360900296,0.1791852091322157,0.09992653199697576,0.5162522643986626,0.5387493485771688,0.5119419544281942,0.5485025355709071,0.5011760324756963,0.5248155407985299,6,8,0.3113784494342809,0.558012947371547
YNL084C,0.7515606078168781,0.8206644190603084,0.774881312339657,0.6425681564972743,0.7779274503479718,0.676757721243546,0.026296450355591444,0.02234190145298567,0.02503183422817707,0.03154158551469972,0.024861901373131046,0.02999514596989751,9,8,0.0028322196894219887,0.053218602851089473
YDL161W,0.39583165095050343,0.1294383594504187,0.41081302786727236,0.3104946530555117,0.35242376088504357,0.3625477215417586,0.037027366032562806,0.04444711715809301,0.03656540617752968,0.039556025988926186,0.03833445444425738,0.038033620891900426,8,10,0.0023090897137100492,0.04805298860331217
YJL011C,0.7888205462258113,0.741179490559732,0.7499051197266932,0.6686852323800542,0.7244200945739261,0.6645179348386125,0.022590922265804395,0.025009641933931705,0.024584451923602046,0.02829622675520205,0.02580666614347915,0.02847362650310436,7,8,0.0024590615434162185,0.049588925612642776
YJR031C,0.7750621993381539,0.772847500127975,0.6673717573772016,0.22970658823025125,0.7785648344616268,0.5748035687400768,0.025304252559069155,0.025428518110779962,0.030771017128036093,0.04682635820835619,0.025106466083201735,0.034790213723095896,8,9,0.0028965279298318438,0.05381940105419089
YDR533C,0.5773212892790174,0.4334360616755224,0.6039705281350525,0.2963622467689748,0.4997751807668521,0.3719806705105674,0.12971771898818826,0.15018224095024654,0.12556189731708908,0.1673665572865113,0.14111615483772544,0.15811774851311297,6,7,0.040508053075834445,0.20126612500824487
YKL058W,0.5768493327549532,0.24437224106399147,0.4444941832155046,0.4155634108195909,0.5477158454811657,0.3179319803307231,0.024084591406355944,0.03218442243177446,0.02759536058769034,0.028304824514744677,0.024899891478715405,0.030577756046389102,8,10,0.0013948794423958952,0.037348084855798096
YNL001W,0.7169049812066,0.654564965421929,0.6969569636454778,0.32021973594947406,0.6743069208047013,0.42505064380302127,0.026242918639939015,0.02898873146812429,0.027151771774316474,0.040665891345065486,0.028148177771800526,0.03739907114976984,7,10,0.002475398811654043,0.04975337990181213
YFL025C,0.741691844924957,0.7372609659510168,0.7178641723749832,0.6038620951962875,0.7341343358729373,0.5729020095384811,0.027506371359570958,0.027741282996065333,0.02874705520648139,0.03406335678158284,0.02790585734164014,0.035369425629374784,9,10,0.0029804485170895475,0.054593484199944114
YOL139C,0.914685974942414,0.8536328708038561,0.8681981786945037,0.7338941240257082,0.9105154282083237,0.9021922213681877,0.09848670501481052,0.12899983927198172,0.1224131567712381,0.17393806084856278,0.10086522784818276,0.10545182240196611,6,10,0.11568789567787031,0.3401292337889678
YPR120C,0.24407327496553377,0.16406361885241683,0.3025668223498901,0.13883055836607472,0.31172280753962656,-0.0052996359191943565,0.12083544440338541,0.1270694374320528,0.11606620791376634,0.12897299916185295,0.11530182545172825,0.13934848661612748,7,8,0.019654505677280668,0.14019452798622586
YLR382C,0.7597926332339937,0.7943600363588429,0.7171357521647891,0.6454158287001805,0.7133645962243627,0.6751702363752176,0.023945560279272294,0.02215570638825963,0.025984889326933425,0.029093201460743602,0.026157531535997466,0.027845803235834563,8,10,0.0024289401949674876,0.04928427938975559
YJL143W,0.8432609409524723,0.7541321345416051,0.8532829553004383,0.6051098633360743,0.813974227366905,0.6351530924764786,0.10088149169149531,0.1263495685163535,0.09760299916505003,0.1601256924694657,0.1099029718558951,0.15391403099495793,7,9,0.06606917644324403,0.25703925078330747
YOR215C,0.7989702309503361,0.7194788668279088,0.8076597051676637,0.7074304168759553,0.7650470630298702,0.7660807752784147,0.09816108090398475,0.11595565606148574,0.09601614910503056,0.11841963866387178,0.10612057249303983,0.10588686811437237,6,8,0.04877209691928455,0.22084405565757154
YIL061C,0.8375825867408175,0.8360241790496677,0.7892554506244129,0.6797684103261806,0.7658949694393924,0.7073399822913813,0.025399039756244603,0.025520601732524642,0.028932048113671407,0.03566424945046394,0.030493436898404596,0.03409437239561405,7,10,0.00404161689364547,0.0635737122846029
YKL174C,0.7395156584758253,0.7439143388045626,0.7652739852383585,0.7317342973469744,0.7107485008389229,0.5653973346842763,0.030135102620427536,0.029879580435779315,0.028606351881151775,0.0305818983227597,0.031755552493745044,0.03892494939096992,7,10,0.003547454759578839,0.05956051342608489
YOL145C,0.8119180743929841,0.7164788541343639,0.7209342209643753,0.5445662177284075,0.6918970102071591,0.5378603968580118,0.02532519070771321,0.031093665407790815,0.03084838873282796,0.03940867325762011,0.0324135911271729,0.03969774033990926,8,8,0.003469856578769085,0.058905488528396784
YOL077C,0.7640525272732156,0.2722950747379568,0.7053556947570491,0.4597675296891879,0.6134714010164437,0.44240691842977375,0.04708502677699204,0.08268996611253822,0.05261676978190945,0.07124682223001882,0.06026511270302228,0.07238254434056172,6,9,0.009561002933897028,0.09778038112984132
YMR225C,0.7612642654042875,0.6924419899768048,0.717868940366216,0.6617036026698113,0.6679880719355651,0.639447851836932,0.026093789628623108,0.02961706119858684,0.028366378376835512,0.03106183640327718,0.03077196890944519,0.032067306686317125,7,8,0.002902084282738835,0.05387099667482341
YCR036W,0.6917126524393125,0.5864064625980672,0.669999706039889,0.36776920204907826,0.6494024774316622,0.5595063110543379,0.04326082842025858,0.05010762898859223,0.04475835787445804,0.06195192492690446,0.04613403093856416,0.05171146318195588,7,8,0.006177135102363753,0.07859475238439112
YJR143C,0.8938827500347012,0.8908843716064221,0.8455205440010689,0.8512300878354803,0.8837672778467738,0.8513965389449643,0.04539729512675348,0.04603418546445358,0.054773734170909194,0.05375198876873416,0.04751176766549357,0.053721910165990115,7,8,0.01976182758767711,0.14057676759577706
YCR057C,0.7446834837290258,0.38486938997654774,0.774249450467306,0.42679726800801054,0.6412487986821478,0.5303043752944512,0.02941297622457475,0.04565445747835364,0.02765756393405054,0.044071074858747755,0.034865524180299326,0.039894017537033664,8,8,0.003447880234013509,0.05871865320333487
YDR323C,0.8388957846979397,0.8718486218473621,0.7910486762992993,0.7781658511096968,0.7517041212232689,0.6979885827764123,0.02412638804871377,0.0215179303417265,0.02747650059157879,0.028310859707065303,0.029951847259791744,0.033033191680882895,6,10,0.0036764685182821676,0.06063388918981008
YGL220W,0.6032607950444202,0.1878275239323276,0.5768932337339658,0.3247942108118398,0.6234726472234566,0.5221409401550752,0.05729550741407355,0.08197702328077082,0.05916883193650621,0.07474567861793395,0.05581697241029678,0.06288078036286515,8,9,0.008419555403024477,0.09175813535062968
YKL215C,0.7357287779800787,0.7423580493074694,0.6832650107608067,0.6092723743380848,0.6956014096785538,0.6402816230261638,0.028702062385770197,0.028339778852938563,0.03142217105889573,0.03489998391075686,0.0308041681954241,0.03348647861495366,7,10,0.0031719729355212016,0.05632027108884688
YKR089C,0.13654087612926136,0.15313645454511216,0.12300753743441539,0.07154473475017631,0.1998600881853574,0.059263027727308626,0.22992957742124495,0.2277092479120285,0.2317244606996591,0.23842645489788503,0.22133847669493703,0.23999823955237856,7,7,0.06230186354605555,0.2496034125288666
YAL015C,0.7037632579780408,0.6684333238945547,0.6920059480864051,0.46620590857517363,0.6808080495436323,0.5948004915309408,0.026898482895527605,0.02845730459592057,0.02742707469579287,0.03610731591384381,0.027921213527076615,0.031458845430373035,6,10,0.0024852483099945884,0.049852264843180276
YLR028C,0.6916781825638861,0.46505747588785806,0.6887795454147942,0.4773743923354269,0.7541162487153049,0.7011047961577002,0.09452938282736775,0.12451402008575681,0.09497269460150914,0.12307222056314654,0.08441694065827356,0.09307309735458315,7,8,0.02949052645181315,0.1717280595936877
YLR323C,0.8595266635757801,0.8721131786967218,0.8278859987717307,0.7557442948329698,0.7922220775514706,0.7350372728382029,0.022920348760536117,0.02186941516821107,0.02537069552517314,0.030223630497625133,0.027875583863629254,0.03147869106787766,7,10,0.0038054120021815737,0.061688021545366276
YGR212W,0.7385000880479968,0.6966845592749275,0.6788449241865231,0.5750426010673375,0.7446526741965107,0.5355527077081675,0.03207569270669019,0.03454518559819617,0.03554656715323875,0.04088960999328663,0.03169610724559323,0.04274728024169013,7,9,0.004003443274216713,0.06327276882053379
YHR134W,0.849985203584067,0.8495200686320505,0.819409927642614,0.7516917481155289,0.8174473673004551,0.7277837059284606,0.019504998293337752,0.01953521342891973,0.02140059283097147,0.025094262947957045,0.02151656394057746,0.026274588726882816,7,9,0.0025805416574013655,0.05079903205181537
YNL178W,0.9260842328700752,0.7220595509860304,0.9139684704582567,0.7148855182831209,0.9152796721375271,0.6527506716418399,0.5807689489417102,1.126187549428242,0.6265614436046667,1.140629193227826,0.6217684171488379,1.2587965718316645,7,9,4.643258115638662,2.154822061247439
YNL053W,0.6982618304267428,0.6215920557555927,0.6077537567014024,0.47315017781276814,0.6276216924655914,0.5736520548452118,0.0296665645284527,0.03322249568194536,0.03382451105264435,0.0392008559450616,0.032956745466454856,0.035264214788982735,8,8,0.002967955600967691,0.05447894640104277
YGL156W,0.7299304341851625,0.6836737172269032,0.7331285854554717,0.5798570910966894,0.6954657664221656,0.6283595871193243,0.0960559493803737,0.10395708293767626,0.09548551052498298,0.11980776448067915,0.10200101787954373,0.11268027872803296,6,8,0.03476370286134729,0.1864502691372348
YPL103C,0.833852035823834,0.8108529467083212,0.7781240389529063,0.6480845579290591,0.7844133302559666,0.644576005151443,0.022592516563799597,0.024105541243544994,0.026107916979991395,0.032880336940735076,0.025735229716357427,0.03304383684877426,7,10,0.0031259881862778774,0.05591053734563707
YJR046W,0.8360673712753074,0.6875609601689505,0.7461610107436742,0.4506892350873585,0.8348349800882489,0.3752810325425522,0.025505874850466823,0.035211957592289435,0.03173852120655662,0.04668921562819639,0.02560156769856808,0.0497908876669615,9,10,0.004038017378388259,0.06354539620136347
YCL054W,0.6043794482119295,-0.7272394151326493,0.6597658174126557,-0.30927977117166416,0.06876406423692438,-0.22430015119523494,0.037318178524200295,0.07797534155169199,0.034607480896584664,0.06788866128015589,0.057254665163333995,0.06564852418493324,8,6,0.0035819141240016924,0.05984909459634032
YGL224C,0.797759731183891,0.7376730879938687,0.7761215135931738,0.8068502621662953,0.543453719646031,0.04633162130069157,0.04375158378978489,0.049828909808441485,0.04603266759800772,0.042756980084202464,0.0657358626264969,0.09500766692119325,5,8,0.009631037234456671,0.0981378481242414
YEL064C,0.7389781745982311,0.7441990539689125,0.6596501622701518,0.31379591348611935,0.6301399918492013,0.7421245345903942,0.02788171422395996,0.027601464985515127,0.03183785747420117,0.045207210552496616,0.03318942647792024,0.027713161502927675,6,9,0.003030506769662962,0.05505003877984976
YPR158W,0.2398271414223968,-0.02114783611017046,0.17703637688206875,0.40238660538357973,-0.25583271344165315,0.3747648270569497,0.04825231856968245,0.05592504180948782,0.05020561902030912,0.04278309197498308,0.0620194488846303,0.04376064428988256,8,9,0.003116571905671056,0.05582626537456232
YBR004C,0.7293500452439925,0.7356553022078385,0.7189047146848817,0.5676375891520244,0.749438221760887,0.5314465776968706,0.03435397519448184,0.03395144947838006,0.03501061978421021,0.04342071625992202,0.033054487626794166,0.04520147173908364,7,10,0.00443709956986773,0.06661155732954853
YBR047W,0.8198608969944882,0.5595410768235197,0.8028737781532983,-0.06953032219698874,0.7716953660873129,0.6043577139556293,0.031090350364088176,0.04861545163192243,0.03252324100778357,0.07575619777359348,0.03500088144450014,0.04607580902964307,6,9,0.005460046916648196,0.07389213027547789
YBL041W,0.6283096510824787,0.5479896332651217,0.616252203409269,0.48503241667153807,0.6009041869071013,0.21747305497559577,0.1519613849301597,0.16757792104173747,0.1544064890882892,0.1788679569173948,0.15746396626862563,0.2204917025696458,8,10,0.0632176487519199,0.25143120083219567
YOR073W,0.2467785933122454,0.295562306446432,0.2370763549710414,0.22975085046021426,0.3512855761724163,0.19003475939134218,0.12663282973693585,0.12246339015115108,0.12744579833845382,0.1280561964960315,0.11751999431602254,0.13131616030552878,7,8,0.021663224833387902,0.14718432264812684
YKR065C,0.6205382167363585,0.5351099632209229,0.6081674794528478,0.43879488107353515,0.4961480763900157,0.48896467521507314,0.029942728300088997,0.033142286499141145,0.030426891568862437,0.03641398087118044,0.03450315493498406,0.03474823968747554,8,9,0.0024041847256278423,0.049032486431220705
YMR291W,0.678967570059325,0.7361972493024336,0.6569962958580746,0.6350686812180247,0.5764983862234949,0.5104742383037129,0.04123987483877716,0.03738372259595899,0.04262773826812495,0.04396918885518653,0.04736640459471802,0.05092495588540508,8,9,0.005390622366973888,0.07342085784689449
YNL186W,0.37685685058629326,0.22120328500342668,0.3119537557537455,0.1594485095881364,0.28814831629279314,-0.010333646032370192,0.03214174426485603,0.03593251241817488,0.0337741434106656,0.03732997423087333,0.03435344437160368,0.040926813918049386,8,8,0.0016869577104294267,0.04107259074406467
YAL017W,0.7853423340889678,0.5389296372135048,0.7127698731887797,0.5256794895120616,0.7845649531521987,0.6955630255288593,0.04104732480750715,0.060158259132330916,0.047481742839753274,0.061016544498825674,0.041121583907354375,0.04888328184841135,7,8,0.00798686697370339,0.08936927309597739
YIL127C,0.43639603592414933,0.37602717371025707,0.3569444956258424,0.2630065303768485,0.30468099013653116,0.035361845894134825,0.047603240768650516,0.050087844076821215,0.05084798301313481,0.05443538768272838,0.052873925157785766,0.06227757854924385,7,9,0.004091213452932429,0.06396259416981483
YLL060C,0.3646401050729945,0.2837786563482163,0.5126283223217205,0.2631044364043803,0.2918958266221794,0.30169061069340297,0.14574282655447623,0.1547394035731651,0.12764606551994703,0.15695684488933145,0.15386004888510973,0.15279221605803628,9,8,0.034017916911862185,0.18443946679564596
YER164W,0.796484747270227,0.7335720073839003,0.7160335828073545,0.5096677651048647,0.7738670034138068,0.5135121309441729,0.02022653577667523,0.02314264276438673,0.02389222061147407,0.03139556099931765,0.021320873533049175,0.031272243053134766,7,10,0.0020454986080881495,0.04522718881478429
YKL119C,0.8248375847450391,0.7838532425741226,0.8154307080387904,0.747985076885276,0.7468819369365292,0.03601652008243528,0.024271448924197598,0.0269618447076464,0.02491465992932864,0.029113094478947246,0.029176742990077522,0.056939026317305956,7,10,0.003422186069105631,0.058499453579547486
YOL093W,0.7625352176369853,0.6742231178362386,0.7698838545241914,0.648044211788924,0.6927467538146751,0.45481731083551935,0.02451632824568409,0.028715471638152874,0.02413400330568534,0.02984694452850244,0.02788714549101084,0.03714726562093581,8,9,0.0025755191467046186,0.05074957287213971
YNL318C,-0.03154038679758586,0.032742972752324184,0.04690026482693599,0.1633754073233229,0.12965839146855218,0.15735872729627498,0.7359143089946647,0.7126151910456623,0.7073808584544273,0.6627495516225025,0.6759724598745294,0.6651284013817274,6,7,0.5342215419083874,0.730904605203981
YOR143C,0.7479766071555897,0.734619759097594,0.7238361099764874,0.6173518079979178,0.6210788557083731,0.4326169138206032,0.02485892804913196,0.025509166141620594,0.026022284228182743,0.030631044285832482,0.03048150389880556,0.03729925547399436,8,10,0.0024950375072564502,0.049950350421758306
YMR247C,0.8630683028938341,0.8759903239383487,0.8621687865382726,0.7048405478450033,0.8414806878365281,0.8030249443913684,0.02548633089675843,0.024253985216770992,0.025569904844318144,0.03741826701740243,0.027421828578037256,0.03056757158139049,7,9,0.0048268497675243265,0.06947553358934587
YBR289W,0.8102766074851409,0.793897920523897,0.8003092132269024,0.5297060034560233,0.7250066951410628,0.6976690787852098,0.026543089445062354,0.027665098221364294,0.027231404649646445,0.04179032485060878,0.031955976258716934,0.03350675061809923,7,10,0.0037786372119035087,0.06147062072163831
YDL165W,0.602567972217198,0.606286402188899,0.5895070062843957,0.120862706775141,0.6631971674544597,0.5511155750318465,0.02779833613124876,0.02766798795370192,0.02825141763069382,0.041344307528711315,0.025590291817221885,0.029543003038740415,8,8,0.001978462756488278,0.04447991407914676
YDL049C,0.37986092977105923,0.7375254217075855,0.45077962721495435,0.7366057503002597,0.3915043834867439,0.3027304756729381,0.07591479213984768,0.04938845990704468,0.071442259192799,0.04947490911110434,0.07519874407863952,0.08049746469222292,7,8,0.009456204562662652,0.09724301806640234
YOR329C,0.8357702028519082,0.8758693642802667,0.8071582807594759,0.7695788809560546,0.8290244715812031,0.7886685526869293,0.02688913436970033,0.023377083761993694,0.029137436530271607,0.03185018680690672,0.027435812140964404,0.030502322379736786,6,9,0.0044797607903658615,0.0669310151601323
YDL005C,0.7189357959574818,0.5559291367337236,0.6808578096982738,0.5208376280300505,0.6844601990920373,0.625554641220742,0.03615849839294523,0.04544998633920646,0.038530063811199645,0.04721162736772665,0.03831198828142441,0.0417351370101599,6,10,0.0047333473214727665,0.0687993264608947
YMR024W,0.8654034490135571,0.6677999614591494,0.8140361298319676,0.3332885227334166,0.8155030440373634,0.17891824245232102,0.02755479860366937,0.043289255297730166,0.032388778048862935,0.06132664992110166,0.032260781076304236,0.06805710592468492,6,9,0.005740023743655364,0.0757629443966862
YER053C,0.7073289329000576,0.47114455072028727,0.6244007870390871,0.45922004326177457,0.6891271169504947,0.6729511826676092,0.09068133494371089,0.1218979778347988,0.1027283579241132,0.12326458068840586,0.0934586341584792,0.0958593104952546,7,7,0.0285896709279776,0.16908480395345288
YAL067C,0.82313700021951,0.9017928132225345,0.8351225944758484,0.7884701107367615,0.7184923207993172,0.892029122946748,0.15721649310259966,0.11715241521528985,0.15179594969285323,0.17193547081314764,0.1983465881540087,0.12283805344751406,6,6,0.14220417930590687,0.3770996941206753
YKL193C,0.5492450690846518,0.03182494433910521,0.5412102423590639,0.49575375800424903,0.32081291666148204,-0.613241936791036,0.04894632560582394,0.07173428871237308,0.0493806393617918,0.05176916818678139,0.06008202487770695,0.09259757288656702,7,9,0.005408201216189845,0.07354047332040939
YMR124W,0.7130371487654046,0.7098804341291334,0.7167390109413782,0.5795464894773915,0.6245465636007448,0.5760012522302032,0.029756644729577012,0.029919865021352503,0.02956408921058085,0.036018872332827336,0.034036834448998174,0.03617040798842655,8,9,0.003139752239379872,0.05603349212194321
YER155C,0.8284800081573922,0.814363168397388,0.7760846073269493,0.781332099295869,0.7518285566064068,0.8155466454512635,0.051262663238561844,0.05333052576730815,0.05857142177047361,0.05788103779865006,0.061662296453852156,0.05316025683750007,6,7,0.015589806365254836,0.12485914610173672
YOR149C,0.7658043330204377,0.7547983708607315,0.7721696461769778,0.6413746582268219,0.7873364012617329,0.6790639901900588,0.02726374486395551,0.02789701634000573,0.026890685500419613,0.03373778518832495,0.025980210201242464,0.03191576844380706,6,10,0.0032295744467681423,0.05682934494403523
YGR286C,0.39014517003160987,0.1412634574213958,0.4568041565088863,-0.37312190712869,0.4640021012617713,0.24552026535171212,0.0441582991258003,0.052399733146857,0.04167516444923149,0.06626033865182125,0.04139812263656515,0.04911598892088921,8,9,0.003253503994261729,0.057039495038628533
YNL055C,0.557327680537989,0.5757736959958135,0.5428099809138558,0.4552761455713782,0.6481976790912077,0.4445914641811334,1.192801704621011,1.167685439145395,1.2122032341873434,1.3231688406739075,1.06335044741,1.336082707149665,7,8,3.270448193198222,1.8084380534589017
YDR499W,0.807424432907178,0.8829596758503216,0.7573844650179601,0.6838735015044801,0.7733174665773167,0.6750964223904684,0.026124220072358952,0.020366223192702294,0.029322570818077348,0.03347134709431749,0.0283433885074054,0.03393282268140922,6,9,0.0036061070897153353,0.06005087084893387
YLR027C,0.2762346992932003,0.016964193370107128,0.3111491866921313,-0.1726445185727401,0.14604391410793827,-0.27289985315092213,0.1961681740457854,0.22862006252507866,0.19137810872352587,0.24969673266590156,0.21308233126954554,0.2601517722594349,8,9,0.05410189524705169,0.23259814110833235
YMR076C,0.5613314425746974,0.1242007045750032,0.5089603959022175,-2.113067860307615,0.6272891479096256,0.1278583628307337,0.04191352805432782,0.059222707932908125,0.044344955780681525,0.11165553570759962,0.038634205430923184,0.05909891069499854,8,9,0.004074976131672688,0.06383553972257686
YPL064C,0.6944064056061331,0.6279829454001087,0.65701922515003,0.5554802533678194,0.5949246790264524,0.5236518413197093,0.02556727007746139,0.0282093877700508,0.027086140340956088,0.030835980675186465,0.029436090410790917,0.031920852482379476,8,10,0.0021765949108889585,0.04665399137146744
YCL005W,0.7196870644371496,0.6176571168137344,0.69963918132713,0.712939418514537,0.6726230182362241,0.5926676759556497,0.026873788485597686,0.03138584533469878,0.027818196118282134,0.027195315716778478,0.029042325935008554,0.03239528182174055,6,10,0.0026216082052595217,0.05120164260313844
YNL330C,0.7766376755377887,0.648257662897398,0.6469762225479111,0.35570498786466664,0.7139850940219915,0.4398173311664868,0.018490752952237868,0.023203951997598483,0.02324618098861738,0.03140450992668598,0.02092396426537345,0.029282926005638366,7,10,0.0015575873441225911,0.03946628110327335
YGL066W,0.8884383091021941,0.8419707448449083,0.8795050594059548,0.7261922814859206,0.8541022180926015,0.802276576528532,0.020708877243519528,0.024647209482124795,0.021522039079674135,0.03244306322960236,0.023682271428599758,0.027569447983004435,6,10,0.003911570456319454,0.06254254916710267
YLR183C,0.806036985435168,0.7441559959065278,0.7769126614885167,0.7921790153486823,0.8150637424565823,0.5870197827125685,0.022236799500617487,0.02553879719101974,0.023847907512823566,0.02301746633808356,0.02171320086690673,0.032447216145152155,8,9,0.002594052570182523,0.050931842399254745
YNL135C,0.7948906212281135,0.6137365614164169,0.7168207423948181,0.21353901541733877,0.7615902821435255,0.4509215607652939,0.19127765706585473,0.262490315619163,0.22475129528310317,0.3745502361516302,0.2062212717512124,0.3129598890657227,7,9,0.1815081397123352,0.42603772099702064
YKR060W,0.813563172562519,0.7884282445667441,0.7889067931287645,0.7038451851197508,0.7050316447468016,-0.8808856754865444,0.02523602538869928,0.026883384796429054,0.026852964176004256,0.03180639898751565,0.031742623425012446,0.08015604919092639,8,9,0.0034758685596320126,0.05895649717912363
YKL026C,0.6670953108433826,0.6738324343204876,0.6956746812621621,0.5325984047276389,0.6533275333892127,0.5077522389183456,0.06142493037088198,0.06080021328503073,0.058729155968163124,0.07278297640740157,0.06268222324836584,0.07469243044686809,6,9,0.011532476308645106,0.10738936776350397
YGL198W,0.6912254359887988,0.5241314512428032,0.6077767065272244,0.5233876522406744,0.6277505952579625,0.6437424418574647,0.02838435295499073,0.03523722837114802,0.03199078750218919,0.035264756122045965,0.03116558231923221,0.03048879662864118,7,9,0.002655031132145052,0.05152699420832785
YJL003W,0.8508534563200723,0.8786825413400883,0.8325734723505772,0.896511229209201,0.8419406388242092,0.7555539601544556,0.02846751114900083,0.025674651348721655,0.030161645956000887,0.0237131646584116,0.029305761701028,0.03644470218002985,6,9,0.00552890265063819,0.07435659117145023
YKR019C,0.48975499018659874,0.5118716562568881,0.4623313545072736,0.46231949409693107,0.5035699433409889,0.4117862719635783,0.062182615542823415,0.0608200279799904,0.06383178040794293,0.0638324844353582,0.061335037710067486,0.06676474283772203,6,8,0.007711029114497655,0.08781246559855642
YOL066C,0.7711040332703053,0.7854217565358641,0.7203997375871949,0.5603557505515325,0.7046583914796858,0.6163164052595572,0.02618775945622208,0.02535549631275372,0.02894330094639502,0.03629359356678744,0.029746891604917624,0.033905167026588925,7,10,0.0030486788921744484,0.05521484304219698
YER091C,0.8017803040167493,0.8142527036070715,0.793370343113132,0.6296679011577192,0.695412163668689,0.7758874554010516,0.6259587410077427,0.6059454882111847,0.639099728123146,0.85559449929523,0.7759407914377503,0.6655878551259208,6,7,2.011396772605618,1.4182372060433397
YDR078C,0.7837924768887194,0.8102002867183821,0.7253912071801636,0.6457210446671569,0.7267829768365306,0.6659366349166729,0.026592862009432252,0.024915950263857328,0.029970010752690124,0.034041003714078866,0.029893967418900068,0.033055528490275536,7,10,0.0033282236048049895,0.05769075840032777
YBR153W,0.8004946254260931,0.8446369452167166,0.7833811454899406,0.7118982669360971,0.73056138840936,0.7426188065541233,0.02339272660784792,0.020643219060971076,0.02437539559808868,0.028111012008948767,0.027185258141248524,0.026570024230127356,7,10,0.0027910025191980868,0.05282993961001741
YDL055C,0.8809901134382201,0.8720687085891945,0.8633267745208115,0.7679525626843721,0.8649732954390119,0.7876370972546352,0.3919924708298883,0.4064195557240457,0.42007605496276046,0.5473619361694253,0.4175380311650639,0.5236312189054863,6,9,1.3137887766758,1.1462062539856428
YDR150W,0.7828687972117119,0.8012154690070519,0.7436911124273031,0.5761169940165363,0.785720863768814,0.6315843915371281,0.026653815109274878,0.025502899206979776,0.028958768865269248,0.037240994022456765,0.026478184576700974,0.03471900516553075,6,9,0.0033292749368734847,0.05769986947015985
YDR181C,0.8204709601625466,0.8561505719098045,0.7875704932640832,0.7331930809560602,0.7593867914769561,0.69809470821446,0.024247059311794914,0.021704300341447363,0.02637540524359636,0.029559035877901367,0.028070584310644676,0.03144322499947337,6,11,0.0033322423478866995,0.057725577934627036
YGR010W,0.8240754211824854,0.6442017087457483,0.7922254059774925,0.6428391622591332,0.8176491980387197,0.675815717826469,0.024007803489044462,0.034142168128650126,0.02609067943441481,0.034207480188222596,0.024442352690122366,0.03259005886655723,6,9,0.0033337380592074486,0.05773853184146137
YLR113W,0.8951548178836812,0.8972798490182259,0.8425046093370077,0.896162790611981,0.8982353042272595,0.7732858329315394,0.03921735777945304,0.03881788915827213,0.04806600364849822,0.03902838631040958,0.038636934384069975,0.05766913280592598,6,8,0.014926614613557066,0.12217452522337488
YLR167W,0.890545530557718,0.8394857498231637,0.8522949195310885,0.7494477678459104,0.8988226738937676,0.8790288748413444,1.8640617092948166,2.257357439622185,2.1654155550852523,2.8202828954346706,1.792194475547797,1.959676548386202,6,9,32.30280298576768,5.683555488052147
YNL206C,0.6978156376645962,0.5935035193284314,0.6868291359441607,0.09250928569332939,0.7420168975731314,0.4632074160117782,0.02045588550546938,0.023725243913509584,0.02082442249266161,0.035448950824223405,0.018900701424858248,0.02726374710500454,8,10,0.0014090218243034316,0.037536939463726014
YDR107C,0.7888380407884582,0.7604398223658022,0.7309595365355156,0.6612221078808933,0.7185573988912385,0.6048637536899142,0.026271366838255525,0.027982218309381943,0.029654023576727015,0.03327609519514467,0.030329813879165016,0.035937533114644114,6,10,0.0033258510290114225,0.05767019185863198
YCR004C,0.410067141219964,0.011275753503677821,0.2782542209251604,0.13258781449693324,0.24449445226152855,0.22132174408257377,0.0945368986259595,0.12238766516133036,0.10456640657938526,0.11463383372064001,0.10698401346998263,0.10861231766297605,9,8,0.015415345138113436,0.12415854838920047
YGR239C,0.7253223310051607,0.6051283023584948,0.7714352829845676,0.40233919135040663,0.824090853862388,0.5341414130208861,0.04805540845809389,0.05761805580016011,0.04383643132883991,0.07088559440507211,0.03845694726121127,0.06258318317510206,6,9,0.00855488804996264,0.09249263781492363
YNL253W,0.7953428381735062,0.789170011437979,0.7888612745633408,0.6371365165765137,0.7345334853159735,-0.18834346597905038,0.025293120548698523,0.025671729793667743,0.02569051960195085,0.03367910741803383,0.02880672020245266,0.06094806634986232,6,11,0.00318076085983396,0.05639823454536463
YNL189W,0.5817286062736471,0.40246984685930787,0.6196044637999696,0.2994350102101586,0.597630329663458,0.6394608387187299,0.040167633451281895,0.04800948822628456,0.0383058293437135,0.05198420163014209,0.03939669425960554,0.03729266204863672,7,8,0.00392507052874887,0.06265038330887426
YPR168W,0.8102284702221427,0.8002445857274516,0.7606202137645437,0.3842507247566094,0.7668413763274557,-0.09754771302843235,0.02761627988249096,0.028333415208477118,0.031016542462948233,0.04974524806454022,0.03061084989613215,0.06641426195597792,7,10,0.004089332559069709,0.06394788940277629
YGL077C,0.748239511356443,0.6575209328362912,0.7876175583246829,0.554066080706946,0.6497438909996123,-0.7712873952068362,0.06070363561386272,0.07080076199362323,0.05575453788403554,0.08078973240386003,0.07160012413385002,0.16101466467675052,8,8,0.014893438266794396,0.12203867529105024
YML077W,0.694738670540084,0.647473272413296,0.7122744474409541,0.585659229003962,0.6857239082202968,0.516682908500133,0.02535983666511255,0.027252514613129615,0.02462066464960615,0.02954536716018664,0.02573156662281892,0.03190998742673886,7,9,0.0021437505593606037,0.04630065398415668
YJL014W,0.6550684759965822,0.4992887775400081,0.6556339662520049,0.3963173248874641,0.5222724481997587,0.30657625024037227,0.08694585515573718,0.10475532350927204,0.08687455520429707,0.1150235575980152,0.10232283966073327,0.12327692582877074,9,9,0.022300675450996735,0.14933410679076878
YDR416W,0.8182311830914537,0.8150467026540229,0.7993970358527003,0.6492265821591954,0.7795698751266673,0.15767685871758874,0.024766920353121155,0.024982929155226697,0.026018424210265817,0.034405324195439256,0.027273934338551756,0.05331527865620262,7,10,0.003433821949954404,0.0585988220867485
YIL146C,0.3071546291449311,0.36589076762388884,0.29990359194185057,0.29927559890225797,0.31820025056622137,0.34593369974309207,0.2166804205474856,0.20729248039393527,0.21781131385602154,0.21790898135373457,0.21494627767992314,0.2105292273977664,6,8,0.06895347500020159,0.26258993697436617
YHR084W,0.7490753930855268,0.7549107244683272,0.7565757302607249,0.5736401572003231,0.7231647993193744,0.5543475612321326,0.025841087162641878,0.025538848318931384,0.02545195182957975,0.03368428253252907,0.02714249774880931,0.03443795057873179,7,9,0.002707892674021603,0.052037416096704904
YDL130W,0.8959954930474633,0.8435477963935745,0.897994555740348,0.6525610679751267,0.895151807169361,0.6496888544917586,0.4181817815359173,0.5128966600285536,0.4141433617828537,0.7643253597777221,0.4198745035790027,0.7674781256492603,6,10,1.710925878741151,1.3080236537391634
YBL068W,0.7177714881492978,0.6298255498188108,0.7052089091654459,0.4945940415954516,0.6644364068876227,0.4224646462698448,0.0260331848369487,0.029814674958427604,0.026606272578825713,0.03483750450078792,0.028386658756038522,0.03724055513934976,8,10,0.0024434691256444378,0.049431458866236566
YPR149W,0.5093634657099292,0.4284223797736605,0.4743111447806322,0.3618403554157449,0.5217326152643592,0.3531143977102885,1.4456622569451665,1.5603589224207293,1.496412356456767,1.6487377025793888,1.4273230633517289,1.6599715442823528,7,8,4.3343795566716,2.0819172790174925
YDR485C,0.8295931436270064,0.8332908591332371,0.7861355643955941,0.6705971193867015,0.7998561841462521,0.6680231069778211,0.021197012997385987,0.02096577112289938,0.023746544331103382,0.029470997127301387,0.022972180579988923,0.029585918853255865,6,9,0.0026829674595788312,0.05179736923414963
YOR371C,0.7831876627182665,0.7546437849101184,0.7867752986911173,0.668409085060653,0.769070687348895,0.11933159536332427,0.026579619444404467,0.028275174558256434,0.02635879304955767,0.03287063353080055,0.02743129397712235,0.05356892988304447,7,10,0.003315634606363861,0.057581547446763366
YER058W,0.734451625259634,0.4955462432247677,0.6916987870383391,0.4431508139657183,0.698808221970738,0.6000286286767107,0.028972926531805762,0.03993293411613504,0.031218221520803332,0.041955542001435676,0.030856175602123073,0.03555780916628434,8,9,0.003216578986918333,0.056714892108848565
YDR216W,0.7263726997855646,0.3030142058811006,0.7416350532191125,0.3677627236136036,0.6886179523297731,0.5925454248777451,0.06625866336923139,0.10574867175068532,0.06438426667303138,0.10071705235090231,0.07068214865176177,0.0808541949456411,6,9,0.016325972241505008,0.12777312801017673
YGL236C,0.760282873449537,0.7245847890353811,0.6980450830290243,0.6707772178598845,0.7015247689409824,0.535823130502562,0.026719684419227112,0.02864018071753808,0.029988368981389884,0.0313131481806232,0.029815077418738817,0.03718121183351012,8,10,0.003030516993144429,0.0550501316360318
YDR380W,-0.6636601540332632,-1.665783592991207,-1.4294022860841973,-3.498589980659558,-1.0078876699897932,-0.17690852136128687,0.34133063467110003,0.432071286570702,0.4124702963015705,0.5612820668326153,0.3749839393235443,0.2870875205045551,6,9,0.07125889103862265,0.2669436102225012
YHL040C,0.7856598955623347,0.5547693817843781,0.6945529908731142,0.399834267156272,0.7629035271809501,0.4990973329880898,0.04601925569626971,0.06632547709422523,0.054935845085214915,0.07700580564235732,0.04840056349109301,0.07035007151490451,9,8,0.010053768488095785,0.10026848202748352
YCR089W,0.7204746162477145,-0.20919224719503382,0.7609041243137034,0.20713666965246802,0.6343615252801571,0.5319938680305349,0.0315895500222586,0.06570228752619085,0.029215872181235798,0.05320249255558045,0.03612923431989113,0.0408750771270346,8,8,0.0036326099216581146,0.06027113672113804
YFR037C,0.36339871394981726,0.16290273740948402,0.47129486113225727,0.2606490588959627,0.29034578289663115,-0.005421530038931088,0.03450396023436823,0.03956609137797577,0.031444301703804835,0.03718437650685209,0.036429950635009464,0.04336199742091381,8,7,0.001902933078507489,0.04362262117878165
YDL146W,0.7346507896109711,0.6062150874497008,0.7534718168489182,0.4472293710467308,0.7679340322048864,0.5096414404357043,0.03477827527181583,0.04236709407429163,0.033522193478740574,0.05019629007544677,0.03252406864278552,0.0472776652310318,7,8,0.004638220803863765,0.06810448446221265
YHR151C,0.565183109585657,0.6975813506151795,0.5282611045876765,0.6326730868628456,0.555809865367714,0.4915722383197386,0.03803531043678245,0.03172035558001808,0.03961727546545626,0.034959091421552985,0.038443083653631825,0.04112902274230813,6,9,0.003385483195948364,0.05818490522419336
YNL275W,0.7334308123549127,0.7591395950009738,0.7292608840378892,0.6876017854199559,0.7429751277008368,0.6163216698950643,0.04972757336676663,0.04726884588383216,0.05011500705211284,0.053832749774845125,0.048829229184081606,0.0596589943272595,7,9,0.009439255094996563,0.09715582892959415
YOR047C,0.7663776508192633,0.7273167854910627,0.7451654262606138,0.4165060632649613,0.7167141339666234,0.5395270101241558,0.025302076267857413,0.027335572232038138,0.026425799870878293,0.03998684515527138,0.027861944358314846,0.03552229752848104,7,10,0.002788374306184182,0.05280505947524519
YJL050W,0.6638599650350184,-0.1346885303050025,0.7220043920780166,-0.16788336647593338,0.006679894251547247,-0.2399703307135117,0.043340997822985464,0.07963007370479032,0.03941465708712253,0.08078644952123887,0.07450465333018064,0.08324236914905449,7,6,0.005686312304088778,0.0754076408866421
YMR211W,0.7884687033560367,0.7963039096981029,0.7221362242092217,0.6555246544051219,0.7397666422525455,0.6122702332487536,0.026890817941880217,0.026388095267112312,0.030820002037641445,0.03431592965687989,0.029826217419697796,0.03640669610097161,7,10,0.0034784561360084584,0.058978437890541476
YPL196W,0.6532060366367635,0.5211379626781419,0.6248186653865055,0.7014497334023778,0.6571952320564804,0.6686221531426393,0.037810895608361726,0.044431032366578554,0.039327995528772544,0.03508245134067938,0.03759279589063012,0.036960933868898205,6,10,0.004194841323416791,0.06476759470149243
YIL134W,0.7727345478919927,0.7518602558963949,0.720101167558985,0.5298939923025136,0.7223650063826231,0.5221972064345287,0.02473251190548387,0.025843401882607687,0.027447453603682774,0.03557127374881453,0.027336229911912355,0.035861285919546154,7,10,0.0027387738358114404,0.05233329567122102
YAR020C,0.7935650405243854,0.8012522765565107,0.7570522279841927,0.12321032685945355,0.7185803046767698,0.6419557918638156,0.038883244934573284,0.03815240848148828,0.04218201659629623,0.08013432644772145,0.04539919185943287,0.05120816390847671,6,9,0.007452378318769979,0.08632715863950335
YOR222W,0.6355111556087751,0.6025213011167878,0.5729199746350313,0.39079233066227037,0.6229381572274553,0.3787083440937502,0.0559959376781631,0.05847514816251137,0.06061345378701839,0.07239308464228401,0.05695353616188991,0.0731075384955279,10,9,0.008753504112941348,0.09356016306602585
YPR133W-A,0.8251341432814334,0.5367175638978507,0.8096532195931299,0.3963476110749441,0.6213066214125729,0.3731186921494536,0.33714641940710227,0.5487682285286998,0.35175380939749273,0.6264111847310382,0.49614646057571177,0.6383497636348691,8,10,0.6614320291413809,0.8132847159152696
YKR006C,0.8142771539975323,0.443025330144337,0.7270081655659464,0.14525873315505655,0.7232520442773148,0.1100212093547932,0.02289796201626449,0.039653533029330376,0.027761248521929422,0.049122617668357196,0.027951580921758597,0.05012495480269632,9,8,0.0028726417560113035,0.05359703122385888
YOR274W,0.7856262547129721,0.8282371829449562,0.7702285439200178,0.7295716025923376,0.7601034507759936,0.6036746013822123,0.020910213956229974,0.018717043771677468,0.02164814643928847,0.023485446758770213,0.02211997742055436,0.028431425266290385,7,10,0.002075384149760434,0.04555638429200055
YER050C,0.8010420245876158,0.5681974643702463,0.6933494253358663,0.4254953871915216,0.7207223557005016,0.645606974607638,0.02544924591376422,0.03749184699238923,0.03159483802762525,0.043245507878888534,0.030151736430986092,0.03396540714965594,8,9,0.003312391195134803,0.057553376922078195
YLR082C,0.8285859789724452,0.8414151954252085,0.7807966193298513,0.6962340328161776,0.7478413204214389,0.7065387432157504,0.02498991867664156,0.024036567945618776,0.028259553476300773,0.033266815473235775,0.030309490243209898,0.03269768894439165,6,10,0.0037071186035630313,0.06088611174613658
YOR297C,0.1940448320635101,0.14056438153729534,0.12294168406498507,-0.44956710147717605,0.26467340571547715,0.11592365562900708,0.08324609804201269,0.08596370364084983,0.08684057278445372,0.11164199946449319,0.07951491161951323,0.08718732013357725,8,8,0.008749233875510047,0.0935373394720528
YLR056W,0.6609637403843982,0.5941321946949655,0.6651092659463497,0.5221748824943044,0.42739800910786163,0.14040383727247463,0.30436676194397516,0.3330170363366187,0.3025002345093105,0.36133384095724524,0.3955492604123073,0.4846423747366012,7,9,0.27803625990852193,0.5272914373555879
YDL202W,0.8367827534594349,0.7510101242997433,0.7781001654030139,0.5122597412218958,0.7818632863885002,0.5429988845246667,0.021774481793990726,0.02689401537274863,0.025388865439231533,0.03764082267506489,0.025172664496329124,0.0364353910175149,6,9,0.0029558524219535243,0.054367751672784154
YNL313C,0.716698978511533,0.6320083165866122,0.6882669598623014,0.5866980751904926,0.6459190394272218,0.338943534835365,0.027191568907184435,0.030990543873012175,0.028523421101676164,0.03284308241202898,0.03039915302289725,0.041536459444522965,7,9,0.002655666469307163,0.05153315893002449
YPL242C,0.8375515830521366,0.8972843079152368,0.8120319873980868,0.7197990841062554,0.8014838651906218,0.7726793594977049,0.027889815481971378,0.022177178783344693,0.030000595408084467,0.036628798614568206,0.030830871744231075,0.032991900571558645,7,8,0.004872242955587004,0.06980145382144275
YBR008C,0.02888553456057641,-0.04024180584200732,0.2559918540099385,0.16697617735710313,-0.17907514043954187,-0.2644119988942708,0.12871278466629904,0.1332151525178784,0.11266144569507372,0.11921068550344374,0.1418264446551794,0.14686921677276984,9,8,0.017359055317218108,0.13175376775340472
YDL225W,0.7859493450393482,0.7866199542696787,0.7443490862271587,0.6456651171513502,0.7556916263307484,0.6461720204791801,0.01782426996722716,0.017796326822690937,0.019479470412039665,0.02293297646527748,0.019042442250831335,0.022916566900244136,6,10,0.0015102890707525676,0.038862437787053034
YDL036C,0.6932790108514457,0.7218777591193979,0.6509704376629777,0.5031113627791688,0.6590735611692775,0.5154415836515893,0.025688605457764715,0.024461700274591595,0.027403112074363314,0.03269627769871471,0.02708314666446143,0.03228805253663106,7,9,0.002189226512628746,0.04678917089058905
YMR182C,0.6786542739727921,0.5680953197865577,0.6216894571782525,0.6675764539281104,0.6226359688935357,0.5604034564800032,0.03847564003451751,0.044606027112477874,0.041746859583992914,0.03913321040063662,0.041694602729441185,0.04500147237511807,8,10,0.0046876191065071526,0.0684661895135632
YIL121W,0.7988773241772096,0.7125517593328046,0.7614845599097881,0.7178092647082813,0.7672284643327191,0.6926474021341532,0.026297486239314938,0.03143862509295002,0.0286379526244019,0.03114978783001431,0.028291023093047655,0.03250889153378863,6,9,0.0034988117192839177,0.05915075417341623
YBR256C,0.09831194758516659,0.32142971126952924,0.016144108457237127,-0.18345060973508343,0.20036254790274965,-0.5663209493538743,0.08675333327730508,0.07525847831815613,0.09061993746691908,0.09938780099409593,0.08169671164347665,0.11434005351684044,8,8,0.008493157220745605,0.09215832692028217
YGL208W,0.821287786946922,0.7250252150755414,0.847666696930397,0.8887478943331865,0.822493176606764,0.5305526190064681,0.04133270641549149,0.05126998169347326,0.03816050878280942,0.03261150537425133,0.041193078822943374,0.06699003228770775,7,9,0.009727171916657338,0.09862642605639392
YGL257C,0.758402570021298,0.7622552758909775,0.7047994307920986,0.4453533219459913,0.7329912815550601,0.5283128669511401,0.025786099326291494,0.02557967016485326,0.028503493455429116,0.0390703862112843,0.027108295885813136,0.036030186562517476,7,10,0.0028004777736421148,0.052919540565297
YOR193W,0.6526562390225932,0.6470893776287815,0.6217399384665874,0.5429495269376952,0.6771882235346306,0.5187268266799845,0.03511849829294094,0.03539880088171244,0.03664809714012519,0.040284526826302784,0.03385562771082557,0.041338242884084664,7,10,0.0036129795953659485,0.0601080659759233
YKL024C,0.8651726138143527,0.601596102128189,0.7659482228278172,0.2225851026709753,0.8176874618119077,0.49634862257311074,0.027636128190482213,0.04750616034750353,0.03641196465124367,0.06636125187478288,0.03213633970851341,0.05341376039422451,7,8,0.005764072300684588,0.07592148774019505
YPR165W,0.29250891355629394,0.20095988716253332,0.41198384835448687,0.35170028875612813,0.2663633049939569,0.22499504398402503,0.4685612489724559,0.4979550869453696,0.42716976917411986,0.44853237561895876,0.4771406360980877,0.49040865044842635,8,8,0.3157656632857551,0.5619303010923642
YML069W,0.49763421848482225,0.07398520096711048,0.43353036686993907,-0.9465511589349758,0.4894025534726596,0.33194257517048364,0.035244917978192424,0.04785148752820155,0.037426119161460644,0.06937761889915722,0.035532502769414935,0.040643713078388384,7,9,0.002516089564016491,0.05016063759579309
YLR251W,0.7290646110409884,0.35949103354233924,0.6000242783554302,0.509155647768588,0.7725763725570941,0.5961072075649325,0.05446317589756445,0.08373995089795795,0.06617392735212804,0.07330641719201585,0.04989854546191881,0.06649716750032979,8,8,0.011140208724072415,0.1055471871916652
YGR100W,0.8033010667323951,0.6723740854363617,0.7405729808989798,0.3768972415976338,0.8103949487843832,0.697733633865348,0.025717405762321895,0.033190613336725475,0.029534781176634953,0.045772643161677645,0.025249402548777184,0.031880202199137356,6,9,0.0034214125763741793,0.058492842095201524
YKL012W,0.7543624742466764,0.7097971324939929,0.6775601951900163,0.4489160404287792,0.6677496041197599,0.5960847753023781,0.024997319989217535,0.027170456939206653,0.028639828783456306,0.03744164986116898,0.029072263486871783,0.03205466217141442,7,10,0.0025884830349655564,0.05087713666241012
YLR034C,0.47366237493334074,0.5982817859408921,0.3120425508474173,0.19848772940903814,0.5078300896145291,0.29394216285823827,0.08902709791943543,0.07777692520499821,0.10178195703202839,0.10986139165219479,0.08608897515030711,0.1031122223841807,7,8,0.015322624350997962,0.12378458850356922
YBR262C,0.7751138560024708,0.7003252461776337,0.7709738626224778,0.5791360774561267,0.7486554152180137,0.46311042748524955,0.0426080378669189,0.0491852932130082,0.04299844108088597,0.05828825252417008,0.04504483003009043,0.06583436799088134,8,8,0.008214355799774,0.09063308336239036
YDR466W,0.8055587147952666,0.8133840270650631,0.7527303718332687,0.6911218570915975,0.7838222343761274,0.654631893233417,0.022877590655033832,0.0224125076166457,0.025798914388949695,0.028834314576961034,0.02412245780151403,0.030489981329101697,6,10,0.0027389570674871437,0.0523350462643069
YPR080W,0.8106107848278213,0.7588935284767785,0.8665393658457463,0.8055564216598932,0.6679703413966293,0.5730280382624565,0.9333335063833482,1.0530855865608637,0.7834942743066151,0.9457057669091579,1.2357985303660584,1.4013896749233117,7,9,4.680277544163493,2.1633949117448465
YNR036C,0.5502780312878088,0.397739387451051,0.5925831022991247,0.2705595785807613,0.44911143674254606,-0.30159676965010274,0.12862407268451173,0.14884780542849094,0.12242489040088639,0.16381177569418462,0.1423580673136742,0.2188207167263235,6,8,0.037432906389154426,0.1934758547962883
YGR116W,0.9273035765341456,0.7782527529213019,0.8693875328490315,0.5069800843872418,0.8756932338289679,0.7088907852275239,0.031504329735233295,0.055022819425036555,0.04222853726319307,0.08204383515849747,0.04119657451863636,0.06304370065804532,6,6,0.01389250563479565,0.11786647375227466
YGL103W,0.9118299470211153,0.9221110478037388,0.8950096460509623,0.8933728667628246,0.906806212984227,0.8663184768134354,0.6950570818751161,0.6532777285979369,0.7584633880926559,0.764352672338006,0.7145841875677056,0.8558459788047769,6,9,5.575360854589284,2.361220204595345
YGR105W,0.7747376465653872,0.685448458031028,0.7250546895122247,0.486244946185898,0.7816097773635376,0.6592187972563207,0.163189853151705,0.19283894742752458,0.18029015055924674,0.24644890711110365,0.16068133767460202,0.20071815613540894,7,9,0.12029589953525283,0.34683699274335317
YDR028C,0.7334418798534557,0.6010296916037255,0.6787978932998178,0.42146015573106965,0.6764242115723096,0.5715820160892635,0.03390084752891408,0.04147485587654069,0.03721378034378498,0.049943759946119416,0.0373510320499288,0.04297822190443668,7,8,0.0043871484748207205,0.06623555295172466
YMR129W,0.8432349804842073,0.8044675493595107,0.807302218384313,0.6688642280892538,0.8012670638400964,0.634163964724215,0.020666147196014045,0.02308045465584473,0.022912543126773443,0.030035715881853452,0.02326857902575025,0.031570261470092224,7,8,0.0027721901350831525,0.05265159195203078
YMR136W,0.831982540977113,0.6784790065178172,0.8289904547471296,0.6706130370178311,0.8034702868287348,0.7631861903806556,0.07338467197022693,0.10151560766257763,0.07403521247317024,0.10274988725825725,0.07936741968829471,0.08712276763242688,6,11,0.032614403504608466,0.18059458326486005
YOR032C,0.3936617449630466,0.5146505762564199,0.406803241403785,0.4124653992466103,0.41313501014891707,0.45253143199685597,0.06811466568891188,0.06094111609889586,0.06737247924120413,0.06705016772868089,0.06701194842812125,0.06472361108390447,6,9,0.007786090138124249,0.08823882443756971
YBR133C,0.776986956703628,0.8407813126423467,0.7177321352588704,0.5169065734042714,0.7571717600563398,0.5781681947709223,0.022144392821939588,0.018710942506285744,0.024913191350540303,0.032592239932292426,0.023107248812953795,0.0304556803380503,7,9,0.002237434999539938,0.04730153273985885
YGR141W,0.7097906729371208,0.6173814026687509,0.6775587644906514,0.6489925989989743,0.6627173497133514,0.6774604396503996,0.033997579195540556,0.03903690238375938,0.03583584086223708,0.037389568046762474,0.036651293967338405,0.035841304314742514,6,10,0.0040526375114820976,0.06366032918138342
YDR351W,0.6978799766087813,0.6535641013149645,0.6633267744010136,0.4751200030557101,0.6713832505952906,0.5203891377876984,0.027390058003132326,0.029330174132506163,0.028913954087637254,0.03610216179707177,0.02856590876702188,0.034510217969082456,7,10,0.0025267340455618972,0.05026662954248969
YOR258W,0.7976627884771172,0.8059137487001018,0.7658201774835458,0.6812607943494154,0.7337333479562734,0.7193379907234814,0.027760171239773805,0.027188274525190407,0.02986475778119992,0.03484191392119816,0.03184510236863235,0.0326946035468461,6,11,0.003875445723361125,0.062253078023187934
YBL008W,0.7836380836307686,0.7979619568477597,0.7580934215409152,0.6073312092568792,0.7658865813544875,0.3356999796502699,0.024738090893503314,0.023905198149994936,0.026157703372160678,0.03332644305148187,0.02573291139215175,0.04334688604193565,6,10,0.002878092052430593,0.053647852262980605
YOR305W,0.7032074873045995,0.750782712050903,0.7246646695908037,0.3547396686645623,0.663508857912851,0.4869676958976331,0.022207956439588086,0.020350318439413963,0.02139011393873491,0.03274534798277652,0.023646613050387823,0.02919809267579707,8,9,0.001690897924657062,0.0411205292361013
YLR410W,0.7990130481788107,0.7040412990100706,0.6877959574722718,0.42037242240882877,0.825269604817173,0.6112173333131399,0.031142170491171798,0.03779031416146112,0.038813625143606936,0.052885847239939075,0.029036828243750017,0.04331301274876039,7,9,0.004910017388060253,0.07007151623919845
YGR229C,-0.18478997213820203,-0.5470687690835232,-0.17597027065819204,-0.25677107930293674,-0.18359205942408208,-0.0901074864157434,0.15169469084772907,0.17334228049958286,0.1511290205169709,0.15623480347167384,0.15161798402256807,0.1455071577167236,8,8,0.019762984524854726,0.14058088250133702
YMR112C,0.7948734603655413,0.8256173341571632,0.7834249158621883,0.8051788393992731,0.7896858942805604,0.7424759739022788,0.0238343279522744,0.021975746678366333,0.02449041981083585,0.023227905313973826,0.024133826417553045,0.026705509042647985,8,9,0.0028179748039990683,0.05308460044117379
YOR251C,0.6911907129259585,0.6972943248087982,0.6370663128830125,0.5238223125769874,0.7396086137178471,0.6197285844559979,0.05375861488388371,0.05322469429213263,0.05827959625308469,0.06675555558831724,0.04936466576541256,0.059655396237844646,6,8,0.009522674197350029,0.09758419030432147
YER044C-A,0.8628849728579232,0.862052061211999,0.8605575939242122,0.8084179520921803,0.8594606265079985,0.7917652991467431,0.026049850714004286,0.026128851440568267,0.02627000441452667,0.03079215735751067,0.02637313260326776,0.03210253022058926,7,9,0.0050359169755457905,0.07096419502499687
YLR102C,0.27110312067297315,0.1934854331568009,0.28095037835284686,0.2912173490506108,0.3313426684294808,0.08448155495558851,0.1962435474499816,0.20642792561375395,0.19491343334709255,0.1935168917527312,0.18795944150254001,0.21993578097479805,7,7,0.053762297387867454,0.23186698209936543
YGL113W,0.8162295244310742,0.8033704340352795,0.7186508668013388,0.680311065102905,0.7562233755764054,0.61448706177342,0.02454451489234966,0.02538873096867859,0.03036962113584163,0.03237280905696878,0.028269141056822416,0.03554971000548133,7,10,0.003335694774201583,0.057755473976079386
YHR083W,0.7438475466285036,0.7261390403254653,0.6982087543475748,0.5502821222297103,0.708016799711018,0.6038612497857156,0.026297411588367556,0.02719122707086635,0.028544146560775883,0.034844466547544174,0.02807648112434484,0.03270298591597639,7,9,0.002747138943156171,0.05241315620296273
YCR010C,0.5998843205762996,0.6124236265457004,0.6423702397858674,0.4924489893533587,0.5438379844940378,0.43189462975347914,5.158451507876157,5.076977215837203,4.876894859755066,5.809870008616515,5.50790101152468,6.146685807113611,7,9,67.67157305876074,8.22627333965756
YKR082W,0.7942216630246084,0.7772296701196479,0.7299057872540078,0.5054963368223007,0.8009733992144042,0.5673532556066077,0.024059974964731844,0.025033640924248205,0.02756468183034842,0.037297532504791876,0.023661970435422838,0.034886874632659284,7,10,0.0028624890037405515,0.053502233633190975
YER139C,0.8489167302684276,0.8395333880375107,0.800569684850305,0.7643308833167877,0.7745300228741858,0.6585146120771204,0.024200723810534435,0.024940922295235427,0.027804542625759102,0.030225361565253805,0.029564090844247815,0.03638364706817594,6,10,0.0039445137412681165,0.06280536395299463
YDR060W,0.691750477269746,-0.33751102505952524,0.7325231693270471,-0.09183504935172282,0.16429194208204556,0.35662559669316074,0.04368986014331254,0.09100769886661457,0.04069794985722313,0.08222577279539262,0.07193773221748054,0.06311917841711455,7,6,0.006301037060805996,0.07937907193212829
YBR130C,0.787341024611103,0.7867527299281841,0.7266005776392734,0.6969850991951262,0.8024979686822756,0.5990303526643923,0.018657059737973665,0.01868284813621271,0.02115437213301757,0.02227067274876442,0.0179798939956043,0.025618700283200214,8,10,0.001665542906003523,0.040811063524533675
YNL272C,0.797256971637958,0.8548552151619722,0.7301151032472561,0.6732614690308878,0.744570239002886,0.11375117578445093,0.022516142847357028,0.019051174219926772,0.025978275686224957,0.02858388175954963,0.02527299893957645,0.047075925473761784,6,10,0.002544457487700699,0.05044261578963465
YIL020C,0.6787176815038234,0.5880727503089889,0.6420459411637162,0.47967871559037245,0.6198580166482084,0.5761699881570638,0.0251713792226784,0.028501903225048413,0.026569124609365346,0.032033131447154306,0.0273801938239473,0.028910756320458485,7,10,0.0020066902380424375,0.044796096236641395
YNL242W,0.7975415537594566,0.7694118655022364,0.7581424380362803,0.5946792739921376,0.7589444910209562,0.679535196806276,0.026555647032688413,0.028340493970603505,0.029024769073774995,0.03757407896214289,0.028976602842271982,0.03341020239998781,7,9,0.0035443043962449117,0.05953406080761593
YNL216W,0.7884234877987167,0.7128740967444565,0.7592163062009539,0.6089547855624259,0.752324745934877,0.666692804795721,0.019360315370251274,0.02255354880457983,0.020653432373721217,0.02632038201720449,0.020946912051384586,0.024299707457441568,7,9,0.001802646373726457,0.04245758322993028
YOR306C,0.7651629924902535,0.6471239245512241,0.7393713639207031,0.7161348911907802,0.7735806479741435,0.6728735800545425,0.02156652496756778,0.02643674677017831,0.022719981287408146,0.023711166001378552,0.021176475264689593,0.025453922301957057,8,8,0.0020153335986592335,0.04489246705917635
YDL192W,0.9258873247305193,0.8306803234426259,0.8913765954854987,0.7127705277548864,0.9374706267929611,0.743146837099401,0.13393190913241768,0.20243776292627885,0.1621434911067102,0.2636648973384256,0.12302116968908627,0.24933329325024456,5,9,0.24627978542335202,0.49626584148352587
YHR143W,0.7527887557530025,0.5832890153030834,0.7485330123956997,0.4155118891374626,0.7233591294414383,0.49312186628878385,0.11357519677371883,0.14745749847387582,0.11454862417718416,0.1746373885329642,0.12014551379431504,0.1626301887139683,7,8,0.0530947907130613,0.23042306896893222
YPL252C,0.8067490613921023,0.6696988688637815,0.7948687710817024,0.6473469135142321,0.7465972096412269,0.6432183338447186,0.024036822152578793,0.03142470972022498,0.024764646615573236,0.03247058318438441,0.027524658578448647,0.0326600999015819,6,9,0.003042185039324138,0.05515600637577142
YJL004C,0.4999148442617901,0.4945422676658503,0.5344617503244062,0.5488920881571235,0.4752525173055896,0.39058144775668446,0.027064948679313944,0.027209944036002857,0.026113369316355817,0.025705464042931715,0.027724288415938377,0.029877417907543804,7,9,0.0014904712057117646,0.0386066212677536
YJL074C,0.3286180672750305,0.05229274211745405,0.27408259234444654,-0.6198044132950267,-0.1827632298245203,-0.23040603060137088,0.05449829611108877,0.06474931862967305,0.05666849839032146,0.08465047282412463,0.07233475362485156,0.0737772265045051,7,10,0.004501417930038041,0.06709260711910099
YBL020W,0.7566674413748339,0.7445173610593523,0.7361790674056277,0.4890691981739439,0.7406366904250461,0.6708770947111048,0.01928389381303203,0.019759471147498403,0.020079331307884918,0.027943169338011102,0.01990897446885627,0.02242712863470593,7,9,0.0015550429115001021,0.0394340324022297
YHR148W,0.7762272461411769,0.5925935629844326,0.8077930461089442,0.5570212018360761,0.7095748375009476,0.5513662702202247,0.030413995319327,0.041037775827874885,0.028187361124495075,0.04279187751230548,0.03464870376913257,0.0430641453447034,8,9,0.004206228685857411,0.06485544453519235
YGR156W,0.6667603867934272,0.7667813905147574,0.6659366413447753,0.5412735361253282,0.6740490996550659,0.6027205592866182,0.03470348171446931,0.029031958783755092,0.0347463475527581,0.040716612181684916,0.03432186117204504,0.03789158596710597,6,9,0.0036774147486016615,0.06064169150511603
YMR025W,0.8105042939770882,0.8751444211630875,0.7462244494135222,0.7221871256726056,0.7682198250066739,0.6992093892736324,0.029733516271891174,0.024135181063198934,0.03440895429531,0.03600168013276752,0.0328840067190186,0.03746094448230908,6,10,0.004747295963165571,0.06890062382276065
YMR214W,0.7041256940243577,0.6776322075267565,0.6383262464573043,0.4672692957019261,0.6186246246227187,0.6159269882855232,0.03250996932896632,0.03393428916511852,0.035943588231971045,0.04362312743316214,0.03690959312163008,0.03703990201508258,7,8,0.0036347873271899596,0.06028919743361956
YNL268W,0.656074824384193,0.562658685234536,0.6575932562851492,0.5302812188612027,0.6001516515345773,0.5267642989006338,0.05841164239655291,0.06586848687684509,0.058282555867765116,0.06826316125663262,0.06298180270896664,0.06851823767554986,6,8,0.010094574223273055,0.10047175833672393
YDR345C,0.7941654496884532,0.4051269594861385,0.7836952680668972,0.4737709959278391,0.8187721177188678,0.6790630989178833,0.09427667664009816,0.16027185772638433,0.0966447211680693,0.15074139080647583,0.08846217948047701,0.1177212743309377,7,8,0.04393831443248451,0.20961468086106114
YLR142W,0.799234715591716,0.6950807606247973,0.7703619758245701,0.48767510721439544,0.7286947630565488,0.5484779343802828,0.056832059776934556,0.07003925231621506,0.06078144044815697,0.09078661346747219,0.0660660247688773,0.08522923235029788,8,8,0.01637009925563062,0.12794568869497175
YKR085C,0.7060922775103856,0.15590200460013381,0.7160530690825836,0.45544913551203026,0.6487128831397277,0.41082500243706777,0.020088038095773305,0.03404304971802147,0.01974470339148671,0.02734332034472895,0.02196155746025153,0.028441610131735857,8,10,0.0013970668481109497,0.037377357425464816
YDL098C,0.7930976045452183,0.8417238230912346,0.7627994268276911,0.7007631226726478,0.8029093536640062,0.6811150607025442,0.025535146554691815,0.022333838487535892,0.02734094129566243,0.03070882166567407,0.02492232770061873,0.03170097352939404,7,9,0.003206744278803552,0.05662812268478933
YPR191W,0.06954440895629044,0.044663754584880144,-0.001390623980710215,0.0717007981194534,0.30548060790347953,0.07431050828906816,0.17350221335088772,0.17580665953168656,0.1799943839855663,0.17330104560035176,0.14989922334601208,0.17305727516019567,8,8,0.032920583696815775,0.1814403033970561
YPR179C,0.8324515421153871,0.8472625731825891,0.7445326327285151,0.6985027608938263,0.7463155767291794,-0.4307626874525179,0.02327507353334456,0.022222533989085975,0.02874011889583951,0.03122212901900835,0.028639652556721237,0.06801499134557767,7,10,0.00328999188251484,0.05735845083782197
YGR157W,0.8582347821394168,0.7065424393919204,0.8279937878102628,0.5961300937475904,0.9116060099112526,0.5883630242732292,0.11847336674152988,0.17045452587641235,0.13049923072355873,0.19996621775849202,0.09355074591178095,0.20187989718034394,6,8,0.10074532653302663,0.3174040430319479
YGL116W,0.04819389383400885,0.026204361037761026,0.12174464278360553,0.2307991840669954,0.19543676120775477,-0.07749756986463852,0.1711335971704422,0.17309915526492647,0.16438850264835006,0.15384412072109604,0.15734071831868046,0.18208290999346508,6,8,0.031309433490277615,0.17694471874084747
YMR138W,0.8298173832759328,0.8007823731191581,0.7770801027683836,0.6877281192694399,0.7273701777012986,0.574672396226791,0.025494002658018267,0.027583178469083112,0.029177954673721838,0.03453399864787208,0.032267632975149965,0.040303449005732093,7,10,0.0038861001997893894,0.06233859318102542
